---------------------------------
plain	jelly	coconut	honey-dip
554				
			530
555				
556				
	553			
557				
			531
558				
			532
	554			
	555			
		547	

---------------------------------
plain	jelly	coconut	honey-dip
764				
	783			
765				
		790		
			771
	784			
	785			
		791		
766				
	786			
767				
			772


---------------------------------
plain	jelly	coconut	honey-dip
826				
	830			
827				
			836
			837
		856		
			838
828				
			839
	831			
829				
		857	

---------------------------------
plain	jelly	coconut	honey-dip
		909		
	895			
			905
		910		
879				
880				
	896			
		911		
		912		
			906
	897			
		913	

---------------------------------
plain	jelly	coconut	honey-dip
			981
			982
	959			
		986		
	960			
	961			
	962			
962				
963				
			983
			984
	963	

---------------------------------
plain	jelly	coconut	honey-dip
1010				
	1024			
		1045		
			1037
1011				
	1025			
	1026			
	1027			
1012				
		1046		
	1028			
		1047	

---------------------------------
plain	jelly	coconut	honey-dip
			1138
	1167			
			1139
1125				
		1154		
			1140
	1168			
	1169			
		1155		
1126				
			1141
		1156	

---------------------------------
plain	jelly	coconut	honey-dip
1198				
1199				
		1223		
1200				
1201				
			1207
	1244			
1202				
			1208
			1209
1203				
		1224	

---------------------------------
plain	jelly	coconut	honey-dip
			1293
		1309		
		1310		
	1325			
		1311		
1269				
		1312		
			1294
	1326			
		1313		
		1314		
1270	

---------------------------------
plain	jelly	coconut	honey-dip
			1375
1360				
	1423			
		1410		
	1424			
		1411		
1361				
1362				
		1412		
	1425			
1363				
			1376


---------------------------------
plain	jelly	coconut	honey-dip
	1505			
		1490		
		1491		
		1492		
			1475
1446				
			1476
		1493		
			1477
			1478
			1479
		1494	

---------------------------------
plain	jelly	coconut	honey-dip
1544				
	1582			
		1575		
		1576		
			1575
1545				
		1577		
			1576
		1578		
			1577
1546				
		1579	

---------------------------------
plain	jelly	coconut	honey-dip
1649				
		1684		
		1685		
	1711			
		1686		
	1712			
		1687		
			1688
1650				
1651				
		1688		
	1713	

---------------------------------
plain	jelly	coconut	honey-dip
		1814		
	1830			
1796				
			1832
		1815		
			1833
1797				
1798				
			1834
			1835
1799				
		1816	

---------------------------------
plain	jelly	coconut	honey-dip
			1944
			1945
1898				
			1946
		1915		
			1947
1899				
	1935			
			1948
			1949
			1950
	1936	

---------------------------------
plain	jelly	coconut	honey-dip
1992				
		1993		
	2022			
	2023			
			2045
	2024			
		1994		
1993				
1994				
	2025			
		1995		
1995	

---------------------------------
plain	jelly	coconut	honey-dip
			2130
			2131
	2114			
2076				
		2092		
		2093		
	2115			
2077				
		2094		
			2132
		2095		
	2116	

---------------------------------
plain	jelly	coconut	honey-dip
			2236
2175				
		2202		
		2203		
		2204		
			2237
		2205		
2176				
	2219			
		2206		
	2220			
			2238


---------------------------------
plain	jelly	coconut	honey-dip
			2354
	2343			
2295				
		2332		
	2344			
2296				
		2333		
		2334		
	2345			
			2355
			2356
2297	

---------------------------------
plain	jelly	coconut	honey-dip
	2452			
2427				
	2453			
2428				
2429				
			2466
		2447		
	2454			
		2448		
		2449		
	2455			
	2456	

---------------------------------
plain	jelly	coconut	honey-dip
	2575			
2532				
			2587
			2588
	2576			
	2577			
		2554		
	2578			
2533				
			2589
		2555		
	2579	

---------------------------------
plain	jelly	coconut	honey-dip
		2677		
		2678		
2624				
2625				
	2679			
			2700
	2680			
	2681			
	2682			
			2701
			2702
	2683	

---------------------------------
plain	jelly	coconut	honey-dip
	2775			
2742				
			2812
			2813
		2783		
	2776			
			2814
			2815
2743				
			2816
		2784		
2744	

---------------------------------
plain	jelly	coconut	honey-dip
		2892		
	2882			
			2929
		2893		
		2894		
2865				
			2930
2866				
			2931
2867				
2868				
			2932


---------------------------------
plain	jelly	coconut	honey-dip
			3061
		3019		
		3020		
3006				
		3021		
		3022		
3007				
			3062
	2998			
		3023		
	2999			
			3063


---------------------------------
plain	jelly	coconut	honey-dip
			3325
		3251		
	3243			
3261				
			3326
3262				
3263				
	3244			
		3252		
3264				
	3245			
			3327


---------------------------------
plain	jelly	coconut	honey-dip
3387				
3388				
			3462
			3463
		3378		
	3369			
	3370			
		3379		
3389				
	3371			
3390				
			3464


---------------------------------
plain	jelly	coconut	honey-dip
		3524		
		3525		
3522				
			3589
			3590
	3477			
3523				
		3526		
		3527		
	3478			
		3528		
			3591


---------------------------------
plain	jelly	coconut	honey-dip
	3646			
			3749
			3750
3667				
	3647			
	3648			
			3751
			3752
3668				
			3753
		3698		
	3649	

---------------------------------
plain	jelly	coconut	honey-dip
		3796		
	3758			
3752				
		3797		
		3798		
3753				
		3799		
3754				
3755				
		3800		
		3801		
	3759	

---------------------------------
plain	jelly	coconut	honey-dip
	3946			
	3947			
3911				
		3944		
			4027
3912				
			4028
3913				
3914				
			4029
	3948			
		3945	

---------------------------------
plain	jelly	coconut	honey-dip
		4059		
4043				
		4060		
			4128
	4066			
4044				
4045				
4046				
4047				
	4067			
4048				
		4061	

---------------------------------
plain	jelly	coconut	honey-dip
		4219		
			4304
	4213			
	4214			
	4215			
		4220		
			4305
4208				
		4221		
	4216			
		4222		
4209	

---------------------------------
plain	jelly	coconut	honey-dip
	4395			
	4396			
4378				
4379				
		4392		
	4397			
	4398			
4380				
	4399			
		4393		
		4394		
			4463


---------------------------------
plain	jelly	coconut	honey-dip
		4582		
4572				
		4583		
			4671
		4584		
4573				
		4585		
			4672
			4673
		4586		
			4674
			4675


---------------------------------
plain	jelly	coconut	honey-dip
			4878
		4802		
			4879
4828				
	4836			
		4803		
4829				
	4837			
4830				
			4880
4831				
			4881


---------------------------------
plain	jelly	coconut	honey-dip
4966				
	4982			
			5006
4967				
			5007
		4942		
			5008
		4943		
	4983			
			5009
			5010
		4944	

---------------------------------
plain	jelly	coconut	honey-dip
5077				
		5075		
		5076		
	5116			
			5156
5078				
		5077		
			5157
		5078		
			5158
	5117			
			5159


---------------------------------
plain	jelly	coconut	honey-dip
			5265
5204				
5205				
			5266
5206				
		5218		
	5265			
5207				
		5219		
			5267
			5268
5208	

---------------------------------
plain	jelly	coconut	honey-dip
			5365
5304				
5305				
5306				
5307				
	5361			
		5318		
	5362			
	5363			
			5366
			5367
			5368


---------------------------------
plain	jelly	coconut	honey-dip
	5435			
		5386		
	5436			
5397				
5398				
			5442
		5387		
		5388		
	5437			
			5443
	5438			
5399	

---------------------------------
plain	jelly	coconut	honey-dip
		5510		
			5553
5523				
5524				
	5578			
		5511		
	5579			
		5512		
	5580			
	5581			
	5582			
		5513	

---------------------------------
plain	jelly	coconut	honey-dip
5669				
		5668		
	5713			
5670				
	5714			
5671				
		5669		
	5715			
5672				
5673				
			5690
	5716	

---------------------------------
plain	jelly	coconut	honey-dip
5778				
	5826			
	5827			
5779				
	5828			
		5777		
			5791
		5778		
		5779		
5780				
5781				
		5780	

---------------------------------
plain	jelly	coconut	honey-dip
			5933
5907				
		5915		
5908				
		5916		
			5934
5909				
			5935
	5993			
	5994			
5910				
			5936


---------------------------------
plain	jelly	coconut	honey-dip
6050				
6051				
			6084
6052				
		6028		
		6029		
		6030		
6053				
			6085
		6031		
6054				
		6032	

---------------------------------
plain	jelly	coconut	honey-dip
6187				
		6177		
		6178		
		6179		
			6231
			6232
			6233
			6234
	6293			
			6235
6188				
	6294	

---------------------------------
plain	jelly	coconut	honey-dip
	6449			
	6450			
			6384
	6451			
			6385
			6386
	6452			
		6334		
			6387
			6388
	6453			
6321	

---------------------------------
plain	jelly	coconut	honey-dip
	6573			
			6496
		6450		
			6497
			6498
6437				
6438				
			6499
		6451		
			6500
			6501
	6574	

---------------------------------
plain	jelly	coconut	honey-dip
	6760			
6658				
	6761			
		6629		
		6630		
			6689
	6762			
6659				
			6690
6660				
			6691
	6763	

---------------------------------
plain	jelly	coconut	honey-dip
		6771		
6829				
	6893			
	6894			
		6772		
		6773		
	6895			
6830				
		6774		
6831				
	6896			
6832	

---------------------------------
plain	jelly	coconut	honey-dip
6987				
		6918		
6988				
6989				
			7037
	7042			
6990				
		6919		
	7043			
		6920		
6991				
6992	

---------------------------------
plain	jelly	coconut	honey-dip
7120				
		7055		
7121				
			7193
			7194
		7056		
			7195
	7192			
		7057		
7122				
	7193			
7123	

---------------------------------
plain	jelly	coconut	honey-dip
7234				
7235				
			7332
7236				
		7193		
	7329			
	7330			
		7194		
7237				
7238				
		7195		
7239	

---------------------------------
plain	jelly	coconut	honey-dip
		7348		
7364				
			7470
7365				
		7349		
	7470			
		7350		
7366				
		7351		
		7352		
	7471			
	7472	

---------------------------------
plain	jelly	coconut	honey-dip
		7489		
	7635			
7512				
	7636			
			7616
		7490		
7513				
			7617
	7637			
	7638			
		7491		
	7639	

---------------------------------
plain	jelly	coconut	honey-dip
			7814
		7660		
7672				
7673				
		7661		
			7815
			7816
	7802			
	7803			
			7817
			7818
	7804	

---------------------------------
plain	jelly	coconut	honey-dip
7857				
	7984			
			8002
			8003
			8004
	7985			
7858				
	7986			
			8005
7859				
		7825		
7860	

---------------------------------
plain	jelly	coconut	honey-dip
7975				
			8114
		7928		
		7929		
		7930		
	8095			
			8115
			8116
		7931		
			8117
7976				
7977	

---------------------------------
plain	jelly	coconut	honey-dip
			8305
	8274			
			8306
			8307
			8308
			8309
8170				
			8310
8171				
		8119		
	8275			
	8276	

---------------------------------
plain	jelly	coconut	honey-dip
	8451			
	8452			
		8269		
	8453			
		8270		
8318				
8319				
			8454
			8455
8320				
			8456
	8454	

---------------------------------
plain	jelly	coconut	honey-dip
		8406		
	8598			
		8407		
	8599			
			8588
			8589
8464				
	8600			
	8601			
8465				
	8602			
			8590


---------------------------------
plain	jelly	coconut	honey-dip
			8713
8596				
		8538		
8597				
	8713			
	8714			
		8539		
	8715			
		8540		
		8541		
	8716			
8598	

---------------------------------
plain	jelly	coconut	honey-dip
8748				
			8881
			8882
	8874			
		8717		
		8718		
			8883
8749				
	8875			
8750				
		8719		
8751	

---------------------------------
plain	jelly	coconut	honey-dip
	9002			
			9002
8872				
			9003
8873				
8874				
		8848		
	9003			
			9004
		8849		
	9004			
			9005


---------------------------------
plain	jelly	coconut	honey-dip
8997				
	9120			
		8976		
			9135
			9136
		8977		
			9137
		8978		
8998				
8999				
			9138
			9139


---------------------------------
plain	jelly	coconut	honey-dip
			9271
9129				
		9091		
9130				
9131				
		9092		
9132				
			9272
		9093		
			9273
	9253			
		9094	

---------------------------------
plain	jelly	coconut	honey-dip
			9405
9269				
	9402			
9270				
	9403			
	9404			
		9244		
9271				
9272				
			9406
		9245		
9273	

---------------------------------
plain	jelly	coconut	honey-dip
	9538			
			9540
			9541
			9542
			9543
			9544
			9545
9404				
9405				
9406				
	9539			
			9546


---------------------------------
plain	jelly	coconut	honey-dip
		9501		
9524				
9525				
			9649
	9642			
			9650
	9643			
		9502		
		9503		
9526				
			9651
9527	

---------------------------------
plain	jelly	coconut	honey-dip
		9626		
9660				
			9765
		9627		
		9628		
	9769			
		9629		
9661				
		9630		
		9631		
	9770			
			9766


---------------------------------
plain	jelly	coconut	honey-dip
			9924
	9940			
9808				
	9941			
		9796		
9809				
			9925
		9797		
9810				
9811				
	9942			
			9926


---------------------------------
plain	jelly	coconut	honey-dip
	10077			
		9927		
		9928		
		9929		
		9930		
9930				
9931				
		9931		
		9932		
9932				
		9933		
			10062


---------------------------------
plain	jelly	coconut	honey-dip
10090				
	10258			
		10110		
		10111		
			10234
			10235
	10259			
		10112		
			10236
	10260			
		10113		
	10261	

---------------------------------
plain	jelly	coconut	honey-dip
	10506			
	10507			
10300				
		10313		
	10508			
10301				
10302				
10303				
10304				
		10314		
		10315		
10305	

---------------------------------
plain	jelly	coconut	honey-dip
		10461		
10437				
10438				
		10462		
	10648			
	10649			
		10463		
		10464		
	10650			
		10465		
	10651			
			10610


---------------------------------
plain	jelly	coconut	honey-dip
			10767
		10586		
10599				
10600				
	10804			
			10768
10601				
	10805			
	10806			
		10587		
10602				
	10807	

---------------------------------
plain	jelly	coconut	honey-dip
		10739		
10728				
	10921			
		10740		
10729				
	10922			
			10884
			10885
		10741		
	10923			
		10742		
			10886


---------------------------------
plain	jelly	coconut	honey-dip
			11033
		10891		
			11034
			11035
		10892		
	11070			
10890				
		10893		
10891				
		10894		
10892				
	11071	

---------------------------------
plain	jelly	coconut	honey-dip
	11259			
			11222
			11223
11049				
		11074		
		11075		
			11224
11050				
		11076		
		11077		
			11225
			11226


---------------------------------
plain	jelly	coconut	honey-dip
		11222		
			11377
	11409			
			11378
			11379
		11223		
		11224		
		11225		
11184				
	11410			
	11411			
		11226	

---------------------------------
plain	jelly	coconut	honey-dip
		11385		
	11578			
			11547
			11548
	11579			
	11580			
			11549
	11581			
			11550
		11386		
			11551
			11552


---------------------------------
plain	jelly	coconut	honey-dip
11475				
11476				
	11715			
11477				
	11716			
11478				
			11696
		11518		
			11697
		11519		
		11520		
11479	

---------------------------------
plain	jelly	coconut	honey-dip
11628				
11629				
		11666		
		11667		
11630				
11631				
	11829			
			11821
		11668		
		11669		
	11830			
11632	

---------------------------------
plain	jelly	coconut	honey-dip
		11806		
	11964			
11805				
11806				
11807				
			11981
			11982
		11807		
			11983
	11965			
			11984
			11985


---------------------------------
plain	jelly	coconut	honey-dip
13098				
		13070		
13099				
	13119			
	13120			
13100				
			13225
			13226
		13071		
	13121			
13101				
13102	

---------------------------------
plain	jelly	coconut	honey-dip
			13403
13293				
	13315			
		13233		
13294				
13295				
			13404
		13234		
		13235		
		13236		
			13405
		13237	

---------------------------------
plain	jelly	coconut	honey-dip
13456				
		13394		
13457				
13458				
		13395		
	13491			
			13575
			13576
		13396		
		13397		
			13577
13459	

---------------------------------
plain	jelly	coconut	honey-dip
	13618			
			13702
	13619			
		13518		
13606				
			13703
	13620			
			13704
13607				
	13621			
			13705
			13706


---------------------------------
plain	jelly	coconut	honey-dip
			13835
13729				
13730				
13731				
		13632		
		13633		
13732				
			13836
		13634		
13733				
	13752			
	13753	

---------------------------------
plain	jelly	coconut	honey-dip
			13982
13865				
			13983
		13781		
			13984
		13782		
13866				
13867				
		13783		
	13896			
		13784		
		13785	

---------------------------------
plain	jelly	coconut	honey-dip
			14157
	14060			
14014				
14015				
	14061			
		13941		
		13942		
		13943		
14016				
	14062			
		13944		
			14158


---------------------------------
plain	jelly	coconut	honey-dip
			14308
			14309
			14310
			14311
		14108		
14161				
			14312
		14109		
14162				
	14207			
		14110		
		14111	

---------------------------------
plain	jelly	coconut	honey-dip
14296				
	14343			
			14459
	14344			
		14262		
		14263		
14297				
			14460
		14264		
14298				
		14265		
		14266	

---------------------------------
plain	jelly	coconut	honey-dip
14446				
14447				
		14421		
			14627
		14422		
			14628
		14423		
		14424		
			14629
		14425		
	14490			
		14426	

---------------------------------
plain	jelly	coconut	honey-dip
	14650			
		14610		
		14611		
			14782
			14783
	14651			
14602				
	14652			
	14653			
			14784
			14785
		14612	

---------------------------------
plain	jelly	coconut	honey-dip
14868				
14869				
		14881		
	14924			
	14925			
			15063
			15064
		14882		
		14883		
14870				
			15065
		14884	

---------------------------------
plain	jelly	coconut	honey-dip
		15082		
		15083		
			15244
			15245
			15246
			15247
15066				
15067				
		15084		
		15085		
		15086		
			15248


---------------------------------
plain	jelly	coconut	honey-dip
		15254		
15222				
	15260			
	15261			
15223				
	15262			
	15263			
15224				
			15380
	15264			
	15265			
15225	

---------------------------------
plain	jelly	coconut	honey-dip
	15456			
		15428		
		15429		
			15559
			15560
			15561
	15457			
			15562
			15563
			15564
			15565
		15430	

---------------------------------
plain	jelly	coconut	honey-dip
			15704
		15567		
		15568		
		15569		
	15582			
	15583			
		15570		
			15705
		15571		
		15572		
		15573		
15523	

---------------------------------
plain	jelly	coconut	honey-dip
15688				
		15748		
15689				
		15749		
	15741			
		15750		
			15859
	15742			
	15743			
	15744			
15690				
		15751	

---------------------------------
plain	jelly	coconut	honey-dip
15851				
15852				
	15895			
		15908		
	15896			
	15897			
			16006
15853				
			16007
		15909		
		15910		
		15911	

---------------------------------
plain	jelly	coconut	honey-dip
			16148
		16035		
			16149
		16036		
			16150
		16037		
	16049			
16004				
		16038		
		16039		
	16050			
	16051	

---------------------------------
plain	jelly	coconut	honey-dip
16156				
			16281
	16194			
		16193		
	16195			
	16196			
	16197			
			16282
			16283
		16194		
		16195		
			16284


---------------------------------
plain	jelly	coconut	honey-dip
	16315			
16283				
		16332		
16284				
			16422
	16316			
16285				
	16317			
			16423
	16318			
16286				
	16319	

---------------------------------
plain	jelly	coconut	honey-dip
	16464			
		16451		
16399				
16400				
16401				
	16465			
16402				
16403				
		16452		
16404				
16405				
16406	

---------------------------------
plain	jelly	coconut	honey-dip
		16582		
16520				
16521				
	16591			
	16592			
16522				
			16643
		16583		
		16584		
	16593			
	16594			
			16644


---------------------------------
plain	jelly	coconut	honey-dip
			16799
	16725			
16654				
16655				
		16710		
			16800
			16801
			16802
16656				
16657				
		16711		
			16803


---------------------------------
plain	jelly	coconut	honey-dip
	16858			
16814				
	16859			
16815				
	16860			
16816				
			16923
16817				
16818				
	16861			
		16833		
16819	

---------------------------------
plain	jelly	coconut	honey-dip
	16970			
			17038
		16945		
16943				
	16971			
			17039
16944				
	16972			
		16946		
			17040
			17041
	16973	

---------------------------------
plain	jelly	coconut	honey-dip
			17156
			17157
	17094			
	17095			
17057				
	17096			
			17158
			17159
		17093		
		17094		
			17160
17058	

---------------------------------
plain	jelly	coconut	honey-dip
		17246		
17187				
		17247		
17188				
	17214			
	17215			
			17281
	17216			
	17217			
			17282
			17283
			17284


---------------------------------
plain	jelly	coconut	honey-dip
	17345			
		17394		
			17421
	17346			
		17395		
		17396		
			17422
	17347			
		17397		
	17348			
	17349			
		17398	

---------------------------------
plain	jelly	coconut	honey-dip
17501				
17502				
			17598
			17599
		17581		
			17600
		17582		
	17544			
	17545			
17503				
	17546			
	17547	

---------------------------------
plain	jelly	coconut	honey-dip
17651				
		17705		
		17706		
17652				
17653				
			17724
17654				
17655				
		17707		
		17708		
	17672			
17656	

---------------------------------
plain	jelly	coconut	honey-dip
		17851		
17795				
		17852		
	17809			
17796				
	17810			
	17811			
			17861
		17853		
			17862
			17863
			17864


---------------------------------
plain	jelly	coconut	honey-dip
		17987		
17914				
17915				
		17988		
		17989		
17916				
17917				
17918				
		17990		
			17959
17919				
17920	

---------------------------------
plain	jelly	coconut	honey-dip
	18064			
18060				
		18120		
18061				
	18065			
18062				
		18121		
	18066			
	18067			
			18104
			18105
			18106


---------------------------------
plain	jelly	coconut	honey-dip
18282				
18283				
		18329		
			18307
18284				
18285				
	18306			
			18308
	18307			
18286				
			18309
18287	

---------------------------------
plain	jelly	coconut	honey-dip
	18414			
18397				
18398				
			18429
	18415			
18399				
	18416			
	18417			
		18452		
			18430
		18453		
	18418	

---------------------------------
plain	jelly	coconut	honey-dip
	18575			
			18592
18588				
18589				
18590				
18591				
		18645		
	18576			
			18593
	18577			
			18594
			18595


---------------------------------
plain	jelly	coconut	honey-dip
18749				
18750				
			18767
			18768
18751				
			18769
18752				
		18803		
		18804		
			18770
			18771
18753	

---------------------------------
plain	jelly	coconut	honey-dip
	18882			
		18923		
18885				
	18883			
	18884			
	18885			
			18886
18886				
			18887
			18888
	18886			
			18889


---------------------------------
plain	jelly	coconut	honey-dip
			18985
		19048		
			18986
	18990			
19021				
19022				
	18991			
			18987
19023				
			18988
19024				
			18989


---------------------------------
plain	jelly	coconut	honey-dip
	19111			
	19112			
		19161		
	19113			
19136				
		19162		
			19140
	19114			
19137				
19138				
		19163		
	19115	

---------------------------------
plain	jelly	coconut	honey-dip
			19345
	19296			
	19297			
		19373		
		19374		
	19298			
		19375		
			19346
			19347
			19348
		19376		
	19299	

---------------------------------
plain	jelly	coconut	honey-dip
19488				
	19425			
19489				
		19511		
	19426			
	19427			
19490				
		19512		
			19504
			19505
		19513		
	19428	

---------------------------------
plain	jelly	coconut	honey-dip
	19624			
	19625			
			19693
19688				
	19626			
		19691		
		19692		
19689				
19690				
		19693		
19691				
	19627	

---------------------------------
plain	jelly	coconut	honey-dip
		19888		
19864				
		19889		
			19868
		19890		
	19796			
19865				
			19869
		19891		
	19797			
			19870
19866	

---------------------------------
plain	jelly	coconut	honey-dip
			20019
	19916			
			20020
		20026		
			20021
19983				
19984				
	19917			
			20022
19985				
			20023
19986	

---------------------------------
plain	jelly	coconut	honey-dip
	20040			
20090				
		20125		
			20133
20091				
			20134
20092				
			20135
20093				
20094				
		20126		
20095	

---------------------------------
plain	jelly	coconut	honey-dip
20222				
	20180			
			20251
	20181			
		20251		
			20252
20223				
		20252		
		20253		
20224				
	20182			
		20254	

---------------------------------
plain	jelly	coconut	honey-dip
			20396
20372				
			20397
	20317			
20373				
		20407		
			20398
20374				
		20408		
			20399
20375				
	20318	

---------------------------------
plain	jelly	coconut	honey-dip
			20580
	20483			
	20484			
		20594		
			20581
	20485			
		20595		
	20486			
			20582
			20583
	20487			
		20596	

---------------------------------
plain	jelly	coconut	honey-dip
	20627			
20673				
20674				
20675				
		20744		
		20745		
			20720
		20746		
			20721
20676				
20677				
		20747	

---------------------------------
plain	jelly	coconut	honey-dip
		20955		
20910				
20911				
		20956		
20912				
		20957		
20913				
20914				
	20799			
20915				
20916				
20917	

---------------------------------
plain	jelly	coconut	honey-dip
21054				
21055				
	20930			
			21061
		21087		
			21062
	20931			
	20932			
		21088		
		21089		
		21090		
	20933	

---------------------------------
plain	jelly	coconut	honey-dip
			21198
			21199
			21200
			21201
		21226		
			21202
			21203
21185				
		21227		
		21228		
21186				
	21075	

---------------------------------
plain	jelly	coconut	honey-dip
	21202			
	21203			
			21343
21305				
		21362		
			21344
			21345
			21346
		21363		
21306				
21307				
	21204	

---------------------------------
plain	jelly	coconut	honey-dip
	21375			
21507				
			21517
21508				
	21376			
			21518
21509				
	21377			
	21378			
		21545		
			21519
			21520


---------------------------------
plain	jelly	coconut	honey-dip
21643				
	21499			
			21642
		21664		
21644				
21645				
	21500			
21646				
21647				
	21501			
	21502			
		21665	

---------------------------------
plain	jelly	coconut	honey-dip
		21885		
21863				
21864				
	21727			
	21728			
	21729			
			21861
	21730			
			21862
			21863
			21864
		21886	

---------------------------------
plain	jelly	coconut	honey-dip
			21989
		22035		
		22036		
		22037		
21994				
21995				
		22038		
			21990
	21858			
		22039		
	21859			
	21860	

---------------------------------
plain	jelly	coconut	honey-dip
22145				
		22176		
		22177		
	22030			
		22178		
	22031			
		22179		
	22032			
22146				
	22033			
		22180		
	22034	

---------------------------------
plain	jelly	coconut	honey-dip
		22346		
22284				
	22184			
			22274
		22347		
22285				
		22348		
			22275
22286				
22287				
		22349		
	22185	

---------------------------------
plain	jelly	coconut	honey-dip
			22411
	22318			
22423				
			22412
			22413
			22414
	22319			
22424				
		22500		
			22415
			22416
			22417


---------------------------------
plain	jelly	coconut	honey-dip
	22444			
	22445			
	22446			
		22602		
		22603		
			22531
	22447			
		22604		
	22448			
22543				
			22532
22544	

---------------------------------
plain	jelly	coconut	honey-dip
22675				
			22668
		22739		
		22740		
		22741		
22676				
		22742		
22677				
22678				
	22602			
	22603			
			22669


---------------------------------
plain	jelly	coconut	honey-dip
			22835
			22836
		22882		
22830				
		22883		
22831				
22832				
		22884		
	22773			
	22774			
			22837
	22775	

---------------------------------
plain	jelly	coconut	honey-dip
		23057		
	22941			
		23058		
		23059		
22996				
	22942			
	22943			
22997				
		23060		
22998				
	22944			
	22945	

---------------------------------
plain	jelly	coconut	honey-dip
23152				
		23195		
		23196		
			23138
	23083			
23153				
		23197		
			23139
			23140
		23198		
	23084			
23154	

---------------------------------
plain	jelly	coconut	honey-dip
23278				
	23237			
	23238			
		23350		
	23239			
		23351		
			23291
	23240			
		23352		
	23241			
			23292
23279	

---------------------------------
plain	jelly	coconut	honey-dip
	23385			
			23427
		23517		
		23518		
23427				
		23519		
		23520		
			23428
			23429
		23521		
23428				
	23386	

---------------------------------
plain	jelly	coconut	honey-dip
			23567
	23530			
	23531			
23573				
		23674		
	23532			
		23675		
	23533			
			23568
		23676		
			23569
			23570


---------------------------------
plain	jelly	coconut	honey-dip
	23654			
			23699
		23799		
		23800		
23708				
	23655			
		23801		
			23700
23709				
			23701
			23702
		23802	

---------------------------------
plain	jelly	coconut	honey-dip
		23952		
		23953		
	23787			
23845				
	23788			
	23789			
		23954		
			23852
		23955		
	23790			
23846				
23847	

---------------------------------
plain	jelly	coconut	honey-dip
	23955			
		24113		
23975				
		24114		
	23956			
		24115		
23976				
23977				
		24116		
23978				
23979				
	23957	

---------------------------------
plain	jelly	coconut	honey-dip
	24091			
		24251		
		24252		
	24092			
24112				
24113				
			24122
	24093			
24114				
24115				
		24253		
24116	

---------------------------------
plain	jelly	coconut	honey-dip
	24245			
	24246			
24247				
	24247			
		24379		
24248				
		24380		
24249				
			24257
			24258
24250				
24251	

---------------------------------
plain	jelly	coconut	honey-dip
24399				
			24354
		24514		
			24355
			24356
		24515		
	24377			
		24516		
	24378			
24400				
			24357
	24379	

---------------------------------
plain	jelly	coconut	honey-dip
	24517			
		24676		
24537				
			24490
		24677		
24538				
		24678		
			24491
24539				
	24518			
24540				
		24679	

---------------------------------
plain	jelly	coconut	honey-dip
			24620
		24807		
			24621
	24682			
24675				
24676				
	24683			
		24808		
		24809		
			24622
24677				
			24623


---------------------------------
plain	jelly	coconut	honey-dip
24825				
			24757
24826				
24827				
24828				
			24758
	24808			
			24759
24829				
	24809			
24830				
			24760


---------------------------------
plain	jelly	coconut	honey-dip
25006				
	24998			
			24941
	24999			
	25000			
		25099		
25007				
		25100		
	25001			
			24942
			24943
	25002	

---------------------------------
plain	jelly	coconut	honey-dip
	25132			
			25086
	25133			
	25134			
	25135			
			25087
		25226		
25128				
		25227		
	25136			
	25137			
25129	

---------------------------------
plain	jelly	coconut	honey-dip
		25370		
		25371		
25275				
			25204
25276				
		25372		
			25205
		25373		
		25374		
25277				
			25206
		25375	

---------------------------------
plain	jelly	coconut	honey-dip
	25419			
		25558		
25411				
		25559		
25412				
		25560		
		25561		
	25420			
		25562		
		25563		
	25421			
	25422	

---------------------------------
plain	jelly	coconut	honey-dip
		25741		
		25742		
25583				
		25743		
25584				
25585				
		25744		
	25592			
			25552
		25745		
25586				
	25593	

---------------------------------
plain	jelly	coconut	honey-dip
	25745			
25727				
		25883		
			25701
			25702
	25746			
	25747			
		25884		
			25703
25728				
	25748			
	25749	

---------------------------------
plain	jelly	coconut	honey-dip
25894				
25895				
	25905			
		26068		
	25906			
	25907			
25896				
	25908			
	25909			
		26069		
			25885
		26070	

---------------------------------
plain	jelly	coconut	honey-dip
			26023
		26215		
	26044			
26034				
		26216		
			26024
		26217		
	26045			
26035				
26036				
	26046			
			26025


---------------------------------
plain	jelly	coconut	honey-dip
	26159			
26164				
	26160			
	26161			
			26157
26165				
			26158
26166				
26167				
	26162			
		26364		
		26365	

---------------------------------
plain	jelly	coconut	honey-dip
	26290			
		26469		
26272				
	26291			
		26470		
	26292			
	26293			
		26471		
		26472		
	26294			
			26281
26273	

---------------------------------
plain	jelly	coconut	honey-dip
	26406			
	26407			
	26408			
			26379
	26409			
26394				
26395				
	26410			
		26601		
	26411			
			26380
			26381


---------------------------------
plain	jelly	coconut	honey-dip
		26800		
			26563
		26801		
			26564
		26802		
26586				
			26565
			26566
			26567
			26568
		26803		
		26804	

---------------------------------
plain	jelly	coconut	honey-dip
	26678			
26692				
26693				
			26667
		26895		
	26679			
			26668
		26896		
		26897		
26694				
	26680			
			26669


---------------------------------
plain	jelly	coconut	honey-dip
		27009		
		27010		
		27011		
		27012		
26798				
			26774
			26775
26799				
			26776
26800				
	26795			
	26796	

---------------------------------
plain	jelly	coconut	honey-dip
26936				
			26919
			26920
			26921
	26939			
			26922
		27158		
26937				
		27159		
		27160		
			26923
	26940	

---------------------------------
plain	jelly	coconut	honey-dip
		27282		
27069				
		27283		
	27035			
			27034
			27035
		27284		
	27036			
		27285		
	27037			
27070				
	27038	

---------------------------------
plain	jelly	coconut	honey-dip
	27149			
			27161
		27408		
	27150			
			27162
			27163
	27151			
			27164
27218				
27219				
		27409		
27220	

---------------------------------
plain	jelly	coconut	honey-dip
		27526		
		27527		
			27283
		27528		
27337				
	27258			
		27529		
27338				
		27530		
27339				
27340				
		27531	

---------------------------------
plain	jelly	coconut	honey-dip
		27622		
			27378
27453				
	27347			
		27623		
		27624		
	27348			
			27379
		27625		
	27349			
		27626		
27454	

---------------------------------
plain	jelly	coconut	honey-dip
	27457			
27576				
	27458			
27577				
27578				
27579				
	27459			
27580				
			27474
	27460			
		27725		
	27461	

---------------------------------
plain	jelly	coconut	honey-dip
	27592			
			27602
	27593			
27710				
			27603
27711				
27712				
27713				
27714				
27715				
			27604
			27605


---------------------------------
plain	jelly	coconut	honey-dip
27810				
27811				
		27920		
			27684
			27685
	27694			
	27695			
		27921		
		27922		
27812				
			27686
27813	

---------------------------------
plain	jelly	coconut	honey-dip
	27809			
			27790
		28015		
	27810			
			27791
			27792
		28016		
27902				
			27793
	27811			
27903				
		28017	

---------------------------------
plain	jelly	coconut	honey-dip
28111				
28112				
			28022
28113				
	28058			
	28059			
28114				
			28023
			28024
			28025
			28026
		28225	

---------------------------------
plain	jelly	coconut	honey-dip
28240				
		28330		
		28331		
			28126
28241				
		28332		
	28152			
	28153			
			28127
28242				
			28128
		28333	

---------------------------------
plain	jelly	coconut	honey-dip
			28238
28373				
28374				
			28239
28375				
			28240
28376				
28377				
	28255			
	28256			
	28257			
		28438	

---------------------------------
plain	jelly	coconut	honey-dip
	28344			
28467				
	28345			
	28346			
28468				
			28316
28469				
28470				
	28347			
	28348			
	28349			
28471	

---------------------------------
plain	jelly	coconut	honey-dip
		28627		
		28628		
			28407
28572				
		28629		
	28430			
		28630		
		28631		
		28632		
28573				
28574				
28575	

---------------------------------
plain	jelly	coconut	honey-dip
		28705		
	28505			
28639				
			28475
			28476
		28706		
	28506			
	28507			
28640				
			28477
28641				
		28707	

---------------------------------
plain	jelly	coconut	honey-dip
		28785		
28727				
28728				
28729				
		28786		
		28787		
		28788		
			28557
	28579			
	28580			
		28789		
			28558


---------------------------------
plain	jelly	coconut	honey-dip
		28870		
28819				
	28651			
			28644
28820				
28821				
	28652			
28822				
		28871		
		28872		
			28645
28823	

---------------------------------
plain	jelly	coconut	honey-dip
		28940		
			28706
28883				
	28719			
		28941		
			28707
28884				
28885				
		28942		
			28708
28886				
		28943	

---------------------------------
plain	jelly	coconut	honey-dip
		29020		
	28791			
		29021		
	28792			
			28785
	28793			
		29022		
		29023		
			28786
		29024		
			28787
28952	

---------------------------------
plain	jelly	coconut	honey-dip
		29096		
			28850
	28854			
		29097		
29012				
29013				
			28851
	28855			
	28856			
29014				
		29098		
			28852


---------------------------------
plain	jelly	coconut	honey-dip
			28963
29099				
	28941			
29100				
			28964
29101				
			28965
			28966
			28967
		29169		
			28968
			28969


---------------------------------
plain	jelly	coconut	honey-dip
29158				
29159				
		29220		
	28979			
29160				
		29221		
	28980			
	28981			
			29019
	28982			
	28983			
29161	

