---------------------------------
plain	jelly	coconut	honey-dip
501				
		497		
		498		
	485			
		499		
	486			
502				
	487			
	488			
		500		
503				
	489	

---------------------------------
plain	jelly	coconut	honey-dip
727				
			731
	746			
	747			
			732
728				
			733
		748		
		749		
			734
		750		
	748	

---------------------------------
plain	jelly	coconut	honey-dip
			815
		843		
		844		
			816
801				
802				
			817
	817			
803				
		845		
			818
			819


---------------------------------
plain	jelly	coconut	honey-dip
863				
			891
	878			
		896		
	879			
		897		
		898		
	880			
	881			
864				
		899		
	882	

---------------------------------
plain	jelly	coconut	honey-dip
			966
			967
		966		
		967		
	944			
940				
941				
942				
	945			
		968		
943				
			968


---------------------------------
plain	jelly	coconut	honey-dip
1005				
1006				
			1031
	1016			
			1032
	1017			
	1018			
		1040		
			1033
1007				
	1019			
		1041	

---------------------------------
plain	jelly	coconut	honey-dip
	1103			
		1096		
1069				
	1104			
1070				
1071				
			1088
			1089
1072				
		1097		
			1090
		1098	

---------------------------------
plain	jelly	coconut	honey-dip
			1177
		1187		
		1188		
		1189		
	1195			
			1178
	1196			
			1179
1157				
		1190		
1158				
			1180


---------------------------------
plain	jelly	coconut	honey-dip
		1273		
		1274		
			1258
			1259
	1297			
1236				
			1260
1237				
		1275		
		1276		
1238				
			1261


---------------------------------
plain	jelly	coconut	honey-dip
		1375		
	1382			
		1376		
		1377		
		1378		
		1379		
		1380		
	1383			
	1384			
	1385			
	1386			
	1387	

---------------------------------
plain	jelly	coconut	honey-dip
1434				
		1475		
	1485			
1435				
		1476		
		1477		
			1462
			1463
	1486			
		1478		
1436				
		1479	

---------------------------------
plain	jelly	coconut	honey-dip
	1577			
			1571
			1572
1541				
1542				
	1578			
	1579			
			1573
1543				
	1580			
	1581			
			1574


---------------------------------
plain	jelly	coconut	honey-dip
		1673		
			1671
			1672
1634				
1635				
		1674		
1636				
1637				
		1675		
		1676		
			1673
		1677	

---------------------------------
plain	jelly	coconut	honey-dip
1752				
1753				
			1791
			1792
1754				
1755				
		1784		
		1785		
			1793
	1801			
		1786		
			1794


---------------------------------
plain	jelly	coconut	honey-dip
			1891
			1892
		1872		
			1893
	1880			
		1873		
1857				
1858				
1859				
1860				
		1874		
			1894


---------------------------------
plain	jelly	coconut	honey-dip
		1949		
			2003
1948				
			2004
		1950		
1949				
	1972			
1950				
1951				
1952				
	1973			
	1974	

---------------------------------
plain	jelly	coconut	honey-dip
		2051		
	2074			
			2088
	2075			
2043				
		2052		
			2089
2044				
		2053		
	2076			
	2077			
		2054	

---------------------------------
plain	jelly	coconut	honey-dip
	2179			
		2164		
		2165		
2143				
2144				
	2180			
			2202
		2166		
	2181			
	2182			
			2203
		2167	

---------------------------------
plain	jelly	coconut	honey-dip
	2309			
			2318
	2310			
2249				
	2311			
		2292		
2250				
2251				
2252				
2253				
2254				
	2312	

---------------------------------
plain	jelly	coconut	honey-dip
		2386		
			2405
			2406
			2407
		2387		
			2408
2361				
			2409
2362				
			2410
			2411
			2412


---------------------------------
plain	jelly	coconut	honey-dip
	2489			
			2497
		2482		
	2490			
2456				
2457				
2458				
		2483		
			2498
2459				
2460				
2461	

---------------------------------
plain	jelly	coconut	honey-dip
			2617
		2579		
	2599			
	2600			
	2601			
		2580		
	2602			
			2618
			2619
		2581		
	2603			
2549	

---------------------------------
plain	jelly	coconut	honey-dip
			2739
2672				
2673				
			2740
		2708		
			2741
2674				
		2709		
2675				
		2710		
		2711		
			2742


---------------------------------
plain	jelly	coconut	honey-dip
2810				
2811				
	2845			
		2848		
			2885
			2886
		2849		
2812				
			2887
2813				
			2888
			2889


---------------------------------
plain	jelly	coconut	honey-dip
		2971		
			3016
		2972		
		2973		
	2951			
2954				
	2952			
2955				
2956				
	2953			
	2954			
	2955	

---------------------------------
plain	jelly	coconut	honey-dip
3158				
3159				
3160				
3161				
3162				
	3139			
	3140			
	3141			
			3210
		3153		
		3154		
		3155	

---------------------------------
plain	jelly	coconut	honey-dip
		3272		
			3349
3294				
		3273		
			3350
3295				
		3274		
		3275		
			3351
		3276		
			3352
3296	

---------------------------------
plain	jelly	coconut	honey-dip
		3494		
	3448			
3486				
		3495		
		3496		
	3449			
			3552
			3553
3487				
	3450			
3488				
	3451	

---------------------------------
plain	jelly	coconut	honey-dip
		3627		
	3575			
	3576			
			3678
		3628		
3604				
			3679
			3680
3605				
3606				
3607				
	3577	

---------------------------------
plain	jelly	coconut	honey-dip
	3702			
		3751		
			3811
		3752		
3700				
			3812
3701				
			3813
	3703			
		3753		
	3704			
		3754	

---------------------------------
plain	jelly	coconut	honey-dip
3851				
	3872			
		3880		
			3961
3852				
	3873			
			3962
	3874			
		3881		
	3875			
			3963
	3876	

---------------------------------
plain	jelly	coconut	honey-dip
		3999		
			4075
	3992			
3954				
3955				
			4076
		4000		
3956				
3957				
		4001		
	3993			
3958	

---------------------------------
plain	jelly	coconut	honey-dip
4176				
			4264
	4181			
4177				
			4265
	4182			
	4183			
	4184			
			4266
4178				
		4191		
		4192	

---------------------------------
plain	jelly	coconut	honey-dip
			4370
		4305		
	4300			
	4301			
			4371
		4306		
4281				
		4307		
		4308		
4282				
4283				
	4302	

---------------------------------
plain	jelly	coconut	honey-dip
			4506
4423				
4424				
4425				
4426				
	4434			
	4435			
			4507
4427				
		4433		
		4434		
			4508


---------------------------------
plain	jelly	coconut	honey-dip
		4536		
			4613
			4614
		4537		
			4615
			4616
			4617
4538				
	4553			
			4618
			4619
4539	

---------------------------------
plain	jelly	coconut	honey-dip
			4746
			4747
		4673		
			4748
		4674		
	4665			
		4675		
			4749
	4666			
		4676		
	4667			
	4668	

---------------------------------
plain	jelly	coconut	honey-dip
	4810			
	4811			
		4782		
			4858
			4859
			4860
		4783		
			4861
4810				
	4812			
4811				
	4813	

---------------------------------
plain	jelly	coconut	honey-dip
5176				
	5232			
	5233			
	5234			
		5187		
5177				
5178				
		5188		
			5237
	5235			
		5189		
5179	

---------------------------------
plain	jelly	coconut	honey-dip
		5353		
			5411
	5406			
5358				
	5407			
	5408			
	5409			
		5354		
			5412
			5413
5359				
5360	

---------------------------------
plain	jelly	coconut	honey-dip
		5461		
		5462		
			5509
		5463		
			5510
	5529			
		5464		
		5465		
	5530			
			5511
			5512
5485	

---------------------------------
plain	jelly	coconut	honey-dip
		5605		
5613				
	5650			
5614				
		5606		
			5632
5615				
	5651			
		5607		
			5633
	5652			
		5608	

---------------------------------
plain	jelly	coconut	honey-dip
5765				
		5769		
			5777
5766				
			5778
5767				
5768				
			5779
	5813			
5769				
			5780
		5770	

---------------------------------
plain	jelly	coconut	honey-dip
	5939			
	5940			
5875				
		5867		
		5868		
5876				
			5887
			5888
		5869		
	5941			
	5942			
	5943	

---------------------------------
plain	jelly	coconut	honey-dip
		5978		
		5979		
5983				
		5980		
			6027
			6028
	6060			
	6061			
		5981		
	6062			
	6063			
5984	

---------------------------------
plain	jelly	coconut	honey-dip
			6179
		6122		
	6226			
			6180
			6181
	6227			
			6182
6133				
	6228			
			6183
			6184
6134	

---------------------------------
plain	jelly	coconut	honey-dip
	6355			
	6356			
			6298
6241				
	6357			
		6246		
6242				
	6358			
6243				
		6247		
	6359			
		6248	

---------------------------------
plain	jelly	coconut	honey-dip
			6446
	6511			
	6512			
			6447
		6390		
	6513			
	6514			
			6448
	6515			
		6391		
6381				
6382	

---------------------------------
plain	jelly	coconut	honey-dip
	6640			
6505				
6506				
6507				
			6552
	6641			
		6511		
6508				
6509				
		6512		
6510				
			6553


---------------------------------
plain	jelly	coconut	honey-dip
		6778		
			6871
			6872
6834				
			6873
		6779		
	6901			
		6780		
6835				
			6874
		6781		
		6782	

---------------------------------
plain	jelly	coconut	honey-dip
	7062			
			7056
7009				
7010				
7011				
	7063			
7012				
			7057
			7058
		6929		
7013				
	7064	

---------------------------------
plain	jelly	coconut	honey-dip
7110				
	7185			
		7046		
		7047		
7111				
		7048		
			7183
		7049		
			7184
7112				
	7186			
			7185


---------------------------------
plain	jelly	coconut	honey-dip
7254				
		7210		
		7211		
		7212		
	7346			
			7350
			7351
	7347			
			7352
		7213		
		7214		
		7215	

---------------------------------
plain	jelly	coconut	honey-dip
7385				
	7495			
	7496			
			7498
7386				
		7382		
7387				
7388				
		7383		
	7497			
	7498			
			7499


---------------------------------
plain	jelly	coconut	honey-dip
7567				
	7694			
		7545		
			7686
7568				
	7695			
			7687
	7696			
			7688
			7689
		7546		
		7547	

---------------------------------
plain	jelly	coconut	honey-dip
		7744		
			7900
	7891			
	7892			
			7901
			7902
			7903
7761				
	7893			
7762				
7763				
7764	

---------------------------------
plain	jelly	coconut	honey-dip
	7994			
	7995			
7874				
		7832		
			8016
			8017
		7833		
		7834		
	7996			
7875				
		7835		
7876	

---------------------------------
plain	jelly	coconut	honey-dip
			8165
		7971		
8023				
		7972		
			8166
	8133			
			8167
	8134			
			8168
	8135			
			8169
8024	

---------------------------------
plain	jelly	coconut	honey-dip
		8089		
	8252			
			8274
			8275
			8276
8145				
8146				
		8090		
		8091		
		8092		
			8277
8147	

---------------------------------
plain	jelly	coconut	honey-dip
		8299		
	8490			
		8300		
8354				
			8481
			8482
			8483
		8301		
	8491			
			8484
8355				
			8485


---------------------------------
plain	jelly	coconut	honey-dip
	8613			
			8602
			8603
8479				
	8614			
8480				
	8615			
8481				
			8604
	8616			
		8422		
			8605


---------------------------------
plain	jelly	coconut	honey-dip
			8783
			8784
		8614		
		8615		
		8616		
		8617		
			8785
	8785			
			8786
		8618		
8666				
			8787


---------------------------------
plain	jelly	coconut	honey-dip
	8929			
	8930			
	8931			
8791				
			8922
8792				
8793				
			8923
	8932			
	8933			
8794				
			8924


---------------------------------
plain	jelly	coconut	honey-dip
		8871		
8902				
8903				
	9030			
			9041
		8872		
8904				
			9042
8905				
			9043
	9031			
			9044


---------------------------------
plain	jelly	coconut	honey-dip
		9010		
	9163			
			9173
			9174
		9011		
	9164			
	9165			
	9166			
9038				
		9012		
			9175
	9167	

---------------------------------
plain	jelly	coconut	honey-dip
9163				
	9289			
			9306
		9142		
		9143		
9164				
			9307
		9144		
9165				
9166				
9167				
	9290	

---------------------------------
plain	jelly	coconut	honey-dip
		9281		
	9441			
	9442			
	9443			
		9282		
		9283		
		9284		
	9444			
		9285		
	9445			
		9286		
9303	

---------------------------------
plain	jelly	coconut	honey-dip
			9606
9458				
9459				
	9590			
9460				
9461				
			9607
9462				
9463				
		9446		
		9447		
9464	

---------------------------------
plain	jelly	coconut	honey-dip
	9714			
9591				
9592				
	9715			
		9566		
		9567		
			9709
		9568		
9593				
		9569		
9594				
			9710


---------------------------------
plain	jelly	coconut	honey-dip
	9913			
			9896
			9897
9789				
	9914			
	9915			
		9762		
		9763		
		9764		
		9765		
	9916			
9790	

---------------------------------
plain	jelly	coconut	honey-dip
9911				
9912				
9913				
		9908		
			10043
9914				
9915				
		9909		
		9910		
9916				
			10044
			10045


---------------------------------
plain	jelly	coconut	honey-dip
10058				
	10211			
			10188
			10189
10059				
10060				
			10190
		10067		
	10212			
	10213			
			10191
	10214	

---------------------------------
plain	jelly	coconut	honey-dip
10149				
			10305
	10331			
	10332			
10150				
			10306
	10333			
	10334			
	10335			
10151				
	10336			
			10307


---------------------------------
plain	jelly	coconut	honey-dip
	10607			
	10608			
		10416		
			10565
10400				
	10609			
10401				
	10610			
		10417		
	10611			
10402				
	10612	

---------------------------------
plain	jelly	coconut	honey-dip
			10714
			10715
10560				
	10766			
		10548		
		10549		
			10716
			10717
			10718
			10719
10561				
			10720


---------------------------------
plain	jelly	coconut	honey-dip
10675				
			10839
			10840
10676				
			10841
10677				
			10842
		10686		
		10687		
		10688		
		10689		
			10843


---------------------------------
plain	jelly	coconut	honey-dip
10818				
		10836		
		10837		
			10972
10819				
	11006			
	11007			
		10838		
10820				
10821				
	11008			
		10839	

---------------------------------
plain	jelly	coconut	honey-dip
	11150			
	11151			
	11152			
			11133
	11153			
		10996		
10965				
		10997		
		10998		
		10999		
			11134
	11154	

---------------------------------
plain	jelly	coconut	honey-dip
	11367			
			11353
			11354
	11368			
			11355
			11356
			11357
			11358
	11369			
11161				
			11359
	11370	

---------------------------------
plain	jelly	coconut	honey-dip
			11462
			11463
		11302		
11262				
11263				
			11464
11264				
			11465
11265				
		11303		
	11478			
			11466


---------------------------------
plain	jelly	coconut	honey-dip
			11588
11385				
			11589
			11590
		11419		
			11591
		11420		
	11616			
11386				
		11421		
			11592
		11422	

---------------------------------
plain	jelly	coconut	honey-dip
			11742
11529				
		11575		
	11750			
	11751			
		11576		
	11752			
		11577		
	11753			
		11578		
			11743
		11579	

---------------------------------
plain	jelly	coconut	honey-dip
			11921
			11922
		11760		
	11911			
	11912			
11760				
		11761		
	11913			
	11914			
11761				
		11762		
		11763	

---------------------------------
plain	jelly	coconut	honey-dip
11905				
11906				
11907				
		11910		
11908				
	12061			
11909				
		11911		
		11912		
		11913		
		11914		
11910	

---------------------------------
plain	jelly	coconut	honey-dip
		12067		
	12203			
		12068		
12066				
12067				
		12069		
		12070		
	12204			
	12205			
12068				
			12228
12069	

---------------------------------
plain	jelly	coconut	honey-dip
			12432
	12396			
12271				
	12397			
		12257		
			12433
	12398			
			12434
12272				
12273				
12274				
			12435


---------------------------------
plain	jelly	coconut	honey-dip
12432				
		12424		
		12425		
	12545			
12433				
			12639
12434				
	12546			
12435				
	12547			
12436				
	12548	

---------------------------------
plain	jelly	coconut	honey-dip
			12750
			12751
12546				
12547				
	12649			
12548				
			12752
12549				
		12563		
12550				
12551				
	12650	

---------------------------------
plain	jelly	coconut	honey-dip
			12852
12696				
			12853
	12759			
			12854
			12855
		12681		
	12760			
	12761			
12697				
	12762			
		12682	

---------------------------------
plain	jelly	coconut	honey-dip
	12897			
	12898			
		12809		
		12810		
12837				
	12899			
12838				
	12900			
		12811		
	12901			
			12985
			12986


---------------------------------
plain	jelly	coconut	honey-dip
12985				
12986				
		12935		
12987				
		12936		
	13001			
	13002			
			13111
			13112
			13113
		12937		
	13003	

---------------------------------
plain	jelly	coconut	honey-dip
			13289
	13189			
		13133		
		13134		
			13290
	13190			
	13191			
		13135		
	13192			
		13136		
			13291
	13193	

---------------------------------
plain	jelly	coconut	honey-dip
		13297		
	13385			
			13477
		13298		
	13386			
13349				
		13299		
		13300		
	13387			
		13301		
13350				
	13388	

---------------------------------
plain	jelly	coconut	honey-dip
13516				
13517				
			13622
		13444		
13518				
		13445		
	13538			
			13623
		13446		
		13447		
	13539			
	13540	

---------------------------------
plain	jelly	coconut	honey-dip
	13691			
	13692			
	13693			
	13694			
	13695			
			13772
13679				
	13696			
		13578		
		13579		
			13773
		13580	

---------------------------------
plain	jelly	coconut	honey-dip
	13828			
13816				
		13722		
		13723		
	13829			
		13724		
13817				
			13918
		13725		
	13830			
			13919
		13726	

---------------------------------
plain	jelly	coconut	honey-dip
14036				
		13970		
			14180
			14181
			14182
			14183
			14184
		13971		
14037				
	14082			
			14185
			14186


---------------------------------
plain	jelly	coconut	honey-dip
			14322
	14218			
14170				
			14323
			14324
			14325
	14219			
			14326
14171				
	14220			
		14122		
		14123	

---------------------------------
plain	jelly	coconut	honey-dip
14289				
			14455
14290				
		14255		
		14256		
14291				
	14337			
14292				
			14456
		14257		
		14258		
	14338	

---------------------------------
plain	jelly	coconut	honey-dip
		14401		
		14402		
			14604
		14403		
			14605
	14472			
	14473			
14423				
	14474			
		14404		
14424				
	14475	

---------------------------------
plain	jelly	coconut	honey-dip
		14562		
		14563		
	14610			
			14736
14568				
14569				
			14737
		14564		
	14611			
		14565		
		14566		
		14567	

---------------------------------
plain	jelly	coconut	honey-dip
			14911
	14785			
			14912
			14913
		14729		
			14914
14711				
14712				
14713				
14714				
	14786			
			14915


---------------------------------
plain	jelly	coconut	honey-dip
14889				
14890				
	14947			
			15081
		14903		
14891				
			15082
		14904		
		14905		
14892				
		14906		
		14907	

---------------------------------
plain	jelly	coconut	honey-dip
15053				
			15234
15054				
		15072		
	15109			
			15235
15055				
		15073		
	15110			
15056				
15057				
			15236


---------------------------------
plain	jelly	coconut	honey-dip
	15287			
15240				
		15268		
	15288			
			15393
	15289			
	15290			
15241				
	15291			
			15394
	15292			
		15269	

---------------------------------
plain	jelly	coconut	honey-dip
		15437		
	15461			
	15462			
		15438		
	15463			
			15574
		15439		
		15440		
15400				
			15575
	15464			
			15576


---------------------------------
plain	jelly	coconut	honey-dip
15554				
15555				
15556				
			15730
15557				
	15608			
	15609			
15558				
15559				
			15731
15560				
15561	

---------------------------------
plain	jelly	coconut	honey-dip
	15708			
	15709			
15643				
		15703		
		15704		
	15710			
		15705		
			15814
	15711			
			15815
			15816
		15706	

---------------------------------
plain	jelly	coconut	honey-dip
15800				
			15970
15801				
	15851			
15802				
15803				
			15971
15804				
	15852			
15805				
			15972
	15853	

---------------------------------
plain	jelly	coconut	honey-dip
15905				
15906				
15907				
			16052
		15954		
15908				
		15955		
	15953			
15909				
15910				
		15956		
			16053


---------------------------------
plain	jelly	coconut	honey-dip
16094				
		16125		
	16145			
		16126		
16095				
	16146			
16096				
	16147			
		16127		
			16232
			16233
16097	

---------------------------------
plain	jelly	coconut	honey-dip
16231				
		16273		
	16266			
		16274		
	16267			
	16268			
	16269			
16232				
		16275		
	16270			
	16271			
			16366


---------------------------------
plain	jelly	coconut	honey-dip
16361				
16362				
16363				
			16502
		16412		
			16503
		16413		
		16414		
			16504
			16505
16364				
	16413	

---------------------------------
plain	jelly	coconut	honey-dip
	16566			
		16560		
16494				
			16620
	16567			
16495				
16496				
			16621
	16568			
		16561		
			16622
			16623


---------------------------------
plain	jelly	coconut	honey-dip
16622				
			16757
		16679		
			16758
	16698			
16623				
		16680		
	16699			
	16700			
		16681		
		16682		
16624	

---------------------------------
plain	jelly	coconut	honey-dip
		16820		
16793				
16794				
			16913
			16914
16795				
16796				
		16821		
		16822		
16797				
16798				
16799	

---------------------------------
plain	jelly	coconut	honey-dip
		16951		
	16974			
16951				
		16952		
		16953		
		16954		
		16955		
	16975			
	16976			
			17044
		16956		
			17045


---------------------------------
plain	jelly	coconut	honey-dip
17108				
		17161		
	17142			
			17217
		17162		
			17218
17109				
		17163		
	17143			
17110				
	17144			
		17164	

---------------------------------
plain	jelly	coconut	honey-dip
			17357
17254				
17255				
		17320		
		17321		
		17322		
17256				
	17285			
17257				
			17358
	17286			
17258	

---------------------------------
plain	jelly	coconut	honey-dip
		17541		
			17556
		17542		
			17557
	17495			
	17496			
	17497			
17476				
	17498			
	17499			
		17543		
			17558


---------------------------------
plain	jelly	coconut	honey-dip
			17686
			17687
		17670		
		17671		
	17645			
17607				
17608				
17609				
17610				
17611				
		17672		
	17646	

---------------------------------
plain	jelly	coconut	honey-dip
	17776			
17756				
			17834
	17777			
17757				
	17778			
17758				
		17806		
			17835
		17807		
	17779			
		17808	

---------------------------------
plain	jelly	coconut	honey-dip
17901				
17902				
			17954
		17980		
17903				
		17981		
17904				
17905				
			17955
	17913			
			17956
			17957


---------------------------------
plain	jelly	coconut	honey-dip
18078				
		18154		
	18095			
18079				
	18096			
18080				
	18097			
			18129
			18130
	18098			
	18099			
18081	

---------------------------------
plain	jelly	coconut	honey-dip
		18307		
18251				
	18275			
18252				
18253				
	18276			
		18308		
	18277			
	18278			
18254				
			18283
	18279	

---------------------------------
plain	jelly	coconut	honey-dip
			18419
	18403			
			18420
			18421
			18422
		18445		
	18404			
		18446		
18389				
18390				
	18405			
			18423


---------------------------------
plain	jelly	coconut	honey-dip
			18525
		18564		
18518				
			18526
	18517			
			18527
		18565		
			18528
		18566		
			18529
18519				
		18567	

---------------------------------
plain	jelly	coconut	honey-dip
		18731		
		18732		
		18733		
18662				
	18665			
		18734		
			18678
18663				
			18679
			18680
18664				
		18735	

---------------------------------
plain	jelly	coconut	honey-dip
			18878
	18868			
		18916		
18878				
			18879
18879				
			18880
			18881
		18917		
	18869			
	18870			
			18882


---------------------------------
plain	jelly	coconut	honey-dip
	18995			
	18996			
			18994
	18997			
			18995
			18996
	18998			
19026				
			18997
			18998
			18999
			19000


---------------------------------
plain	jelly	coconut	honey-dip
19178				
		19207		
	19166			
19179				
	19167			
		19208		
		19209		
			19177
			19178
		19210		
			19179
			19180


---------------------------------
plain	jelly	coconut	honey-dip
19330				
19331				
19332				
		19367		
	19289			
			19342
		19368		
	19290			
	19291			
			19343
19333				
		19369	

---------------------------------
plain	jelly	coconut	honey-dip
	19459			
			19538
19533				
	19460			
	19461			
		19542		
19534				
		19543		
	19462			
			19539
			19540
	19463	

---------------------------------
plain	jelly	coconut	honey-dip
19662				
19663				
		19661		
		19662		
		19663		
			19668
	19597			
			19669
			19670
		19664		
			19671
19664	

---------------------------------
plain	jelly	coconut	honey-dip
		19831		
19812				
	19741			
	19742			
19813				
	19743			
19814				
		19832		
		19833		
19815				
19816				
		19834	

---------------------------------
plain	jelly	coconut	honey-dip
		19972		
	19863			
		19973		
		19974		
	19864			
		19975		
			19953
			19954
19940				
			19955
			19956
	19865	

---------------------------------
plain	jelly	coconut	honey-dip
20140				
	20084			
		20169		
		20170		
	20085			
20141				
	20086			
			20187
		20171		
	20087			
20142				
	20088	

---------------------------------
plain	jelly	coconut	honey-dip
		20297		
			20302
			20303
		20298		
20273				
		20299		
			20304
			20305
20274				
		20300		
20275				
		20301	

---------------------------------
plain	jelly	coconut	honey-dip
20420				
		20467		
		20468		
	20353			
	20354			
20421				
		20469		
		20470		
			20444
			20445
			20446
		20471	

---------------------------------
plain	jelly	coconut	honey-dip
20575				
20576				
20577				
	20522			
20578				
		20641		
20579				
			20630
			20631
	20523			
		20642		
	20524	

---------------------------------
plain	jelly	coconut	honey-dip
20697				
20698				
			20744
20699				
		20773		
			20745
			20746
			20747
	20646			
20700				
20701				
20702	

---------------------------------
plain	jelly	coconut	honey-dip
			20992
20975				
	20862			
20976				
	20863			
		21015		
20977				
20978				
		21016		
20979				
			20993
	20864	

---------------------------------
plain	jelly	coconut	honey-dip
		21142		
		21143		
	20992			
21107				
			21119
			21120
21108				
			21121
	20993			
		21144		
		21145		
21109	

---------------------------------
plain	jelly	coconut	honey-dip
	21140			
		21299		
		21300		
21247				
	21141			
			21262
	21142			
21248				
		21301		
	21143			
			21263
21249	

---------------------------------
plain	jelly	coconut	honey-dip
		21419		
	21272			
21382				
21383				
		21420		
			21403
21384				
			21404
	21273			
	21274			
			21405
21385	

---------------------------------
plain	jelly	coconut	honey-dip
			21524
	21384			
	21385			
	21386			
21511				
	21387			
		21549		
21512				
			21525
		21550		
		21551		
	21388	

---------------------------------
plain	jelly	coconut	honey-dip
			21655
21665				
	21516			
	21517			
			21656
	21518			
	21519			
21666				
21667				
	21520			
	21521			
		21684	

---------------------------------
plain	jelly	coconut	honey-dip
21793				
21794				
			21788
21795				
21796				
21797				
		21808		
			21789
	21647			
			21790
		21809		
		21810	

---------------------------------
plain	jelly	coconut	honey-dip
	21781			
	21782			
21920				
21921				
		21944		
		21945		
	21783			
		21946		
	21784			
		21947		
21922				
			21919


---------------------------------
plain	jelly	coconut	honey-dip
22110				
			22108
	21997			
		22141		
	21998			
	21999			
		22142		
	22000			
22111				
	22001			
22112				
			22109


---------------------------------
plain	jelly	coconut	honey-dip
22239				
			22231
	22131			
	22132			
			22232
	22133			
		22295		
		22296		
			22233
	22134			
22240				
22241	

---------------------------------
plain	jelly	coconut	honey-dip
22355				
22356				
		22434		
			22337
22357				
		22435		
	22262			
	22263			
			22338
		22436		
			22339
	22264	

---------------------------------
plain	jelly	coconut	honey-dip
	22477			
			22553
		22628		
		22629		
		22630		
	22478			
22570				
22571				
	22479			
	22480			
		22631		
	22481	

---------------------------------
plain	jelly	coconut	honey-dip
22765				
			22759
		22821		
	22711			
			22760
		22822		
		22823		
22766				
			22761
			22762
		22824		
	22712	

---------------------------------
plain	jelly	coconut	honey-dip
			22931
22906				
		22952		
22907				
			22932
22908				
		22953		
		22954		
		22955		
			22933
			22934
	22855	

---------------------------------
plain	jelly	coconut	honey-dip
		23119		
			23057
		23120		
23066				
		23121		
			23058
23067				
23068				
23069				
	22990			
	22991			
23070	

---------------------------------
plain	jelly	coconut	honey-dip
23200				
			23195
		23261		
			23196
		23262		
			23197
			23198
			23199
23201				
			23200
		23263		
23202	

---------------------------------
plain	jelly	coconut	honey-dip
23305				
23306				
		23370		
23307				
		23371		
		23372		
			23313
		23373		
	23264			
	23265			
			23314
	23266	

---------------------------------
plain	jelly	coconut	honey-dip
23450				
23451				
		23540		
		23541		
			23453
			23454
			23455
		23542		
23452				
	23409			
23453				
		23543	

---------------------------------
plain	jelly	coconut	honey-dip
	23545			
23584				
	23546			
		23693		
23585				
			23582
23586				
	23547			
			23583
	23548			
23587				
			23584


---------------------------------
plain	jelly	coconut	honey-dip
	23656			
23710				
			23703
	23657			
		23803		
		23804		
		23805		
	23658			
			23704
	23659			
		23806		
		23807	

---------------------------------
plain	jelly	coconut	honey-dip
		23961		
		23962		
	23793			
			23856
	23794			
			23857
23850				
	23795			
	23796			
	23797			
			23858
23851	

---------------------------------
plain	jelly	coconut	honey-dip
		24327		
	24166			
	24167			
		24328		
		24329		
	24168			
			24191
			24192
	24169			
24180				
24181				
	24170	

---------------------------------
plain	jelly	coconut	honey-dip
	24380			
		24517		
24401				
24402				
		24518		
	24381			
		24519		
		24520		
			24358
24403				
			24359
24404	

---------------------------------
plain	jelly	coconut	honey-dip
			24520
		24713		
	24552			
24567				
24568				
24569				
	24553			
			24521
24570				
	24554			
	24555			
	24556	

---------------------------------
plain	jelly	coconut	honey-dip
			24656
			24657
			24658
	24729			
24708				
		24847		
24709				
			24659
		24848		
	24730			
24710				
24711	

---------------------------------
plain	jelly	coconut	honey-dip
		24947		
	24845			
			24791
24861				
24862				
		24948		
			24792
			24793
24863				
	24846			
	24847			
		24949	

---------------------------------
plain	jelly	coconut	honey-dip
25063				
25064				
25065				
			25017
			25018
		25167		
	25073			
25066				
	25074			
			25019
	25075			
25067	

---------------------------------
plain	jelly	coconut	honey-dip
		25335		
			25163
25231				
			25164
	25227			
			25165
		25336		
			25166
			25167
25232				
	25228			
	25229	

---------------------------------
plain	jelly	coconut	honey-dip
25339				
	25336			
			25271
			25272
		25454		
	25337			
		25455		
	25338			
			25273
	25339			
			25274
		25456	

---------------------------------
plain	jelly	coconut	honey-dip
		25609		
25462				
			25408
25463				
25464				
25465				
25466				
25467				
25468				
			25409
			25410
25469	

---------------------------------
plain	jelly	coconut	honey-dip
		25723		
25561				
			25533
25562				
25563				
			25534
25564				
25565				
			25535
			25536
			25537
	25579	

---------------------------------
plain	jelly	coconut	honey-dip
	25686			
	25687			
		25831		
			25642
			25643
			25644
		25832		
		25833		
			25645
	25688			
25669				
25670	

---------------------------------
plain	jelly	coconut	honey-dip
25840				
25841				
	25843			
		26000		
		26001		
	25844			
			25817
25842				
		26002		
25843				
		26003		
25844	

---------------------------------
plain	jelly	coconut	honey-dip
		26133		
	25967			
25964				
			25976
	25968			
	25969			
		26134		
			25977
		26135		
		26136		
			25978
	25970	

---------------------------------
plain	jelly	coconut	honey-dip
			26079
		26294		
		26295		
		26296		
			26080
		26297		
			26081
		26298		
	26100			
		26299		
			26082
26095	

---------------------------------
plain	jelly	coconut	honey-dip
26202				
		26412		
			26204
	26206			
			26205
			26206
26203				
	26207			
26204				
			26207
	26208			
26205	

---------------------------------
plain	jelly	coconut	honey-dip
		26516		
26315				
26316				
26317				
	26335			
26318				
		26517		
		26518		
26319				
		26519		
		26520		
		26521	

---------------------------------
plain	jelly	coconut	honey-dip
	26442			
	26443			
		26642		
26418				
			26422
		26643		
			26423
26419				
	26444			
	26445			
			26424
26420	

---------------------------------
plain	jelly	coconut	honey-dip
			26493
	26511			
26507				
		26725		
26508				
	26512			
		26726		
26509				
			26494
		26727		
		26728		
26510	

---------------------------------
plain	jelly	coconut	honey-dip
		26870		
		26871		
			26639
26670				
26671				
			26640
			26641
			26642
		26872		
		26873		
26672				
			26643


---------------------------------
plain	jelly	coconut	honey-dip
			26739
26760				
26761				
		26975		
		26976		
			26740
		26977		
	26758			
	26759			
		26978		
		26979		
26762	

---------------------------------
plain	jelly	coconut	honey-dip
26892				
		27106		
	26904			
			26882
		27107		
	26905			
			26883
			26884
26893				
26894				
		27108		
	26906	

---------------------------------
plain	jelly	coconut	honey-dip
	26990			
	26991			
27002				
27003				
		27226		
27004				
27005				
		27227		
27006				
27007				
		27228		
27008	

---------------------------------
plain	jelly	coconut	honey-dip
		27338		
			27099
		27339		
			27100
	27088			
		27340		
			27101
27135				
27136				
		27341		
	27089			
	27090	

---------------------------------
plain	jelly	coconut	honey-dip
	27240			
			27261
			27262
		27498		
27321				
			27263
			27264
		27499		
	27241			
	27242			
		27500		
	27243	

---------------------------------
plain	jelly	coconut	honey-dip
27481				
27482				
27483				
			27400
		27652		
		27653		
		27654		
27484				
			27401
		27655		
	27375			
27485	

---------------------------------
plain	jelly	coconut	honey-dip
27881				
	27789			
		28002		
			27772
	27790			
		28003		
	27791			
	27792			
			27773
		28004		
			27774
27882	

---------------------------------
plain	jelly	coconut	honey-dip
	27894			
			27883
		28103		
		28104		
		28105		
	27895			
27996				
			27884
	27896			
		28106		
		28107		
27997	

---------------------------------
plain	jelly	coconut	honey-dip
	28015			
		28198		
			27983
		28199		
		28200		
			27984
28076				
		28201		
28077				
			27985
28078				
28079	

---------------------------------
plain	jelly	coconut	honey-dip
			28060
		28262		
		28263		
28165				
28166				
28167				
			28061
	28097			
28168				
			28062
		28264		
			28063


---------------------------------
plain	jelly	coconut	honey-dip
			28153
		28352		
		28353		
	28167			
	28168			
28260				
28261				
		28354		
	28169			
28262				
	28170			
28263	

---------------------------------
plain	jelly	coconut	honey-dip
		28434		
			28235
			28236
		28435		
			28237
	28252			
28371				
28372				
		28436		
	28253			
	28254			
		28437	

---------------------------------
plain	jelly	coconut	honey-dip
	28323			
			28300
		28515		
		28516		
	28324			
28454				
	28325			
			28301
	28326			
28455				
	28327			
			28302


---------------------------------
plain	jelly	coconut	honey-dip
			28400
	28419			
28561				
	28420			
		28620		
28562				
	28421			
28563				
	28422			
	28423			
		28621		
28564	

---------------------------------
plain	jelly	coconut	honey-dip
			28488
	28520			
		28720		
	28521			
	28522			
28656				
28657				
			28489
28658				
	28523			
28659				
		28721	

---------------------------------
plain	jelly	coconut	honey-dip
28864				
	28693			
	28694			
			28680
		28915		
			28681
28865				
	28695			
	28696			
			28682
			28683
	28697	

---------------------------------
plain	jelly	coconut	honey-dip
	28776			
		29007		
			28773
	28777			
28944				
		29008		
	28778			
			28774
		29009		
28945				
			28775
	28779	

---------------------------------
plain	jelly	coconut	honey-dip
	28844			
		29088		
29005				
			28839
			28840
29006				
	28845			
	28846			
29007				
		29089		
29008				
			28841


---------------------------------
plain	jelly	coconut	honey-dip
			28941
29080				
			28942
29081				
29082				
		29149		
	28918			
	28919			
29083				
			28943
		29150		
			28944


