---------------------------------
plain	jelly	coconut	honey-dip
	1697			
		1679		
			1677
		1680		
1643				
1644				
		1681		
	1698			
			1678
			1679
			1680
	1699	

---------------------------------
plain	jelly	coconut	honey-dip
1998				
			2049
	2030			
	2031			
		1999		
		2000		
		2001		
	2032			
1999				
	2033			
			2050
2000	

---------------------------------
plain	jelly	coconut	honey-dip
2089				
		2110		
2090				
2091				
	2132			
		2111		
2092				
		2112		
		2113		
		2114		
2093				
	2133	

---------------------------------
plain	jelly	coconut	honey-dip
		2241		
	2262			
2199				
		2242		
2200				
	2263			
		2243		
		2244		
			2274
2201				
2202				
2203	

---------------------------------
plain	jelly	coconut	honey-dip
2380				
		2398		
		2399		
	2400			
	2401			
		2400		
	2402			
		2401		
		2402		
	2403			
			2422
	2404	

---------------------------------
plain	jelly	coconut	honey-dip
			2558
		2530		
		2531		
	2548			
2504				
	2549			
2505				
2506				
		2532		
			2559
	2550			
		2533	

---------------------------------
plain	jelly	coconut	honey-dip
			2682
2608				
	2662			
2609				
	2663			
2610				
		2656		
			2683
2611				
		2657		
			2684
2612	

---------------------------------
plain	jelly	coconut	honey-dip
	2750			
			2778
			2779
	2751			
2718				
2719				
			2780
		2758		
		2759		
2720				
		2760		
	2752	

---------------------------------
plain	jelly	coconut	honey-dip
2841				
2842				
			2916
			2917
2843				
2844				
		2872		
	2867			
	2868			
			2918
2845				
2846	

---------------------------------
plain	jelly	coconut	honey-dip
		2994		
2974				
	2973			
	2974			
2975				
	2975			
2976				
2977				
	2976			
2978				
		2995		
2979	

---------------------------------
plain	jelly	coconut	honey-dip
		3163		
	3145			
	3146			
	3147			
		3164		
		3165		
3172				
		3166		
	3148			
			3216
3173				
		3167	

---------------------------------
plain	jelly	coconut	honey-dip
			3437
			3438
	3353			
		3354		
	3354			
			3439
		3355		
3368				
		3356		
		3357		
3369				
			3440


---------------------------------
plain	jelly	coconut	honey-dip
			3568
	3463			
		3511		
			3569
	3464			
		3512		
		3513		
3498				
	3465			
3499				
3500				
			3570


---------------------------------
plain	jelly	coconut	honey-dip
		3655		
		3656		
3625				
	3598			
3626				
	3599			
			3702
	3600			
3627				
3628				
			3703
	3601	

---------------------------------
plain	jelly	coconut	honey-dip
			3893
			3894
3782				
	3807			
3783				
3784				
		3830		
3785				
		3831		
			3895
3786				
			3896


---------------------------------
plain	jelly	coconut	honey-dip
	3949			
3915				
3916				
3917				
3918				
			4030
	3950			
3919				
3920				
			4031
			4032
	3951	

---------------------------------
plain	jelly	coconut	honey-dip
			4153
4079				
	4095			
4080				
			4154
			4155
	4096			
		4089		
4081				
	4097			
	4098			
		4090	

---------------------------------
plain	jelly	coconut	honey-dip
	4208			
	4209			
	4210			
4204				
4205				
		4217		
			4303
	4211			
4206				
	4212			
		4218		
4207	

---------------------------------
plain	jelly	coconut	honey-dip
			4397
4317				
4318				
			4398
		4334		
	4328			
			4399
			4400
4319				
	4329			
		4335		
		4336	

---------------------------------
plain	jelly	coconut	honey-dip
4508				
	4525			
	4526			
			4595
			4596
		4504		
		4505		
	4527			
	4528			
	4529			
4509				
4510	

---------------------------------
plain	jelly	coconut	honey-dip
	4628			
			4709
		4632		
	4629			
			4710
			4711
		4633		
	4630			
			4712
			4713
4619				
		4634	

---------------------------------
plain	jelly	coconut	honey-dip
4767				
4768				
	4775			
		4756		
		4757		
			4830
	4776			
	4777			
			4831
4769				
4770				
	4778	

---------------------------------
plain	jelly	coconut	honey-dip
4908				
	4917			
		4858		
	4918			
4909				
4910				
			4949
			4950
	4919			
		4859		
		4860		
			4951


---------------------------------
plain	jelly	coconut	honey-dip
		5089		
	5128			
		5090		
		5091		
		5092		
		5093		
		5094		
5088				
5089				
5090				
	5129			
		5095	

---------------------------------
plain	jelly	coconut	honey-dip
		5253		
5244				
		5254		
			5295
			5296
		5255		
			5297
		5256		
			5298
5245				
		5257		
	5304	

---------------------------------
plain	jelly	coconut	honey-dip
	5531			
		5466		
		5467		
		5468		
	5532			
			5513
		5469		
			5514
	5533			
5486				
			5515
			5516


---------------------------------
plain	jelly	coconut	honey-dip
		5617		
		5618		
	5669			
5627				
5628				
		5619		
5629				
5630				
		5620		
	5670			
		5621		
		5622	

---------------------------------
plain	jelly	coconut	honey-dip
	5846			
		5798		
5802				
	5847			
	5848			
5803				
		5799		
			5810
	5849			
5804				
5805				
5806	

---------------------------------
plain	jelly	coconut	honey-dip
			5925
	5987			
			5926
	5988			
5904				
		5908		
		5909		
	5989			
			5927
		5910		
	5990			
5905	

---------------------------------
plain	jelly	coconut	honey-dip
	6119			
6041				
6042				
			6077
6043				
	6120			
	6121			
6044				
	6122			
6045				
	6123			
			6078


---------------------------------
plain	jelly	coconut	honey-dip
	6261			
6164				
6165				
	6262			
6166				
	6263			
			6211
	6264			
		6156		
6167				
6168				
	6265	

---------------------------------
plain	jelly	coconut	honey-dip
		6284		
	6391			
	6392			
6273				
			6336
6274				
6275				
		6285		
			6337
6276				
			6338
6277	

---------------------------------
plain	jelly	coconut	honey-dip
6396				
	6536			
		6407		
		6408		
			6461
6397				
6398				
			6462
			6463
	6537			
			6464
	6538	

---------------------------------
plain	jelly	coconut	honey-dip
		6520		
	6645			
		6521		
		6522		
			6564
		6523		
		6524		
			6565
6515				
6516				
		6525		
			6566


---------------------------------
plain	jelly	coconut	honey-dip
6695				
	6789			
			6724
			6725
		6660		
	6790			
			6726
		6661		
6696				
	6791			
		6662		
6697	

---------------------------------
plain	jelly	coconut	honey-dip
		6775		
		6776		
			6867
	6897			
			6868
			6869
	6898			
	6899			
			6870
6833				
	6900			
		6777	

---------------------------------
plain	jelly	coconut	honey-dip
6980				
	7037			
	7038			
		6911		
		6912		
		6913		
			7032
		6914		
	7039			
	7040			
6981				
6982	

---------------------------------
plain	jelly	coconut	honey-dip
	7189			
			7191
	7190			
	7191			
		7052		
7116				
7117				
		7053		
7118				
			7192
7119				
		7054	

---------------------------------
plain	jelly	coconut	honey-dip
		7196		
	7331			
		7197		
		7198		
		7199		
		7200		
7240				
		7201		
7241				
	7332			
7242				
7243	

---------------------------------
plain	jelly	coconut	honey-dip
7380				
		7371		
		7372		
	7487			
			7486
			7487
			7488
			7489
		7373		
		7374		
		7375		
		7376	

---------------------------------
plain	jelly	coconut	honey-dip
	7668			
			7646
	7669			
7539				
			7647
	7670			
	7671			
		7519		
			7648
7540				
			7649
7541	

---------------------------------
plain	jelly	coconut	honey-dip
7649				
			7780
			7781
	7781			
			7782
7650				
			7783
			7784
	7782			
	7783			
		7642		
	7784	

---------------------------------
plain	jelly	coconut	honey-dip
7786				
7787				
7788				
	7923			
			7923
			7924
7789				
7790				
		7760		
		7761		
7791				
		7762	

---------------------------------
plain	jelly	coconut	honey-dip
7938				
		7893		
	8056			
			8069
			8070
7939				
7940				
			8071
	8057			
			8072
		7894		
			8073


---------------------------------
plain	jelly	coconut	honey-dip
	8182			
8076				
8077				
8078				
		8019		
8079				
		8020		
		8021		
		8022		
8080				
	8183			
	8184	

---------------------------------
plain	jelly	coconut	honey-dip
8229				
8230				
	8354			
8231				
			8370
8232				
		8179		
8233				
		8180		
	8355			
			8371
8234	

---------------------------------
plain	jelly	coconut	honey-dip
8357				
	8496			
8358				
			8488
	8497			
			8489
	8498			
	8499			
			8490
	8500			
8359				
			8491


---------------------------------
plain	jelly	coconut	honey-dip
			8591
8466				
8467				
			8592
	8603			
		8408		
	8604			
	8605			
			8593
			8594
8468				
	8606	

---------------------------------
plain	jelly	coconut	honey-dip
		8596		
		8597		
		8598		
		8599		
			8764
		8600		
	8761			
		8601		
8655				
		8602		
8656				
			8765


---------------------------------
plain	jelly	coconut	honey-dip
			9006
		8850		
8875				
		8851		
8876				
	9005			
	9006			
	9007			
8877				
			9007
			9008
8878	

---------------------------------
plain	jelly	coconut	honey-dip
			9119
			9120
		8959		
8983				
		8960		
			9121
8984				
			9122
		8961		
8985				
	9107			
			9123


---------------------------------
plain	jelly	coconut	honey-dip
	9246			
	9247			
		9088		
			9263
		9089		
			9264
			9265
	9248			
	9249			
9123				
			9266
			9267


---------------------------------
plain	jelly	coconut	honey-dip
	9385			
		9227		
			9383
9253				
	9386			
			9384
			9385
		9228		
		9229		
		9230		
9254				
		9231	

---------------------------------
plain	jelly	coconut	honey-dip
			9552
9410				
			9553
			9554
9411				
	9543			
			9555
9412				
	9544			
			9556
		9391		
		9392	

---------------------------------
plain	jelly	coconut	honey-dip
			9667
		9524		
		9525		
9544				
	9665			
	9666			
			9668
			9669
9545				
9546				
	9667			
9547	

---------------------------------
plain	jelly	coconut	honey-dip
	9782			
			9777
			9778
9670				
	9783			
9671				
9672				
		9639		
			9779
		9640		
			9780
	9784	

---------------------------------
plain	jelly	coconut	honey-dip
			9900
		9769		
			9901
		9770		
			9902
		9771		
9793				
9794				
		9772		
	9922			
9795				
			9903


---------------------------------
plain	jelly	coconut	honey-dip
9917				
	10062			
		9911		
		9912		
			10046
	10063			
9918				
			10047
	10064			
			10048
	10065			
		9913	

---------------------------------
plain	jelly	coconut	honey-dip
	10199			
	10200			
	10201			
	10202			
	10203			
	10204			
		10052		
			10179
			10180
			10181
	10205			
			10182


---------------------------------
plain	jelly	coconut	honey-dip
		10171		
10152				
		10172		
10153				
			10308
10154				
		10173		
10155				
	10337			
10156				
	10338			
	10339	

---------------------------------
plain	jelly	coconut	honey-dip
		10304		
			10453
			10454
10289				
	10498			
10290				
10291				
	10499			
10292				
	10500			
10293				
10294	

---------------------------------
plain	jelly	coconut	honey-dip
10421				
		10436		
			10585
			10586
10422				
			10587
		10437		
10423				
			10588
10424				
			10589
			10590


---------------------------------
plain	jelly	coconut	honey-dip
		10551		
	10771			
			10724
	10772			
		10552		
			10725
10566				
10567				
			10726
		10553		
			10727
			10728


---------------------------------
plain	jelly	coconut	honey-dip
	10886			
10686				
10687				
10688				
10689				
			10851
	10887			
	10888			
			10852
			10853
		10705		
	10889	

---------------------------------
plain	jelly	coconut	honey-dip
			10987
			10988
		10856		
	11038			
			10989
		10857		
			10990
10847				
10848				
		10858		
10849				
			10991


---------------------------------
plain	jelly	coconut	honey-dip
	11162			
	11163			
10967				
	11164			
10968				
10969				
			11137
			11138
10970				
	11165			
	11166			
10971	

---------------------------------
plain	jelly	coconut	honey-dip
11058				
11059				
			11234
	11271			
			11235
		11089		
			11236
11060				
			11237
			11238
11061				
		11090	

---------------------------------
plain	jelly	coconut	honey-dip
			11444
		11280		
		11281		
			11445
			11446
			11447
11247				
		11282		
			11448
		11283		
			11449
		11284	

---------------------------------
plain	jelly	coconut	honey-dip
11490				
		11533		
11491				
		11534		
11492				
		11535		
			11708
11493				
	11721			
			11709
			11710
11494	

---------------------------------
plain	jelly	coconut	honey-dip
11633				
		11670		
	11831			
11634				
11635				
		11671		
11636				
			11822
		11672		
	11832			
11637				
	11833	

---------------------------------
plain	jelly	coconut	honey-dip
		11810		
		11811		
11812				
		11812		
			11990
		11813		
		11814		
			11991
			11992
			11993
	11968			
		11815	

---------------------------------
plain	jelly	coconut	honey-dip
			12664
		12458		
		12459		
12459				
		12460		
	12567			
12460				
		12461		
		12462		
			12665
		12463		
		12464	

---------------------------------
plain	jelly	coconut	honey-dip
			12970
	12889			
12820				
12821				
			12971
	12890			
	12891			
	12892			
		12801		
12822				
			12972
			12973


---------------------------------
plain	jelly	coconut	honey-dip
			13082
	12975			
		12908		
			13083
		12909		
	12976			
			13084
12947				
		12910		
12948				
		12911		
	12977	

---------------------------------
plain	jelly	coconut	honey-dip
			13280
		13124		
			13281
			13282
13157				
	13179			
	13180			
	13181			
		13125		
			13283
	13182			
	13183	

---------------------------------
plain	jelly	coconut	honey-dip
	13323			
13299				
	13324			
13300				
	13325			
13301				
		13242		
	13326			
	13327			
			13416
	13328			
		13243	

---------------------------------
plain	jelly	coconut	honey-dip
13432				
	13463			
		13370		
13433				
13434				
	13464			
			13543
			13544
13435				
	13465			
			13545
			13546


---------------------------------
plain	jelly	coconut	honey-dip
			13670
	13573			
		13478		
	13574			
			13671
	13575			
		13479		
	13576			
	13577			
	13578			
13567				
	13579	

---------------------------------
plain	jelly	coconut	honey-dip
		13650		
13748				
	13763			
			13847
		13651		
	13764			
	13765			
	13766			
	13767			
			13848
	13768			
		13652	

---------------------------------
plain	jelly	coconut	honey-dip
			14001
		13805		
	13910			
13892				
		13806		
			14002
13893				
	13911			
			14003
	13912			
	13913			
			14004


---------------------------------
plain	jelly	coconut	honey-dip
		13935		
			14152
14008				
		13936		
			14153
14009				
		13937		
14010				
	14053			
	14054			
			14154
			14155


---------------------------------
plain	jelly	coconut	honey-dip
		14089		
	14188			
14143				
			14292
		14090		
		14091		
14144				
		14092		
	14189			
14145				
14146				
		14093	

---------------------------------
plain	jelly	coconut	honey-dip
14280				
14281				
14282				
			14448
14283				
			14449
		14250		
			14450
	14334			
	14335			
		14251		
		14252	

---------------------------------
plain	jelly	coconut	honey-dip
		14391		
	14461			
			14584
		14392		
			14585
			14586
14404				
14405				
	14462			
	14463			
			14587
	14464	

---------------------------------
plain	jelly	coconut	honey-dip
	14580			
			14707
14531				
14532				
			14708
	14581			
14533				
	14582			
		14526		
14534				
	14583			
			14709


---------------------------------
plain	jelly	coconut	honey-dip
	14709			
		14673		
	14710			
			14841
		14674		
		14675		
	14711			
			14842
			14843
14649				
			14844
		14676	

---------------------------------
plain	jelly	coconut	honey-dip
		14819		
	14865			
	14866			
	14867			
		14820		
14794				
			15006
		14821		
14795				
	14868			
	14869			
14796	

---------------------------------
plain	jelly	coconut	honey-dip
	14987			
			15114
	14988			
14933				
14934				
		14942		
			15115
			15116
14935				
		14943		
		14944		
		14945	

---------------------------------
plain	jelly	coconut	honey-dip
15071				
			15252
15072				
			15253
			15254
		15089		
			15255
	15116			
	15117			
15073				
		15090		
			15256


---------------------------------
plain	jelly	coconut	honey-dip
		15224		
		15225		
			15363
		15226		
			15364
	15231			
		15227		
		15228		
		15229		
	15232			
15202				
			15365


---------------------------------
plain	jelly	coconut	honey-dip
			15532
		15404		
			15533
	15429			
			15534
			15535
	15430			
	15431			
15375				
			15536
	15432			
			15537


---------------------------------
plain	jelly	coconut	honey-dip
			15696
	15576			
	15577			
		15560		
	15578			
			15697
		15561		
			15698
	15579			
			15699
		15562		
		15563	

---------------------------------
plain	jelly	coconut	honey-dip
15648				
			15826
15649				
	15717			
			15827
15650				
			15828
			15829
		15713		
		15714		
15651				
		15715	

---------------------------------
plain	jelly	coconut	honey-dip
			16008
	15898			
		15912		
		15913		
	15899			
15854				
15855				
			16009
		15914		
			16010
		15915		
	15900	

---------------------------------
plain	jelly	coconut	honey-dip
16001				
16002				
		16032		
			16144
			16145
16003				
		16033		
	16047			
	16048			
			16146
		16034		
			16147


---------------------------------
plain	jelly	coconut	honey-dip
16212				
		16248		
			16351
			16352
		16249		
16213				
			16353
		16250		
			16354
	16253			
	16254			
16214	

---------------------------------
plain	jelly	coconut	honey-dip
			16506
			16507
		16415		
			16508
			16509
			16510
		16416		
			16511
	16414			
16365				
	16415			
16366	

---------------------------------
plain	jelly	coconut	honey-dip
16489				
			16618
	16562			
			16619
	16563			
16490				
	16564			
		16559		
	16565			
16491				
16492				
16493	

---------------------------------
plain	jelly	coconut	honey-dip
	16679			
16601				
16602				
	16680			
	16681			
		16663		
			16741
16603				
		16664		
			16742
		16665		
			16743


---------------------------------
plain	jelly	coconut	honey-dip
	16820			
	16821			
		16790		
			16879
16759				
		16791		
16760				
		16792		
			16880
		16793		
	16822			
	16823	

---------------------------------
plain	jelly	coconut	honey-dip
	16948			
			17019
16927				
			17020
		16930		
			17021
			17022
	16949			
	16950			
16928				
	16951			
			17023


---------------------------------
plain	jelly	coconut	honey-dip
			17130
			17131
		17075		
	17074			
			17132
		17076		
	17075			
			17133
	17076			
	17077			
17037				
		17077	

---------------------------------
plain	jelly	coconut	honey-dip
	17210			
17178				
		17243		
	17211			
	17212			
17179				
	17213			
			17273
17180				
			17274
17181				
			17275


---------------------------------
plain	jelly	coconut	honey-dip
		17370		
		17371		
		17372		
		17373		
	17334			
		17374		
	17335			
17310				
		17375		
		17376		
			17406
17311	

---------------------------------
plain	jelly	coconut	honey-dip
	17491			
	17492			
			17552
		17540		
			17553
17473				
	17493			
			17554
	17494			
			17555
17474				
17475	

---------------------------------
plain	jelly	coconut	honey-dip
		17657		
	17628			
	17629			
17592				
		17658		
	17630			
17593				
17594				
			17671
	17631			
		17659		
17595	

---------------------------------
plain	jelly	coconut	honey-dip
		17791		
		17792		
		17793		
17741				
		17794		
			17819
		17795		
17742				
17743				
			17820
			17821
		17796	

---------------------------------
plain	jelly	coconut	honey-dip
		17965		
17882				
		17966		
			17937
			17938
		17967		
	17892			
	17893			
		17968		
	17894			
17883				
17884	

---------------------------------
plain	jelly	coconut	honey-dip
			18125
	18092			
	18093			
			18126
			18127
18076				
18077				
		18151		
			18128
		18152		
	18094			
		18153	

---------------------------------
plain	jelly	coconut	honey-dip
		18266		
18212				
18213				
	18227			
18214				
	18228			
	18229			
	18230			
18215				
			18255
	18231			
18216	

---------------------------------
plain	jelly	coconut	honey-dip
18336				
			18365
		18389		
			18366
18337				
	18350			
18338				
			18367
18339				
		18390		
		18391		
18340	

---------------------------------
plain	jelly	coconut	honey-dip
		18560		
			18517
		18561		
	18513			
18510				
18511				
	18514			
18512				
18513				
		18562		
			18518
18514	

---------------------------------
plain	jelly	coconut	honey-dip
		18719		
			18663
			18664
	18657			
			18665
18649				
18650				
	18658			
		18720		
			18666
		18721		
	18659	

---------------------------------
plain	jelly	coconut	honey-dip
	18783			
			18800
18784				
		18825		
			18801
	18784			
18785				
			18802
		18826		
			18803
		18827		
18786	

---------------------------------
plain	jelly	coconut	honey-dip
	18926			
18932				
		18967		
18933				
		18968		
		18969		
18934				
18935				
	18927			
18936				
		18970		
18937	

---------------------------------
plain	jelly	coconut	honey-dip
19094				
			19082
	19069			
			19083
			19084
	19070			
		19123		
	19071			
	19072			
	19073			
19095				
	19074	

---------------------------------
plain	jelly	coconut	honey-dip
			19211
		19237		
		19238		
			19212
	19190			
		19239		
		19240		
			19213
		19241		
			19214
		19242		
19210	

---------------------------------
plain	jelly	coconut	honey-dip
	19322			
			19370
19371				
		19409		
	19323			
	19324			
19372				
			19371
			19372
19373				
		19410		
19374	

---------------------------------
plain	jelly	coconut	honey-dip
			19580
			19581
	19511			
	19512			
19578				
		19583		
19579				
			19582
	19513			
	19514			
	19515			
		19584	

---------------------------------
plain	jelly	coconut	honey-dip
19717				
		19716		
19718				
			19718
19719				
	19641			
		19717		
		19718		
19720				
	19642			
	19643			
	19644	

---------------------------------
plain	jelly	coconut	honey-dip
			19843
		19861		
	19766			
		19862		
			19844
			19845
	19767			
19838				
19839				
		19863		
19840				
		19864	

---------------------------------
plain	jelly	coconut	honey-dip
		20021		
		20022		
19978				
19979				
			20010
	19911			
	19912			
			20011
			20012
		20023		
		20024		
			20013


---------------------------------
plain	jelly	coconut	honey-dip
		20218		
		20219		
	20141			
			20226
	20142			
20187				
	20143			
	20144			
		20220		
			20227
20188				
	20145	

---------------------------------
plain	jelly	coconut	honey-dip
	20405			
	20406			
20462				
		20515		
20463				
	20407			
			20494
20464				
		20516		
	20408			
20465				
20466	

---------------------------------
plain	jelly	coconut	honey-dip
20587				
		20647		
	20536			
	20537			
		20648		
		20649		
		20650		
20588				
	20538			
	20539			
20589				
			20634


---------------------------------
plain	jelly	coconut	honey-dip
		20804		
20732				
		20805		
			20774
		20806		
			20775
		20807		
20733				
	20670			
20734				
	20671			
		20808	

---------------------------------
plain	jelly	coconut	honey-dip
		20968		
	20815			
	20816			
			20946
	20817			
			20947
20935				
	20818			
20936				
		20969		
	20819			
	20820	

---------------------------------
plain	jelly	coconut	honey-dip
21065				
		21102		
			21069
	20944			
21066				
			21070
		21103		
		21104		
21067				
	20945			
		21105		
			21071


---------------------------------
plain	jelly	coconut	honey-dip
			21211
		21236		
		21237		
			21212
			21213
		21238		
		21239		
	21088			
		21240		
		21241		
			21214
			21215


---------------------------------
plain	jelly	coconut	honey-dip
			21382
	21243			
21348				
21349				
			21383
			21384
		21395		
21350				
			21385
			21386
21351				
		21396	

---------------------------------
plain	jelly	coconut	honey-dip
			21504
21494				
21495				
21496				
			21505
21497				
			21506
			21507
		21534		
		21535		
	21364			
		21536	

---------------------------------
plain	jelly	coconut	honey-dip
			21696
		21720		
		21721		
		21722		
	21561			
			21697
21699				
21700				
21701				
	21562			
21702				
			21698


---------------------------------
plain	jelly	coconut	honey-dip
		21867		
	21707			
21845				
21846				
	21708			
			21845
			21846
21847				
		21868		
			21847
	21709			
	21710	

---------------------------------
plain	jelly	coconut	honey-dip
		22000		
			21964
			21965
	21836			
		22001		
	21837			
			21966
21968				
21969				
21970				
	21838			
		22002	

---------------------------------
plain	jelly	coconut	honey-dip
		22133		
	21992			
22104				
		22134		
			22103
	21993			
22105				
	21994			
22106				
		22135		
		22136		
		22137	

---------------------------------
plain	jelly	coconut	honey-dip
		22312		
22256				
			22248
		22313		
	22152			
	22153			
			22249
	22154			
			22250
22257				
22258				
	22155	

---------------------------------
plain	jelly	coconut	honey-dip
			22375
			22376
			22377
			22378
			22379
22390				
		22470		
22391				
	22297			
22392				
22393				
22394	

---------------------------------
plain	jelly	coconut	honey-dip
		22561		
22492				
22493				
			22493
		22562		
22494				
	22394			
		22563		
22495				
	22395			
22496				
	22396	

---------------------------------
plain	jelly	coconut	honey-dip
	22629			
	22630			
		22758		
			22682
22699				
		22759		
22700				
		22760		
	22631			
		22761		
	22632			
	22633	

---------------------------------
plain	jelly	coconut	honey-dip
22844				
			22853
			22854
22845				
			22855
			22856
22846				
22847				
			22857
		22901		
22848				
22849	

---------------------------------
plain	jelly	coconut	honey-dip
		23095		
			23037
23033				
23034				
	22971			
		23096		
	22972			
23035				
	22973			
23036				
			23038
	22974	

---------------------------------
plain	jelly	coconut	honey-dip
		23275		
		23276		
		23277		
23208				
	23146			
			23203
		23278		
23209				
			23204
			23205
			23206
			23207


---------------------------------
plain	jelly	coconut	honey-dip
		23403		
			23340
			23341
23335				
		23404		
			23342
	23294			
23336				
		23405		
	23295			
23337				
23338	

---------------------------------
plain	jelly	coconut	honey-dip
			23468
			23469
23466				
			23470
		23556		
		23557		
		23558		
	23422			
	23423			
		23559		
	23424			
23467	

---------------------------------
plain	jelly	coconut	honey-dip
		23717		
	23578			
	23579			
		23718		
23613				
		23719		
		23720		
23614				
23615				
23616				
		23721		
		23722	

---------------------------------
plain	jelly	coconut	honey-dip
	23729			
23789				
	23730			
23790				
		23890		
23791				
23792				
	23731			
			23800
23793				
23794				
			23801


---------------------------------
plain	jelly	coconut	honey-dip
		24069		
			23950
		24070		
23934				
23935				
			23951
			23952
	23903			
	23904			
		24071		
23936				
23937	

---------------------------------
plain	jelly	coconut	honey-dip
		24195		
			24065
24050				
			24066
	24026			
	24027			
24051				
24052				
		24196		
			24067
	24028			
			24068


---------------------------------
plain	jelly	coconut	honey-dip
24167				
24168				
	24151			
	24152			
24169				
		24321		
	24153			
			24177
			24178
		24322		
			24179
			24180


---------------------------------
plain	jelly	coconut	honey-dip
24318				
		24445		
			24300
			24301
24319				
			24302
24320				
		24446		
		24447		
		24448		
	24305			
	24306	

---------------------------------
plain	jelly	coconut	honey-dip
			24418
			24419
		24589		
			24420
			24421
		24590		
	24433			
		24591		
		24592		
		24593		
		24594		
			24422


---------------------------------
plain	jelly	coconut	honey-dip
	24617			
			24559
			24560
24620				
	24618			
24621				
		24760		
24622				
	24619			
		24761		
	24620			
			24561


---------------------------------
plain	jelly	coconut	honey-dip
	24796			
24801				
			24742
24802				
24803				
			24743
24804				
		24913		
24805				
		24914		
24806				
			24744


---------------------------------
plain	jelly	coconut	honey-dip
		25084		
24995				
		25085		
24996				
			24933
		25086		
24997				
		25087		
	24984			
	24985			
		25088		
	24986	

---------------------------------
plain	jelly	coconut	honey-dip
		25245		
25145				
			25094
25146				
			25095
			25096
	25148			
25147				
25148				
25149				
	25149			
		25246	

---------------------------------
plain	jelly	coconut	honey-dip
25281				
			25208
			25209
25282				
			25210
	25277			
25283				
25284				
			25211
	25278			
		25382		
		25383	

---------------------------------
plain	jelly	coconut	honey-dip
			25374
25434				
		25584		
			25375
	25440			
			25376
		25585		
			25377
25435				
			25378
	25441			
			25379


---------------------------------
plain	jelly	coconut	honey-dip
		25711		
	25561			
		25712		
			25517
			25518
25547				
	25562			
25548				
	25563			
25549				
	25564			
		25713	

---------------------------------
plain	jelly	coconut	honey-dip
	25713			
	25714			
	25715			
		25850		
25696				
	25716			
		25851		
			25665
			25666
			25667
	25717			
			25668


---------------------------------
plain	jelly	coconut	honey-dip
	25881			
	25882			
			25855
25874				
		26046		
	25883			
	25884			
	25885			
	25886			
25875				
		26047		
			25856


---------------------------------
plain	jelly	coconut	honey-dip
26008				
26009				
26010				
		26186		
26011				
26012				
		26187		
	26025			
26013				
		26188		
	26026			
	26027	

---------------------------------
plain	jelly	coconut	honey-dip
			26101
26107				
			26102
			26103
		26315		
26108				
	26117			
26109				
26110				
			26104
	26118			
			26105


---------------------------------
plain	jelly	coconut	honey-dip
26250				
	26260			
		26446		
	26261			
	26262			
26251				
26252				
	26263			
		26447		
			26260
	26264			
			26261


---------------------------------
plain	jelly	coconut	honey-dip
	26435			
		26637		
		26638		
			26413
		26639		
			26414
26415				
	26436			
	26437			
			26415
			26416
			26417


---------------------------------
plain	jelly	coconut	honey-dip
26587				
			26569
	26587			
			26570
26588				
		26805		
26589				
	26588			
			26571
	26589			
	26590			
	26591	

---------------------------------
plain	jelly	coconut	honey-dip
		26898		
		26899		
26695				
26696				
	26681			
		26900		
	26682			
	26683			
26697				
		26901		
		26902		
26698	

---------------------------------
plain	jelly	coconut	honey-dip
			26766
	26790			
			26767
	26791			
		27003		
26793				
26794				
		27004		
		27005		
			26768
	26792			
26795	

---------------------------------
plain	jelly	coconut	honey-dip
			26888
26898				
26899				
	26911			
		27111		
		27112		
	26912			
26900				
26901				
	26913			
		27113		
26902	

---------------------------------
plain	jelly	coconut	honey-dip
		27298		
27080				
			27048
		27299		
	27054			
27081				
27082				
		27300		
	27055			
			27049
		27301		
			27050


---------------------------------
plain	jelly	coconut	honey-dip
		27394		
	27135			
27205				
27206				
		27395		
	27136			
		27396		
			27154
		27397		
			27155
	27137			
27207	

---------------------------------
plain	jelly	coconut	honey-dip
	27253			
			27272
			27273
	27254			
			27274
	27255			
		27513		
		27514		
27330				
		27515		
27331				
27332	

---------------------------------
plain	jelly	coconut	honey-dip
			27380
27455				
	27350			
27456				
		27627		
			27381
27457				
	27351			
27458				
	27352			
	27353			
		27628	

---------------------------------
plain	jelly	coconut	honey-dip
		27753		
27607				
27608				
			27495
	27497			
		27754		
			27496
27609				
	27498			
		27755		
		27756		
	27499	

---------------------------------
plain	jelly	coconut	honey-dip
		27840		
		27841		
27738				
	27616			
			27626
27739				
			27627
	27617			
			27628
			27629
	27618			
			27630


---------------------------------
plain	jelly	coconut	honey-dip
	27745			
		27962		
	27746			
27851				
	27747			
27852				
	27748			
27853				
		27963		
	27749			
		27964		
		27965	

---------------------------------
plain	jelly	coconut	honey-dip
			27874
	27882			
			27875
27988				
	27883			
			27876
			27877
	27884			
		28096		
27989				
27990				
	27885	

---------------------------------
plain	jelly	coconut	honey-dip
			27978
		28196		
	28011			
		28197		
	28012			
			27979
28075				
	28013			
			27980
			27981
			27982
	28014	

---------------------------------
plain	jelly	coconut	honey-dip
	28117			
			28079
		28280		
28180				
28181				
28182				
28183				
			28080
	28118			
28184				
			28081
	28119	

---------------------------------
plain	jelly	coconut	honey-dip
	28182			
28289				
	28183			
			28170
			28171
			28172
		28375		
			28173
	28184			
			28174
	28185			
			28175


---------------------------------
plain	jelly	coconut	honey-dip
	28391			
		28587		
			28375
		28588		
		28589		
28527				
			28376
		28590		
28528				
28529				
			28377
	28392	

---------------------------------
plain	jelly	coconut	honey-dip
		28676		
	28474			
28610				
	28475			
28611				
			28456
28612				
		28677		
	28476			
			28457
	28477			
28613	

---------------------------------
plain	jelly	coconut	honey-dip
	28592			
28747				
			28575
			28576
28748				
28749				
28750				
28751				
		28806		
			28577
28752				
	28593	

---------------------------------
plain	jelly	coconut	honey-dip
28824				
		28873		
			28646
28825				
		28874		
	28653			
			28647
28826				
			28648
			28649
			28650
		28875	

---------------------------------
plain	jelly	coconut	honey-dip
	28720			
			28709
		28944		
28887				
		28945		
28888				
			28710
28889				
			28711
	28721			
	28722			
28890	

---------------------------------
plain	jelly	coconut	honey-dip
	28805			
28964				
		29037		
	28806			
		29038		
		29039		
28965				
		29040		
	28807			
	28808			
			28802
			28803


---------------------------------
plain	jelly	coconut	honey-dip
		29129		
29047				
29048				
			28909
29049				
			28910
29050				
29051				
			28911
			28912
		29130		
		29131	

---------------------------------
plain	jelly	coconut	honey-dip
		29255		
	29031			
		29256		
			29075
		29257		
29195				
	29032			
		29258		
		29259		
29196				
		29260		
	29033	

---------------------------------
plain	jelly	coconut	honey-dip
			29131
			29132
			29133
		29315		
			29134
29246				
		29316		
			29135
	29092			
			29136
	29093			
		29317	

---------------------------------
plain	jelly	coconut	honey-dip
29312				
29313				
29314				
29315				
29316				
		29378		
		29379		
29317				
29318				
29319				
		29380		
	29137	

---------------------------------
plain	jelly	coconut	honey-dip
		29433		
29389				
			29256
	29186			
	29187			
29390				
29391				
		29434		
	29188			
			29257
		29435		
29392	

---------------------------------
plain	jelly	coconut	honey-dip
29467				
29468				
	29255			
29469				
			29334
	29256			
	29257			
			29335
			29336
			29337
		29496		
		29497	

---------------------------------
plain	jelly	coconut	honey-dip
		29562		
		29563		
			29397
			29398
	29313			
	29314			
29544				
		29564		
			29399
	29315			
			29400
		29565	

---------------------------------
plain	jelly	coconut	honey-dip
	29359			
			29449
	29360			
			29450
		29608		
29592				
			29451
29593				
			29452
29594				
			29453
	29361	

---------------------------------
plain	jelly	coconut	honey-dip
			29501
			29502
		29669		
	29403			
	29404			
29639				
			29503
		29670		
			29504
		29671		
		29672		
		29673	

---------------------------------
plain	jelly	coconut	honey-dip
			29533
		29701		
29672				
	29438			
	29439			
29673				
		29702		
	29440			
			29534
			29535
	29441			
			29536


---------------------------------
plain	jelly	coconut	honey-dip
29723				
29724				
29725				
			29574
	29485			
	29486			
	29487			
29726				
			29575
			29576
			29577
	29488	

---------------------------------
plain	jelly	coconut	honey-dip
			29671
		29842		
		29843		
29818				
			29672
			29673
	29577			
		29844		
	29578			
	29579			
	29580			
29819	

---------------------------------
plain	jelly	coconut	honey-dip
			29704
			29705
		29880		
29861				
	29631			
	29632			
			29706
29862				
	29633			
		29881		
			29707
29863	

---------------------------------
plain	jelly	coconut	honey-dip
29893				
			29740
			29741
			29742
	29665			
		29910		
29894				
	29666			
			29743
		29911		
	29667			
29895	

---------------------------------
plain	jelly	coconut	honey-dip
29918				
			29772
		29931		
		29932		
			29773
		29933		
			29774
	29695			
		29934		
29919				
29920				
		29935	

