---------------------------------
plain	jelly	coconut	honey-dip
			3
	6			
7				
	7			
	8			
		8		
		9		
		10		
	9			
		11		
	10			
			4


---------------------------------
plain	jelly	coconut	honey-dip
22				
	24			
		31		
23				
	25			
24				
25				
	26			
		32		
		33		
		34		
			19


---------------------------------
plain	jelly	coconut	honey-dip
		54		
			45
	46			
47				
		55		
			46
			47
		56		
		57		
48				
			48
49	

---------------------------------
plain	jelly	coconut	honey-dip
	79			
79				
	80			
80				
		86		
	81			
			68
	82			
			69
		87		
	83			
	84	

---------------------------------
plain	jelly	coconut	honey-dip
110				
			91
		119		
			92
111				
		120		
112				
113				
			93
		121		
		122		
			94


---------------------------------
plain	jelly	coconut	honey-dip
			126
	142			
		149		
			127
		150		
	143			
	144			
	145			
		151		
			128
		152		
159	

---------------------------------
plain	jelly	coconut	honey-dip
192				
193				
			157
		184		
			158
		185		
194				
195				
	175			
			159
			160
	176	

---------------------------------
plain	jelly	coconut	honey-dip
226				
	205			
		211		
227				
			186
		212		
			187
228				
229				
			188
	206			
	207	

---------------------------------
plain	jelly	coconut	honey-dip
		253		
	251			
			224
	252			
256				
			225
		254		
	253			
257				
			226
		255		
			227


---------------------------------
plain	jelly	coconut	honey-dip
		293		
			262
		294		
		295		
	280			
293				
294				
295				
296				
			263
297				
			264


---------------------------------
plain	jelly	coconut	honey-dip
			295
	315			
322				
		328		
	316			
	317			
		329		
			296
		330		
			297
323				
	318	

---------------------------------
plain	jelly	coconut	honey-dip
		351		
353				
			329
354				
	347			
	348			
			330
355				
		352		
		353		
		354		
	349	

---------------------------------
plain	jelly	coconut	honey-dip
			360
	368			
	369			
374				
		374		
375				
		375		
		376		
		377		
376				
		378		
			361


---------------------------------
plain	jelly	coconut	honey-dip
		408		
			382
			383
		409		
			384
	394			
	395			
			385
	396			
		410		
			386
			387


---------------------------------
plain	jelly	coconut	honey-dip
			415
			416
			417
	426			
425				
426				
		438		
427				
			418
428				
	427			
	428	

---------------------------------
plain	jelly	coconut	honey-dip
473				
474				
475				
476				
477				
		473		
	465			
	466			
		474		
	467			
		475		
	468	

---------------------------------
plain	jelly	coconut	honey-dip
			476
	495			
	496			
513				
	497			
	498			
514				
	499			
		508		
	500			
	501			
		509	

---------------------------------
plain	jelly	coconut	honey-dip
547				
548				
549				
550				
	545			
		542		
	546			
			526
			527
551				
		543		
	547	

---------------------------------
plain	jelly	coconut	honey-dip
		575		
	584			
587				
	585			
		576		
			558
		577		
588				
589				
			559
	586			
			560


---------------------------------
plain	jelly	coconut	honey-dip
		616		
		617		
622				
			594
			595
		618		
		619		
			596
		620		
		621		
		622		
623	

---------------------------------
plain	jelly	coconut	honey-dip
		655		
		656		
648				
		657		
		658		
		659		
649				
		660		
		661		
	651			
			626
650	

---------------------------------
plain	jelly	coconut	honey-dip
		711		
		712		
		713		
702				
	715			
703				
704				
		714		
705				
706				
	716			
			692


---------------------------------
plain	jelly	coconut	honey-dip
	774			
			761
	775			
			762
	776			
		781		
			763
	777			
756				
		782		
		783		
		784	

---------------------------------
plain	jelly	coconut	honey-dip
814				
815				
		851		
		852		
			831
816				
817				
818				
		853		
819				
820				
	828	

---------------------------------
plain	jelly	coconut	honey-dip
			915
890				
891				
892				
		919		
			916
	900			
	901			
893				
894				
			917
895	

---------------------------------
plain	jelly	coconut	honey-dip
		975		
951				
			972
	954			
		976		
		977		
952				
			973
953				
	955			
954				
		978	

---------------------------------
plain	jelly	coconut	honey-dip
		1042		
1008				
1009				
		1043		
		1044		
			1034
			1035
	1020			
	1021			
			1036
	1022			
	1023	

---------------------------------
plain	jelly	coconut	honey-dip
	1178			
			1159
			1160
1143				
	1179			
1144				
1145				
1146				
	1180			
	1181			
	1182			
			1161


---------------------------------
plain	jelly	coconut	honey-dip
	1263			
1212				
		1240		
1213				
			1229
	1264			
		1241		
	1265			
	1266			
	1267			
	1268			
		1242	

---------------------------------
plain	jelly	coconut	honey-dip
	1364			
		1349		
			1326
		1350		
			1327
1313				
1314				
1315				
	1365			
1316				
		1351		
1317	

---------------------------------
plain	jelly	coconut	honey-dip
		1439		
1394				
		1440		
	1447			
		1441		
			1408
			1409
1395				
			1410
		1442		
			1411
			1412


---------------------------------
plain	jelly	coconut	honey-dip
	1525			
1470				
1471				
			1502
			1503
	1526			
			1504
			1505
1472				
	1527			
			1506
1473	

---------------------------------
plain	jelly	coconut	honey-dip
	1590			
1555				
	1591			
		1589		
		1590		
		1591		
1556				
		1592		
		1593		
1557				
1558				
	1592	

---------------------------------
plain	jelly	coconut	honey-dip
	1739			
1689				
1690				
			1727
			1728
1691				
1692				
		1721		
	1740			
			1729
		1722		
	1741	

---------------------------------
plain	jelly	coconut	honey-dip
1771				
	1814			
	1815			
			1803
			1804
	1816			
	1817			
		1800		
1772				
		1801		
			1805
1773	

---------------------------------
plain	jelly	coconut	honey-dip
			1905
	1889			
1870				
	1890			
		1884		
			1906
1871				
	1891			
	1892			
			1907
1872				
	1893	

---------------------------------
plain	jelly	coconut	honey-dip
	1965			
1934				
1935				
		1944		
	1966			
1936				
	1967			
			1993
1937				
1938				
1939				
	1968	

---------------------------------
plain	jelly	coconut	honey-dip
		2081		
2063				
2064				
2065				
			2120
			2121
		2082		
2066				
		2083		
		2084		
		2085		
	2100	

---------------------------------
plain	jelly	coconut	honey-dip
2182				
		2213		
			2244
	2229			
			2245
2183				
			2246
	2230			
		2214		
2184				
2185				
			2247


---------------------------------
plain	jelly	coconut	honey-dip
			2350
	2342			
			2351
			2352
2288				
2289				
2290				
2291				
2292				
2293				
2294				
			2353


---------------------------------
plain	jelly	coconut	honey-dip
		2419		
			2447
			2448
			2449
	2422			
2408				
	2423			
			2450
		2420		
	2424			
2409				
	2425	

---------------------------------
plain	jelly	coconut	honey-dip
			2548
			2549
	2535			
			2550
	2536			
2498				
2499				
		2523		
2500				
	2537			
	2538			
			2551


---------------------------------
plain	jelly	coconut	honey-dip
			2666
		2628		
			2667
		2629		
			2668
2591				
	2639			
		2630		
		2631		
		2632		
		2633		
	2640	

---------------------------------
plain	jelly	coconut	honey-dip
	2763			
			2791
			2792
		2768		
			2793
			2794
			2795
	2764			
	2765			
2730				
		2769		
2731	

---------------------------------
plain	jelly	coconut	honey-dip
		2867		
		2868		
		2869		
2836				
2837				
2838				
2839				
			2915
		2870		
		2871		
2840				
	2866	

---------------------------------
plain	jelly	coconut	honey-dip
	3066			
3079				
			3124
	3067			
		3091		
			3125
		3092		
		3093		
	3068			
			3126
			3127
			3128


---------------------------------
plain	jelly	coconut	honey-dip
3231				
	3203			
	3204			
	3205			
3232				
3233				
		3227		
			3299
	3206			
			3300
	3207			
3234	

---------------------------------
plain	jelly	coconut	honey-dip
		3328		
		3329		
		3330		
		3331		
			3406
			3407
	3328			
		3332		
			3408
3354				
		3333		
	3329	

---------------------------------
plain	jelly	coconut	honey-dip
		3497		
		3498		
3489				
		3499		
			3554
3490				
	3452			
	3453			
			3555
			3556
		3500		
3491	

---------------------------------
plain	jelly	coconut	honey-dip
	3581			
		3633		
	3582			
	3583			
			3685
		3634		
			3686
	3584			
			3687
3609				
3610				
3611	

---------------------------------
plain	jelly	coconut	honey-dip
3706				
		3756		
		3757		
	3709			
3707				
3708				
		3758		
	3710			
		3759		
	3711			
			3817
	3712	

---------------------------------
plain	jelly	coconut	honey-dip
	4028			
			4106
	4029			
	4030			
			4107
4007				
	4031			
4008				
4009				
	4032			
			4108
	4033	

---------------------------------
plain	jelly	coconut	honey-dip
			4240
	4163			
4162				
			4241
			4242
4163				
			4243
		4175		
4164				
		4176		
4165				
			4244


---------------------------------
plain	jelly	coconut	honey-dip
		4268		
4254				
			4349
		4269		
			4350
		4270		
4255				
		4271		
4256				
		4272		
			4351
		4273	

---------------------------------
plain	jelly	coconut	honey-dip
4673				
	4686			
			4757
4674				
	4687			
			4758
4675				
			4759
	4688			
	4689			
	4690			
		4688	

---------------------------------
plain	jelly	coconut	honey-dip
		4795		
4824				
	4829			
			4872
4825				
	4830			
			4873
		4796		
			4874
	4831			
	4832			
			4875


---------------------------------
plain	jelly	coconut	honey-dip
4954				
		4917		
		4918		
			4985
4955				
			4986
			4987
4956				
			4988
	4968			
			4989
			4990


---------------------------------
plain	jelly	coconut	honey-dip
5042				
			5116
5043				
5044				
		5033		
		5034		
		5035		
	5065			
5045				
		5036		
5046				
			5117


---------------------------------
plain	jelly	coconut	honey-dip
			5234
	5227			
		5179		
		5180		
5168				
		5181		
5169				
	5228			
	5229			
5170				
		5182		
		5183	

---------------------------------
plain	jelly	coconut	honey-dip
5363				
	5412			
	5413			
5364				
			5418
	5414			
		5359		
		5360		
5365				
		5361		
			5419
			5420


---------------------------------
plain	jelly	coconut	honey-dip
	5540			
			5520
		5475		
	5541			
5497				
5498				
		5476		
			5521
	5542			
		5477		
	5543			
	5544	

---------------------------------
plain	jelly	coconut	honey-dip
	5660			
			5641
	5661			
			5642
		5613		
	5662			
			5643
	5663			
	5664			
5622				
	5665			
	5666	

---------------------------------
plain	jelly	coconut	honey-dip
5712				
	5751			
			5724
		5709		
		5710		
		5711		
	5752			
	5753			
		5712		
	5754			
	5755			
			5725


---------------------------------
plain	jelly	coconut	honey-dip
5855				
		5845		
	5916			
			5868
		5846		
	5917			
	5918			
		5847		
	5919			
5856				
		5848		
	5920	

---------------------------------
plain	jelly	coconut	honey-dip
6030				
	6106			
		6016		
		6017		
			6064
6031				
			6065
			6066
			6067
	6107			
			6068
	6108	

---------------------------------
plain	jelly	coconut	honey-dip
		6140		
	6249			
			6203
	6250			
	6251			
			6204
	6252			
	6253			
		6141		
		6142		
6152				
		6143	

---------------------------------
plain	jelly	coconut	honey-dip
			6396
		6342		
		6343		
6327				
	6459			
	6460			
6328				
6329				
		6344		
			6397
		6345		
		6346	

---------------------------------
plain	jelly	coconut	honey-dip
		6497		
	6623			
			6539
			6540
		6498		
6489				
		6499		
6490				
6491				
		6500		
			6541
			6542


---------------------------------
plain	jelly	coconut	honey-dip
			6727
			6728
			6729
6698				
		6663		
	6792			
		6664		
6699				
		6665		
6700				
			6730
	6793	

---------------------------------
plain	jelly	coconut	honey-dip
	6906			
		6785		
			6877
			6878
	6907			
6840				
6841				
	6908			
		6786		
6842				
	6909			
	6910	

---------------------------------
plain	jelly	coconut	honey-dip
			7023
			7024
			7025
			7026
			7027
	7032			
		6906		
6975				
			7028
		6907		
	7033			
6976	

---------------------------------
plain	jelly	coconut	honey-dip
		7020		
7087				
	7158			
	7159			
		7021		
	7160			
	7161			
			7163
	7162			
7088				
7089				
		7022	

---------------------------------
plain	jelly	coconut	honey-dip
			7307
7212				
7213				
			7308
		7172		
7214				
		7173		
7215				
		7174		
	7301			
		7175		
		7176	

---------------------------------
plain	jelly	coconut	honey-dip
7360				
		7345		
7361				
			7467
	7468			
			7468
			7469
	7469			
7362				
		7346		
7363				
		7347	

---------------------------------
plain	jelly	coconut	honey-dip
7488				
		7467		
			7583
7489				
	7606			
	7607			
	7608			
		7468		
		7469		
		7470		
	7609			
7490	

---------------------------------
plain	jelly	coconut	honey-dip
7689				
7690				
7691				
7692				
	7823			
			7837
7693				
7694				
			7838
	7824			
		7683		
	7825	

---------------------------------
plain	jelly	coconut	honey-dip
		7790		
7827				
7828				
			7962
	7957			
		7791		
		7792		
			7963
		7793		
		7794		
		7795		
		7796	

---------------------------------
plain	jelly	coconut	honey-dip
8013				
			8158
			8159
			8160
	8122			
			8161
			8162
8014				
		7963		
		7964		
8015				
	8123	

---------------------------------
plain	jelly	coconut	honey-dip
		8069		
	8233			
	8234			
			8264
8134				
		8070		
		8071		
	8235			
	8236			
		8072		
	8237			
		8073	

---------------------------------
plain	jelly	coconut	honey-dip
	8471			
			8466
	8472			
		8287		
			8467
			8468
	8473			
		8288		
8340				
	8474			
			8469
			8470


---------------------------------
plain	jelly	coconut	honey-dip
	8591			
			8585
			8586
			8587
8456				
	8592			
		8400		
8457				
8458				
		8401		
8459				
		8402	

---------------------------------
plain	jelly	coconut	honey-dip
			8714
		8548		
	8719			
8603				
		8549		
8604				
	8720			
		8550		
8605				
		8551		
8606				
		8552	

---------------------------------
plain	jelly	coconut	honey-dip
			8884
		8720		
	8876			
8752				
			8885
			8886
			8887
	8877			
8753				
	8878			
	8879			
8754	

---------------------------------
plain	jelly	coconut	honey-dip
8851				
		8823		
			8980
	8986			
8852				
			8981
	8987			
8853				
			8982
			8983
8854				
	8988	

---------------------------------
plain	jelly	coconut	honey-dip
	9087			
8960				
	9088			
		8934		
	9089			
8961				
			9103
8962				
			9104
		8935		
	9090			
8963	

---------------------------------
plain	jelly	coconut	honey-dip
	9221			
	9222			
	9223			
		9064		
9098				
		9065		
9099				
	9224			
9100				
			9241
	9225			
			9242


---------------------------------
plain	jelly	coconut	honey-dip
9230				
9231				
	9359			
		9202		
	9360			
			9361
	9361			
9232				
			9362
			9363
	9362			
9233	

---------------------------------
plain	jelly	coconut	honey-dip
		9337		
		9338		
		9339		
		9340		
		9341		
9340				
		9342		
		9343		
9341				
9342				
			9498
9343	

---------------------------------
plain	jelly	coconut	honey-dip
	9697			
		9547		
9570				
9571				
	9698			
		9548		
	9699			
		9549		
		9550		
	9700			
9572				
	9701	

---------------------------------
plain	jelly	coconut	honey-dip
	9828			
	9829			
		9687		
	9830			
			9834
9711				
9712				
		9688		
	9831			
		9689		
9713				
9714	

---------------------------------
plain	jelly	coconut	honey-dip
9826				
9827				
9828				
		9819		
		9820		
		9821		
		9822		
		9823		
	9972			
9829				
			9947
			9948


---------------------------------
plain	jelly	coconut	honey-dip
			10107
		9974		
9977				
		9975		
		9976		
	10130			
	10131			
			10108
			10109
		9977		
	10132			
		9978	

---------------------------------
plain	jelly	coconut	honey-dip
	10340			
	10341			
		10174		
	10342			
		10175		
		10176		
			10309
10157				
	10343			
	10344			
		10177		
			10310


---------------------------------
plain	jelly	coconut	honey-dip
10314				
	10517			
			10478
	10518			
		10331		
	10519			
		10332		
10315				
		10333		
		10334		
10316				
10317	

---------------------------------
plain	jelly	coconut	honey-dip
		10469		
10447				
	10665			
	10666			
			10623
10448				
10449				
10450				
	10667			
			10624
10451				
	10668	

---------------------------------
plain	jelly	coconut	honey-dip
			10750
	10784			
		10567		
	10785			
		10568		
10583				
10584				
			10751
		10569		
10585				
	10786			
10586	

---------------------------------
plain	jelly	coconut	honey-dip
			10876
	10909			
10720				
10721				
	10910			
	10911			
			10877
10722				
10723				
10724				
			10878
			10879


---------------------------------
plain	jelly	coconut	honey-dip
10822				
10823				
		10840		
	11009			
10824				
	11010			
		10841		
			10973
		10842		
			10974
	11011			
10825	

---------------------------------
plain	jelly	coconut	honey-dip
		11024		
	11194			
			11158
10988				
10989				
			11159
			11160
10990				
	11195			
			11161
		11025		
			11162


---------------------------------
plain	jelly	coconut	honey-dip
		11267		
11229				
			11420
	11456			
			11421
			11422
11230				
	11457			
			11423
			11424
		11268		
11231	

---------------------------------
plain	jelly	coconut	honey-dip
	11585			
11357				
			11562
	11586			
11358				
	11587			
11359				
			11563
	11588			
			11564
			11565
11360	

---------------------------------
plain	jelly	coconut	honey-dip
	11692			
		11500		
			11674
11454				
		11501		
11455				
			11675
	11693			
			11676
11456				
		11502		
			11677


---------------------------------
plain	jelly	coconut	honey-dip
11579				
	11799			
			11798
			11799
11580				
11581				
		11636		
		11637		
	11800			
11582				
			11800
11583	

---------------------------------
plain	jelly	coconut	honey-dip
	11974			
	11975			
			11997
		11817		
11816				
			11998
			11999
	11976			
			12000
		11818		
11817				
	11977	

---------------------------------
plain	jelly	coconut	honey-dip
11965				
			12154
11966				
		11971		
	12114			
		11972		
		11973		
			12155
	12115			
11967				
	12116			
11968	

---------------------------------
plain	jelly	coconut	honey-dip
		12099		
			12271
	12244			
		12100		
		12101		
12118				
			12272
			12273
	12245			
	12246			
		12102		
12119	

---------------------------------
plain	jelly	coconut	honey-dip
	12367			
	12368			
			12396
12238				
12239				
	12369			
	12370			
	12371			
			12397
	12372			
12240				
		12235	

---------------------------------
plain	jelly	coconut	honey-dip
			12528
12356				
	12462			
12357				
12358				
		12334		
		12335		
		12336		
			12529
12359				
		12337		
	12463	

---------------------------------
plain	jelly	coconut	honey-dip
		12506		
	12604			
			12700
12494				
12495				
			12701
	12605			
	12606			
			12702
12496				
12497				
	12607	

---------------------------------
plain	jelly	coconut	honey-dip
12636				
	12699			
12637				
			12804
	12700			
		12633		
	12701			
	12702			
			12805
12638				
	12703			
		12634	

---------------------------------
plain	jelly	coconut	honey-dip
	12840			
			12911
12778				
12779				
	12841			
			12912
			12913
		12747		
12780				
			12914
		12748		
		12749	

---------------------------------
plain	jelly	coconut	honey-dip
	12937			
	12938			
	12939			
		12876		
			13053
	12940			
		12877		
12914				
	12941			
	12942			
12915				
12916	

---------------------------------
plain	jelly	coconut	honey-dip
13062				
		13027		
			13183
		13028		
			13184
	13084			
13063				
		13029		
		13030		
	13085			
		13031		
	13086	

---------------------------------
plain	jelly	coconut	honey-dip
	13240			
	13241			
			13337
	13242			
	13243			
	13244			
	13245			
13203				
	13246			
		13176		
13204				
		13177	

---------------------------------
plain	jelly	coconut	honey-dip
			13473
13346				
13347				
	13381			
	13382			
	13383			
	13384			
		13296		
			13474
13348				
			13475
			13476


---------------------------------
plain	jelly	coconut	honey-dip
13478				
			13585
	13503			
			13586
	13504			
		13410		
		13411		
		13412		
			13587
13479				
		13413		
			13588


---------------------------------
plain	jelly	coconut	honey-dip
13645				
13646				
			13733
13647				
13648				
			13734
			13735
	13658			
		13552		
13649				
			13736
13650	

---------------------------------
plain	jelly	coconut	honey-dip
	13771			
	13772			
		13656		
	13773			
			13851
	13774			
	13775			
		13657		
	13776			
			13852
			13853
		13658	

---------------------------------
plain	jelly	coconut	honey-dip
	13963			
		13847		
13930				
13931				
		13848		
		13849		
			14048
			14049
	13964			
13932				
	13965			
13933	

---------------------------------
plain	jelly	coconut	honey-dip
	14108			
		13990		
		13991		
14046				
14047				
		13992		
		13993		
	14109			
	14110			
	14111			
	14112			
14048	

---------------------------------
plain	jelly	coconut	honey-dip
		14156		
14195				
14196				
14197				
14198				
			14367
14199				
		14157		
		14158		
			14368
	14258			
	14259	

---------------------------------
plain	jelly	coconut	honey-dip
14333				
		14302		
14334				
	14381			
14335				
14336				
		14303		
	14382			
		14304		
	14383			
	14384			
		14305	

---------------------------------
plain	jelly	coconut	honey-dip
	14673			
		14633		
		14634		
			14800
	14674			
		14635		
	14675			
			14801
		14636		
		14637		
14622				
		14638	

---------------------------------
plain	jelly	coconut	honey-dip
			14972
	14838			
			14973
			14974
	14839			
			14975
	14840			
		14786		
			14976
14768				
14769				
		14787	

---------------------------------
plain	jelly	coconut	honey-dip
		14912		
	14950			
			15084
14898				
	14951			
		14913		
	14952			
14899				
		14914		
			15085
		14915		
14900	

---------------------------------
plain	jelly	coconut	honey-dip
	15090			
		15048		
		15049		
			15211
			15212
			15213
		15050		
		15051		
			15214
15035				
15036				
		15052	

---------------------------------
plain	jelly	coconut	honey-dip
	15224			
		15215		
			15350
			15351
15195				
15196				
			15352
		15216		
		15217		
			15353
			15354
			15355


---------------------------------
plain	jelly	coconut	honey-dip
			15493
			15494
15340				
	15384			
		15355		
		15356		
			15495
		15357		
15341				
			15496
15342				
			15497


---------------------------------
plain	jelly	coconut	honey-dip
			15639
			15640
		15496		
	15520			
15457				
15458				
		15497		
			15641
		15498		
	15521			
15459				
15460	

---------------------------------
plain	jelly	coconut	honey-dip
		15642		
		15643		
	15642			
15598				
15599				
	15643			
			15758
			15759
			15760
			15761
			15762
		15644	

---------------------------------
plain	jelly	coconut	honey-dip
		15774		
			15890
	15768			
			15891
			15892
15724				
			15893
			15894
15725				
	15769			
			15895
			15896


---------------------------------
plain	jelly	coconut	honey-dip
		15921		
	15908			
			16016
15863				
	15909			
15864				
			16017
	15910			
			16018
			16019
		15922		
15865	

---------------------------------
plain	jelly	coconut	honey-dip
15978				
15979				
		16015		
15980				
			16118
		16016		
			16119
		16017		
15981				
	16029			
			16120
	16030	

---------------------------------
plain	jelly	coconut	honey-dip
		16148		
	16157			
			16246
16105				
	16158			
		16149		
		16150		
16106				
16107				
			16247
		16151		
16108	

---------------------------------
plain	jelly	coconut	honey-dip
16246				
			16380
16247				
	16282			
	16283			
		16288		
		16289		
		16290		
			16381
16248				
	16284			
	16285	

---------------------------------
plain	jelly	coconut	honey-dip
	16421			
	16422			
		16424		
	16423			
		16425		
	16424			
	16425			
	16426			
16374				
		16426		
16375				
	16427	

---------------------------------
plain	jelly	coconut	honey-dip
		16569		
	16575			
		16570		
			16628
			16629
		16571		
			16630
16504				
		16572		
	16576			
	16577			
		16573	

---------------------------------
plain	jelly	coconut	honey-dip
	16735			
		16717		
	16736			
			16810
16662				
16663				
16664				
16665				
		16718		
		16719		
		16720		
16666	

---------------------------------
plain	jelly	coconut	honey-dip
			16938
		16842		
16837				
			16939
			16940
16838				
		16843		
			16941
16839				
			16942
16840				
		16844	

---------------------------------
plain	jelly	coconut	honey-dip
			17076
			17077
		17001		
		17002		
16986				
			17078
			17079
		17003		
			17080
	17013			
			17081
			17082


---------------------------------
plain	jelly	coconut	honey-dip
			17224
	17148			
		17168		
17112				
		17169		
			17225
	17149			
		17170		
17113				
		17171		
			17226
			17227


---------------------------------
plain	jelly	coconut	honey-dip
	17291			
	17292			
	17293			
	17294			
		17324		
17261				
			17364
17262				
17263				
	17295			
			17365
	17296	

---------------------------------
plain	jelly	coconut	honey-dip
17376				
17377				
	17394			
			17466
		17448		
		17449		
17378				
	17395			
	17396			
		17450		
			17467
17379	

---------------------------------
plain	jelly	coconut	honey-dip
	17538			
			17588
	17539			
			17589
17497				
		17577		
			17590
	17540			
			17591
			17592
	17541			
17498	

---------------------------------
plain	jelly	coconut	honey-dip
17628				
			17709
17629				
17630				
	17661			
17631				
		17694		
		17695		
17632				
		17696		
17633				
			17710


---------------------------------
plain	jelly	coconut	honey-dip
17827				
		17896		
	17840			
	17841			
	17842			
	17843			
17828				
		17897		
		17898		
		17899		
17829				
17830	

---------------------------------
plain	jelly	coconut	honey-dip
			18004
	17966			
17962				
	17967			
	17968			
	17969			
			18005
			18006
			18007
	17970			
		18020		
			18008


---------------------------------
plain	jelly	coconut	honey-dip
18085				
18086				
			18133
18087				
			18134
			18135
			18136
			18137
			18138
			18139
18088				
			18140


---------------------------------
plain	jelly	coconut	honey-dip
			18243
18201				
	18215			
18202				
		18253		
18203				
18204				
	18216			
	18217			
	18218			
	18219			
		18254	

---------------------------------
plain	jelly	coconut	honey-dip
		18376		
			18362
	18346			
		18377		
	18347			
		18378		
		18379		
		18380		
			18363
	18348			
		18381		
18332	

---------------------------------
plain	jelly	coconut	honey-dip
		18545		
			18502
18491				
18492				
18493				
			18503
		18546		
18494				
			18504
			18505
	18502			
			18506


---------------------------------
plain	jelly	coconut	honey-dip
	18626			
	18627			
			18633
18621				
			18634
			18635
			18636
		18688		
			18637
	18628			
18622				
		18689	

---------------------------------
plain	jelly	coconut	honey-dip
18813				
	18797			
			18825
			18826
			18827
			18828
			18829
	18798			
			18830
			18831
			18832
18814	

---------------------------------
plain	jelly	coconut	honey-dip
		18959		
	18919			
			18917
18925				
		18960		
			18918
	18920			
			18919
			18920
	18921			
			18921
			18922


---------------------------------
plain	jelly	coconut	honey-dip
			19095
		19135		
	19083			
			19096
	19084			
19103				
19104				
		19136		
19105				
			19097
		19137		
			19098


---------------------------------
plain	jelly	coconut	honey-dip
			19297
			19298
			19299
			19300
	19260			
			19301
	19261			
19303				
			19302
	19262			
			19303
		19336	

---------------------------------
plain	jelly	coconut	honey-dip
			19434
19427				
19428				
19429				
19430				
	19378			
			19435
		19449		
19431				
			19436
19432				
			19437


---------------------------------
plain	jelly	coconut	honey-dip
	19499			
		19567		
		19568		
		19569		
			19568
19570				
			19569
		19570		
	19500			
			19570
19571				
			19571


---------------------------------
plain	jelly	coconut	honey-dip
19721				
		19719		
	19645			
			19719
	19646			
			19720
			19721
		19720		
		19721		
		19722		
			19722
		19723	

---------------------------------
plain	jelly	coconut	honey-dip
			19871
19867				
		19892		
19868				
			19872
		19893		
			19873
19869				
		19894		
	19798			
19870				
			19874


---------------------------------
plain	jelly	coconut	honey-dip
			20014
			20015
	19913			
19980				
			20016
	19914			
			20017
19981				
	19915			
		20025		
19982				
			20018


---------------------------------
plain	jelly	coconut	honey-dip
	20044			
			20140
	20045			
	20046			
20098				
20099				
	20047			
	20048			
	20049			
		20130		
		20131		
	20050	

---------------------------------
plain	jelly	coconut	honey-dip
		20302		
			20306
			20307
			20308
		20303		
20276				
			20309
	20224			
			20310
	20225			
20277				
	20226	

---------------------------------
plain	jelly	coconut	honey-dip
		20529		
20475				
20476				
			20511
			20512
20477				
		20530		
			20513
			20514
	20421			
			20515
		20531	

---------------------------------
plain	jelly	coconut	honey-dip
			20655
			20656
			20657
	20556			
		20672		
			20658
		20673		
		20674		
20605				
	20557			
			20659
20606	

---------------------------------
plain	jelly	coconut	honey-dip
			20795
		20817		
20755				
		20818		
20756				
		20819		
	20685			
20757				
		20820		
20758				
			20796
			20797


---------------------------------
plain	jelly	coconut	honey-dip
		21001		
			20982
		21002		
		21003		
		21004		
		21005		
			20983
	20855			
		21006		
		21007		
20970				
		21008	

---------------------------------
plain	jelly	coconut	honey-dip
		21287		
			21255
		21288		
		21289		
	21127			
	21128			
21243				
			21256
			21257
		21290		
	21129			
	21130	

---------------------------------
plain	jelly	coconut	honey-dip
	21266			
	21267			
21380				
			21402
		21416		
	21268			
	21269			
21381				
		21417		
	21270			
	21271			
		21418	

---------------------------------
plain	jelly	coconut	honey-dip
21522				
21523				
		21557		
			21533
		21558		
		21559		
	21392			
			21534
21524				
		21560		
	21393			
		21561	

---------------------------------
plain	jelly	coconut	honey-dip
		21710		
		21711		
	21545			
21688				
		21712		
	21546			
			21685
			21686
		21713		
			21687
21689				
	21547	

---------------------------------
plain	jelly	coconut	honey-dip
21887				
21888				
21889				
			21889
21890				
			21890
		21922		
	21758			
			21891
	21759			
	21760			
			21892


---------------------------------
plain	jelly	coconut	honey-dip
	21881			
			22008
	21882			
		22054		
	21883			
	21884			
	21885			
	21886			
		22055		
	21887			
			22009
			22010


---------------------------------
plain	jelly	coconut	honey-dip
		22172		
22142				
			22134
		22173		
			22135
22143				
		22174		
	22028			
		22175		
22144				
	22029			
			22136


---------------------------------
plain	jelly	coconut	honey-dip
			22318
22330				
	22238			
	22239			
22331				
22332				
		22406		
		22407		
	22240			
22333				
	22241			
	22242	

---------------------------------
plain	jelly	coconut	honey-dip
	22341			
			22444
	22342			
			22445
	22343			
		22527		
	22344			
22448				
	22345			
22449				
			22446
		22528	

---------------------------------
plain	jelly	coconut	honey-dip
	22514			
			22587
	22515			
22599				
	22516			
22600				
	22517			
	22518			
			22588
	22519			
22601				
22602	

---------------------------------
plain	jelly	coconut	honey-dip
			22700
		22766		
			22701
			22702
	22644			
		22767		
	22645			
	22646			
22706				
			22703
	22647			
	22648	

---------------------------------
plain	jelly	coconut	honey-dip
			22897
22876				
22877				
			22898
22878				
22879				
	22823			
	22824			
		22928		
	22825			
	22826			
			22899


---------------------------------
plain	jelly	coconut	honey-dip
23007				
		23066		
		23067		
23008				
	22952			
		23068		
23009				
			23015
			23016
	22953			
		23069		
			23017


---------------------------------
plain	jelly	coconut	honey-dip
		23255		
	23127			
23196				
			23182
		23256		
			23183
	23128			
		23257		
	23129			
23197				
23198				
			23184


---------------------------------
plain	jelly	coconut	honey-dip
			23331
23325				
23326				
		23388		
	23280			
		23389		
23327				
23328				
	23281			
	23282			
		23390		
23329	

---------------------------------
plain	jelly	coconut	honey-dip
23463				
		23549		
23464				
		23550		
	23413			
		23551		
	23414			
	23415			
		23552		
	23416			
		23553		
	23417	

---------------------------------
plain	jelly	coconut	honey-dip
		23786		
			23691
	23646			
			23692
		23787		
		23788		
23701				
		23789		
		23790		
23702				
			23693
		23791	

---------------------------------
plain	jelly	coconut	honey-dip
			23849
	23784			
			23850
23843				
		23948		
		23949		
			23851
		23950		
23844				
		23951		
	23785			
	23786	

---------------------------------
plain	jelly	coconut	honey-dip
		24106		
		24107		
			23990
	23946			
23970				
	23947			
23971				
23972				
	23948			
	23949			
	23950			
			23991


---------------------------------
plain	jelly	coconut	honey-dip
		24234		
	24067			
24096				
		24235		
24097				
24098				
24099				
			24107
		24236		
			24108
	24068			
			24109


---------------------------------
plain	jelly	coconut	honey-dip
24229				
			24241
			24242
	24222			
	24223			
		24364		
		24365		
24230				
			24243
24231				
			24244
24232	

---------------------------------
plain	jelly	coconut	honey-dip
24371				
	24361			
		24492		
24372				
			24336
		24493		
	24362			
			24337
		24494		
		24495		
	24363			
24373	

---------------------------------
plain	jelly	coconut	honey-dip
			24461
24511				
	24479			
	24480			
	24481			
			24462
24512				
	24482			
			24463
	24483			
24513				
		24649	

---------------------------------
plain	jelly	coconut	honey-dip
24694				
	24717			
24695				
		24835		
			24646
24696				
			24647
	24718			
			24648
			24649
			24650
	24719	

---------------------------------
plain	jelly	coconut	honey-dip
24840				
			24773
	24820			
	24821			
24841				
	24822			
			24774
24842				
	24823			
	24824			
24843				
		24927	

---------------------------------
plain	jelly	coconut	honey-dip
24969				
		25056		
24970				
		25057		
			24906
	24957			
24971				
24972				
24973				
24974				
		25058		
	24958	

---------------------------------
plain	jelly	coconut	honey-dip
25104				
		25205		
		25206		
25105				
25106				
	25111			
			25056
		25207		
			25057
			25058
	25112			
25107	

---------------------------------
plain	jelly	coconut	honey-dip
			25182
	25243			
	25244			
			25183
			25184
	25245			
25241				
	25246			
25242				
25243				
		25350		
	25247	

---------------------------------
plain	jelly	coconut	honey-dip
			25279
		25466		
	25346			
			25280
	25347			
			25281
		25467		
25345				
25346				
		25468		
			25282
		25469	

---------------------------------
plain	jelly	coconut	honey-dip
			25468
25514				
25515				
	25511			
		25663		
		25664		
	25512			
	25513			
25516				
			25469
25517				
			25470


---------------------------------
plain	jelly	coconut	honey-dip
25638				
		25793		
	25655			
			25610
			25611
	25656			
	25657			
25639				
25640				
25641				
	25658			
25642	

---------------------------------
plain	jelly	coconut	honey-dip
25787				
	25807			
25788				
		25964		
	25808			
	25809			
25789				
			25786
	25810			
			25787
			25788
25790	

---------------------------------
plain	jelly	coconut	honey-dip
			25961
25959				
	25951			
		26121		
	25952			
			25962
			25963
25960				
	25953			
			25964
		26122		
		26123	

