---------------------------------
plain	jelly	coconut	honey-dip
316				
	306			
			287
	307			
			288
	308			
	309			
	310			
	311			
	312			
		327		
			289


---------------------------------
plain	jelly	coconut	honey-dip
			493
522				
		522		
			494
		523		
	515			
		524		
	516			
		525		
523				
	517			
		526	

---------------------------------
plain	jelly	coconut	honey-dip
		596		
			576
			577
			578
	603			
			579
			580
		597		
			581
	604			
601				
	605	

---------------------------------
plain	jelly	coconut	honey-dip
			652
663				
	669			
	670			
	671			
	672			
		680		
			653
	673			
			654
			655
			656


---------------------------------
plain	jelly	coconut	honey-dip
		740		
	734			
			719
			720
		741		
	735			
	736			
			721
			722
		742		
			723
723	

---------------------------------
plain	jelly	coconut	honey-dip
			773
		792		
	787			
		793		
	788			
		794		
		795		
			774
			775
768				
		796		
	789	

---------------------------------
plain	jelly	coconut	honey-dip
	838			
836				
			847
			848
837				
			849
		863		
	839			
838				
839				
		864		
		865	

---------------------------------
plain	jelly	coconut	honey-dip
906				
907				
	910			
			920
			921
		924		
		925		
			922
908				
909				
		926		
	911	

---------------------------------
plain	jelly	coconut	honey-dip
			992
	976			
971				
			993
			994
			995
	977			
	978			
	979			
	980			
		997		
		998	

---------------------------------
plain	jelly	coconut	honey-dip
			1043
			1044
			1045
			1046
			1047
			1048
1028				
1029				
			1049
	1041			
			1050
		1052	

---------------------------------
plain	jelly	coconut	honey-dip
	1124			
		1121		
	1125			
		1122		
			1112
	1126			
1095				
1096				
1097				
	1127			
		1123		
	1128	

---------------------------------
plain	jelly	coconut	honey-dip
			1173
			1174
1155				
		1183		
		1184		
	1193			
		1185		
			1175
1156				
	1194			
		1186		
			1176


---------------------------------
plain	jelly	coconut	honey-dip
			1285
		1296		
1262				
		1297		
1263				
	1317			
1264				
		1298		
	1318			
			1286
1265				
		1299	

---------------------------------
plain	jelly	coconut	honey-dip
	1400			
	1401			
	1402			
			1360
1348				
1349				
		1400		
1350				
		1401		
			1361
1351				
1352	

---------------------------------
plain	jelly	coconut	honey-dip
		1461		
1423				
1424				
			1444
	1468			
	1469			
			1445
	1470			
	1471			
	1472			
			1446
	1473	

---------------------------------
plain	jelly	coconut	honey-dip
			1538
		1534		
1500				
	1548			
			1539
1501				
		1535		
1502				
		1536		
1503				
			1540
	1549	

---------------------------------
plain	jelly	coconut	honey-dip
1618				
			1651
	1667			
		1652		
		1653		
1619				
	1668			
	1669			
			1652
	1670			
			1653
		1654	

---------------------------------
plain	jelly	coconut	honey-dip
			1738
	1760			
		1741		
1709				
			1739
			1740
1710				
			1741
1711				
		1742		
			1742
			1743


---------------------------------
plain	jelly	coconut	honey-dip
1839				
		1851		
1840				
		1852		
		1853		
		1854		
	1860			
		1855		
			1878
	1861			
	1862			
	1863	

---------------------------------
plain	jelly	coconut	honey-dip
	1957			
1928				
			1986
			1987
	1958			
	1959			
1929				
1930				
	1960			
		1941		
			1988
1931	

---------------------------------
plain	jelly	coconut	honey-dip
			2071
	2051			
2017				
	2052			
		2021		
2018				
		2022		
		2023		
			2072
	2053			
	2054			
	2055	

---------------------------------
plain	jelly	coconut	honey-dip
	2142			
2104				
		2127		
		2128		
	2143			
2105				
		2129		
			2159
2106				
2107				
			2160
		2130	

---------------------------------
plain	jelly	coconut	honey-dip
		2250		
2218				
			2283
	2273			
	2274			
	2275			
		2251		
		2252		
	2276			
		2253		
			2284
		2254	

---------------------------------
plain	jelly	coconut	honey-dip
		2375		
2349				
			2399
	2381			
2350				
	2382			
		2376		
	2383			
		2377		
	2384			
2351				
		2378	

---------------------------------
plain	jelly	coconut	honey-dip
			2516
	2503			
			2517
		2498		
		2499		
	2504			
			2518
	2505			
2467				
	2506			
			2519
	2507	

---------------------------------
plain	jelly	coconut	honey-dip
	2693			
	2694			
2642				
	2695			
			2717
			2718
2643				
2644				
2645				
		2688		
			2719
	2696	

---------------------------------
plain	jelly	coconut	honey-dip
2755				
	2786			
		2798		
		2799		
		2800		
	2787			
		2801		
		2802		
			2833
			2834
	2788			
			2835


---------------------------------
plain	jelly	coconut	honey-dip
	2926			
		2938		
2924				
2925				
			2972
	2927			
2926				
2927				
		2939		
		2940		
			2973
		2941	

---------------------------------
plain	jelly	coconut	honey-dip
			3129
3080				
			3130
		3094		
3081				
			3131
			3132
3082				
	3069			
		3095		
		3096		
			3133


---------------------------------
plain	jelly	coconut	honey-dip
	3167			
3202				
			3261
3203				
			3262
			3263
			3264
		3198		
			3265
			3266
			3267
3204	

---------------------------------
plain	jelly	coconut	honey-dip
	3277			
3301				
			3356
		3278		
3302				
3303				
3304				
3305				
3306				
3307				
	3278			
			3357


---------------------------------
plain	jelly	coconut	honey-dip
		3464		
	3422			
	3423			
		3465		
		3466		
			3526
	3424			
		3467		
			3527
		3468		
	3425			
			3528


---------------------------------
plain	jelly	coconut	honey-dip
			3655
	3548			
		3600		
			3656
	3549			
3585				
		3601		
3586				
3587				
	3550			
3588				
			3657


---------------------------------
plain	jelly	coconut	honey-dip
		3737		
			3797
			3798
			3799
			3800
3690				
		3738		
	3692			
	3693			
		3739		
			3801
		3740	

---------------------------------
plain	jelly	coconut	honey-dip
3835				
	3856			
3836				
		3865		
			3948
			3949
			3950
3837				
	3857			
	3858			
		3866		
		3867	

---------------------------------
plain	jelly	coconut	honey-dip
			4067
	3981			
			4068
	3982			
			4069
	3983			
		3986		
		3987		
		3988		
3950				
	3984			
3951	

---------------------------------
plain	jelly	coconut	honey-dip
		4296		
4268				
	4290			
		4297		
		4298		
	4291			
			4366
4269				
	4292			
4270				
		4299		
		4300	

---------------------------------
plain	jelly	coconut	honey-dip
		4438		
4430				
	4441			
	4442			
			4511
		4439		
	4443			
			4512
4431				
			4513
4432				
		4440	

---------------------------------
plain	jelly	coconut	honey-dip
		4626		
4613				
	4622			
	4623			
		4627		
	4624			
4614				
		4628		
4615				
4616				
			4703
4617	

---------------------------------
plain	jelly	coconut	honey-dip
	4784			
		4760		
		4761		
	4785			
4775				
			4833
4776				
4777				
4778				
			4834
			4835
		4762	

---------------------------------
plain	jelly	coconut	honey-dip
4940				
4941				
		4901		
		4902		
		4903		
4942				
			4977
			4978
		4904		
	4958			
			4979
		4905	

---------------------------------
plain	jelly	coconut	honey-dip
			5140
5062				
	5091			
		5059		
		5060		
			5141
			5142
	5092			
		5061		
	5093			
	5094			
5063	

---------------------------------
plain	jelly	coconut	honey-dip
	5246			
5187				
		5198		
		5199		
	5247			
		5200		
	5248			
	5249			
	5250			
	5251			
			5249
			5250


---------------------------------
plain	jelly	coconut	honey-dip
			5359
		5312		
		5313		
	5354			
	5355			
	5356			
	5357			
		5314		
5299				
5300				
	5358			
			5360


---------------------------------
plain	jelly	coconut	honey-dip
	5457			
	5458			
		5409		
		5410		
5419				
		5411		
			5459
	5459			
5420				
5421				
			5460
	5460	

---------------------------------
plain	jelly	coconut	honey-dip
	5593			
5540				
			5571
	5594			
5541				
			5572
5542				
	5595			
5543				
5544				
			5573
			5574


---------------------------------
plain	jelly	coconut	honey-dip
		5648		
5659				
		5649		
	5692			
			5669
	5693			
		5650		
	5694			
		5651		
5660				
			5670
			5671


---------------------------------
plain	jelly	coconut	honey-dip
	5888			
		5822		
			5846
	5889			
		5823		
		5824		
			5847
	5890			
			5848
	5891			
	5892			
			5849


---------------------------------
plain	jelly	coconut	honey-dip
			5981
			5982
		5942		
		5943		
5953				
		5944		
5954				
		5945		
		5946		
	6028			
			5983
			5984


---------------------------------
plain	jelly	coconut	honey-dip
		6087		
			6144
		6088		
	6193			
6104				
		6089		
			6145
6105				
			6146
			6147
			6148
6106	

---------------------------------
plain	jelly	coconut	honey-dip
		6383		
6374				
			6440
		6384		
6375				
		6385		
			6441
	6507			
		6386		
6376				
	6508			
6377	

---------------------------------
plain	jelly	coconut	honey-dip
	6700			
6585				
			6620
	6701			
			6621
	6702			
			6622
6586				
		6579		
			6623
			6624
		6580	

---------------------------------
plain	jelly	coconut	honey-dip
6727				
			6771
	6819			
	6820			
			6772
			6773
	6821			
6728				
6729				
			6774
			6775
6730	

---------------------------------
plain	jelly	coconut	honey-dip
6847				
	6914			
	6915			
			6883
			6884
			6885
6848				
6849				
	6916			
			6886
			6887
6850	

---------------------------------
plain	jelly	coconut	honey-dip
6960				
			7004
			7005
6961				
			7006
			7007
			7008
	7013			
6962				
	7014			
		6887		
	7015	

---------------------------------
plain	jelly	coconut	honey-dip
7064				
	7134			
			7136
			7137
	7135			
		6998		
		6999		
			7138
			7139
7065				
			7140
7066	

---------------------------------
plain	jelly	coconut	honey-dip
7183				
7184				
			7275
		7125		
	7265			
	7266			
			7276
7185				
	7267			
	7268			
		7126		
			7277


---------------------------------
plain	jelly	coconut	honey-dip
7304				
	7401			
	7402			
	7403			
		7269		
		7270		
	7404			
		7271		
7305				
	7405			
7306				
	7406	

---------------------------------
plain	jelly	coconut	honey-dip
7427				
		7423		
7428				
			7532
7429				
		7424		
	7546			
7430				
7431				
		7425		
7432				
			7533


---------------------------------
plain	jelly	coconut	honey-dip
	7685			
7557				
	7686			
7558				
			7676
7559				
		7538		
	7687			
			7677
7560				
7561				
			7678


---------------------------------
plain	jelly	coconut	honey-dip
		7657		
		7658		
			7809
			7810
	7799			
			7811
7671				
	7800			
	7801			
			7812
		7659		
			7813


---------------------------------
plain	jelly	coconut	honey-dip
7816				
		7783		
			7953
7817				
			7954
		7784		
7818				
	7948			
7819				
			7955
7820				
	7949	

---------------------------------
plain	jelly	coconut	honey-dip
7952				
			8094
			8095
	8069			
		7901		
7953				
		7902		
	8070			
		7903		
			8096
7954				
			8097


---------------------------------
plain	jelly	coconut	honey-dip
8099				
8100				
		8042		
			8235
	8204			
8101				
8102				
	8205			
			8236
			8237
	8206			
			8238


---------------------------------
plain	jelly	coconut	honey-dip
		8166		
8212				
	8337			
8213				
8214				
		8167		
8215				
		8168		
			8357
8216				
		8169		
	8338	

---------------------------------
plain	jelly	coconut	honey-dip
		8307		
	8501			
	8502			
		8308		
8360				
			8492
			8493
			8494
	8503			
		8309		
8361				
8362	

---------------------------------
plain	jelly	coconut	honey-dip
		8426		
		8427		
	8620			
			8609
	8621			
		8428		
			8610
	8622			
8485				
			8611
			8612
		8429	

---------------------------------
plain	jelly	coconut	honey-dip
			8748
	8746			
8635				
8636				
	8747			
8637				
			8749
			8750
			8751
			8752
			8753
			8754


---------------------------------
plain	jelly	coconut	honey-dip
			8851
		8695		
8724				
8725				
			8852
			8853
	8854			
			8854
			8855
	8855			
		8696		
			8856


---------------------------------
plain	jelly	coconut	honey-dip
		8818		
8848				
		8819		
			8979
	8983			
8849				
	8984			
		8820		
		8821		
8850				
		8822		
	8985	

---------------------------------
plain	jelly	coconut	honey-dip
9001				
		8981		
	9128			
	9129			
9002				
			9142
			9143
		8982		
			9144
		8983		
9003				
9004	

---------------------------------
plain	jelly	coconut	honey-dip
			9329
		9170		
	9307			
	9308			
	9309			
9190				
		9171		
			9330
	9310			
		9172		
9191				
9192	

---------------------------------
plain	jelly	coconut	honey-dip
		9355		
		9356		
9362				
9363				
	9512			
9364				
	9513			
9365				
			9511
9366				
9367				
	9514	

---------------------------------
plain	jelly	coconut	honey-dip
		9530		
			9671
	9671			
			9672
	9672			
	9673			
			9673
9552				
		9531		
			9674
9553				
	9674	

---------------------------------
plain	jelly	coconut	honey-dip
	9886			
9759				
		9731		
9760				
			9876
		9732		
		9733		
	9887			
		9734		
			9877
9761				
			9878


---------------------------------
plain	jelly	coconut	honey-dip
			10015
			10016
	10033			
		9881		
		9882		
			10017
	10034			
9887				
	10035			
	10036			
9888				
	10037	

---------------------------------
plain	jelly	coconut	honey-dip
10006				
			10143
10007				
10008				
	10172			
		10011		
		10012		
			10144
10009				
	10173			
		10013		
		10014	

---------------------------------
plain	jelly	coconut	honey-dip
10143				
		10161		
10144				
	10320			
	10321			
	10322			
			10296
	10323			
	10324			
			10297
		10162		
	10325	

---------------------------------
plain	jelly	coconut	honey-dip
	10472			
		10284		
10267				
		10285		
	10473			
10268				
		10286		
10269				
10270				
	10474			
			10425
10271	

---------------------------------
plain	jelly	coconut	honey-dip
			10611
10439				
			10612
10440				
	10652			
		10466		
10441				
	10653			
10442				
	10654			
			10613
	10655	

---------------------------------
plain	jelly	coconut	honey-dip
			10745
10578				
10579				
10580				
			10746
			10747
10581				
	10782			
	10783			
			10748
10582				
			10749


---------------------------------
plain	jelly	coconut	honey-dip
		10702		
10684				
		10703		
	10884			
		10704		
			10846
	10885			
10685				
			10847
			10848
			10849
			10850


---------------------------------
plain	jelly	coconut	honey-dip
	11027			
10842				
			10981
	11028			
			10982
			10983
	11029			
10843				
	11030			
	11031			
	11032			
	11033	

---------------------------------
plain	jelly	coconut	honey-dip
	11175			
			11143
			11144
	11176			
	11177			
			11145
		11009		
			11146
			11147
		11010		
10977				
			11148


---------------------------------
plain	jelly	coconut	honey-dip
	11355			
	11356			
		11172		
			11338
11147				
	11357			
		11173		
	11358			
			11339
		11174		
	11359			
		11175	

---------------------------------
plain	jelly	coconut	honey-dip
11287				
	11498			
11288				
		11321		
		11322		
11289				
		11323		
11290				
			11494
			11495
			11496
	11499	

---------------------------------
plain	jelly	coconut	honey-dip
		11456		
	11654			
	11655			
	11656			
	11657			
11420				
11421				
			11634
	11658			
		11457		
	11659			
			11635


---------------------------------
plain	jelly	coconut	honey-dip
			11804
	11806			
11592				
	11807			
			11805
		11646		
		11647		
11593				
11594				
	11808			
		11648		
11595	

---------------------------------
plain	jelly	coconut	honey-dip
		11767		
	11916			
11764				
	11917			
11765				
11766				
11767				
		11768		
		11769		
		11770		
		11771		
			11929


---------------------------------
plain	jelly	coconut	honey-dip
11914				
11915				
		11917		
			12104
		11918		
			12105
			12106
		11919		
11916				
			12107
	12065			
			12108


---------------------------------
plain	jelly	coconut	honey-dip
	12191			
		12058		
			12221
		12059		
			12222
	12192			
12058				
	12193			
	12194			
			12223
			12224
12059	

---------------------------------
plain	jelly	coconut	honey-dip
	12308			
12180				
		12168		
			12340
			12341
		12169		
12181				
12182				
12183				
12184				
		12170		
		12171	

---------------------------------
plain	jelly	coconut	honey-dip
	12439			
			12492
			12493
		12312		
		12313		
			12494
	12440			
12329				
		12314		
		12315		
12330				
		12316	

---------------------------------
plain	jelly	coconut	honey-dip
	12574			
12469				
			12679
	12575			
12470				
			12680
		12474		
	12576			
		12475		
	12577			
	12578			
12471	

---------------------------------
plain	jelly	coconut	honey-dip
12661				
12662				
12663				
			12831
	12727			
		12661		
12664				
		12662		
12665				
12666				
		12663		
	12728	

---------------------------------
plain	jelly	coconut	honey-dip
		12768		
	12869			
12795				
			12940
12796				
			12941
12797				
		12769		
	12870			
		12770		
		12771		
	12871	

---------------------------------
plain	jelly	coconut	honey-dip
		12915		
12961				
	12988			
12962				
			13096
		12916		
		12917		
		12918		
		12919		
	12989			
	12990			
		12920	

---------------------------------
plain	jelly	coconut	honey-dip
		13163		
	13231			
13196				
			13330
		13164		
			13331
13197				
13198				
	13232			
		13165		
		13166		
	13233	

---------------------------------
plain	jelly	coconut	honey-dip
		13302		
	13389			
			13478
13351				
13352				
			13479
13353				
	13390			
			13480
13354				
	13391			
	13392	

---------------------------------
plain	jelly	coconut	honey-dip
13491				
			13603
			13604
	13516			
13492				
	13517			
13493				
			13605
13494				
	13518			
		13426		
	13519	

---------------------------------
plain	jelly	coconut	honey-dip
13611				
			13710
			13711
			13712
	13629			
13612				
13613				
	13630			
	13631			
13614				
			13713
		13530	

---------------------------------
plain	jelly	coconut	honey-dip
		13648		
			13842
			13843
			13844
13744				
13745				
		13649		
			13845
13746				
13747				
	13762			
			13846


---------------------------------
plain	jelly	coconut	honey-dip
		13786		
13868				
13869				
			13985
			13986
			13987
		13787		
	13897			
13870				
		13788		
		13789		
			13988


---------------------------------
plain	jelly	coconut	honey-dip
		13976		
	14087			
14040				
			14189
			14190
			14191
	14088			
	14089			
			14192
			14193
	14090			
	14091	

---------------------------------
plain	jelly	coconut	honey-dip
14164				
			14317
			14318
14165				
14166				
	14212			
14167				
			14319
14168				
	14213			
		14115		
		14116	

---------------------------------
plain	jelly	coconut	honey-dip
			14505
	14387			
14339				
			14506
	14388			
	14389			
			14507
	14390			
		14309		
14340				
			14508
14341	

---------------------------------
plain	jelly	coconut	honey-dip
			14621
			14622
			14623
	14487			
		14419		
	14488			
14445				
			14624
			14625
			14626
	14489			
		14420	

---------------------------------
plain	jelly	coconut	honey-dip
14564				
			14731
	14599			
		14558		
			14732
14565				
		14559		
14566				
			14733
	14600			
	14601			
	14602	

---------------------------------
plain	jelly	coconut	honey-dip
			14863
			14864
		14683		
14661				
			14865
	14725			
	14726			
			14866
	14727			
			14867
	14728			
		14684	

---------------------------------
plain	jelly	coconut	honey-dip
	14870			
			15007
			15008
14797				
		14822		
	14871			
			15009
		14823		
			15010
	14872			
		14824		
		14825	

---------------------------------
plain	jelly	coconut	honey-dip
		14957		
			15126
			15127
	15006			
14947				
		14958		
			15128
		14959		
			15129
		14960		
14948				
			15130


---------------------------------
plain	jelly	coconut	honey-dip
		15107		
15092				
			15277
	15136			
	15137			
15093				
		15108		
15094				
		15109		
15095				
	15138			
15096	

---------------------------------
plain	jelly	coconut	honey-dip
			15389
15235				
		15261		
	15279			
			15390
		15262		
15236				
		15263		
	15280			
15237				
	15281			
	15282	

---------------------------------
plain	jelly	coconut	honey-dip
		15398		
15370				
			15524
			15525
15371				
			15526
	15424			
		15399		
			15527
		15400		
			15528
	15425	

---------------------------------
plain	jelly	coconut	honey-dip
15486				
		15522		
			15663
			15664
		15523		
15487				
15488				
15489				
15490				
	15549			
	15550			
	15551	

---------------------------------
plain	jelly	coconut	honey-dip
		15666		
15612				
15613				
			15782
15614				
			15783
	15664			
15615				
	15665			
			15784
	15666			
		15667	

---------------------------------
plain	jelly	coconut	honey-dip
		15792		
	15788			
15745				
15746				
	15789			
	15790			
			15915
			15916
	15791			
	15792			
15747				
		15793	

---------------------------------
plain	jelly	coconut	honey-dip
15885				
			16030
			16031
			16032
	15931			
15886				
	15932			
			16033
	15933			
		15934		
15887				
15888	

---------------------------------
plain	jelly	coconut	honey-dip
16009				
	16055			
			16151
	16056			
	16057			
			16152
		16045		
			16153
	16058			
		16046		
	16059			
			16154


---------------------------------
plain	jelly	coconut	honey-dip
		16241		
			16343
	16248			
16208				
	16249			
16209				
			16344
			16345
		16242		
	16250			
		16243		
		16244	

---------------------------------
plain	jelly	coconut	honey-dip
16337				
16338				
	16376			
			16479
16339				
	16377			
		16388		
		16389		
16340				
		16390		
		16391		
		16392	

---------------------------------
plain	jelly	coconut	honey-dip
	16548			
	16549			
16479				
16480				
		16553		
			16612
	16550			
	16551			
16481				
			16613
		16554		
16482	

---------------------------------
plain	jelly	coconut	honey-dip
		16666		
16604				
			16744
16605				
		16667		
			16745
	16682			
16606				
			16746
			16747
		16668		
	16683	

---------------------------------
plain	jelly	coconut	honey-dip
		16787		
			16876
16754				
16755				
16756				
		16788		
			16877
	16819			
		16789		
			16878
16757				
16758	

---------------------------------
plain	jelly	coconut	honey-dip
16913				
			17013
16914				
16915				
16916				
	16940			
			17014
	16941			
		16922		
16917				
		16923		
			17015


---------------------------------
plain	jelly	coconut	honey-dip
	17122			
17085				
			17205
	17123			
	17124			
		17144		
17086				
17087				
	17125			
		17145		
17088				
		17146	

---------------------------------
plain	jelly	coconut	honey-dip
	17257			
17233				
	17258			
17234				
17235				
			17323
			17324
17236				
			17325
			17326
	17259			
		17295	

---------------------------------
plain	jelly	coconut	honey-dip
		17421		
	17375			
		17422		
	17376			
	17377			
	17378			
17356				
		17423		
			17448
			17449
		17424		
		17425	

---------------------------------
plain	jelly	coconut	honey-dip
			17631
17540				
		17617		
		17618		
			17632
17541				
17542				
	17592			
		17619		
	17593			
17543				
	17594	

---------------------------------
plain	jelly	coconut	honey-dip
			17774
17687				
			17775
		17748		
17688				
			17776
	17711			
17689				
	17712			
			17777
	17713			
17690	

---------------------------------
plain	jelly	coconut	honey-dip
	18086			
			18119
		18142		
		18143		
			18120
		18144		
	18087			
		18145		
			18121
			18122
18073				
		18146	

---------------------------------
plain	jelly	coconut	honey-dip
	18265			
			18278
		18292		
18245				
			18279
	18266			
		18293		
	18267			
		18294		
		18295		
		18296		
		18297	

---------------------------------
plain	jelly	coconut	honey-dip
		18471		
		18472		
			18444
		18473		
		18474		
18408				
			18445
	18429			
18409				
	18430			
18410				
			18446


---------------------------------
plain	jelly	coconut	honey-dip
			18573
	18561			
18570				
		18624		
			18574
			18575
			18576
			18577
		18625		
		18626		
18571				
18572	

---------------------------------
plain	jelly	coconut	honey-dip
18687				
			18712
18688				
18689				
		18758		
	18687			
		18759		
		18760		
	18688			
	18689			
18690				
18691	

---------------------------------
plain	jelly	coconut	honey-dip
	18815			
		18869		
			18844
18832				
	18816			
18833				
	18817			
	18818			
	18819			
		18870		
			18845
	18820	

---------------------------------
plain	jelly	coconut	honey-dip
			18959
		19001		
			18960
		19002		
18974				
		19003		
18975				
18976				
		19004		
18977				
	18954			
		19005	

---------------------------------
plain	jelly	coconut	honey-dip
			19110
	19087			
	19088			
	19089			
	19090			
19115				
			19111
		19140		
		19141		
			19112
			19113
		19142	

---------------------------------
plain	jelly	coconut	honey-dip
19268				
19269				
	19225			
19270				
		19295		
		19296		
		19297		
19271				
	19226			
		19298		
			19264
19272	

---------------------------------
plain	jelly	coconut	honey-dip
	19366			
	19367			
	19368			
19422				
19423				
			19428
			19429
			19430
	19369			
			19431
	19370			
19424	

---------------------------------
plain	jelly	coconut	honey-dip
			19549
		19547		
	19477			
			19550
	19478			
		19548		
		19549		
		19550		
		19551		
	19479			
	19480			
19547	

---------------------------------
plain	jelly	coconut	honey-dip
		19741		
		19742		
	19665			
	19666			
			19746
			19747
			19748
			19749
		19743		
	19667			
		19744		
	19668	

---------------------------------
plain	jelly	coconut	honey-dip
		20043		
		20044		
		20045		
			20046
20012				
		20046		
20013				
	19951			
		20047		
20014				
		20048		
	19952	

---------------------------------
plain	jelly	coconut	honey-dip
	20126			
			20216
			20217
20173				
		20209		
		20210		
	20127			
	20128			
20174				
	20129			
	20130			
			20218


---------------------------------
plain	jelly	coconut	honey-dip
20304				
			20332
20305				
20306				
			20333
20307				
	20256			
		20336		
	20257			
			20334
			20335
	20258	

---------------------------------
plain	jelly	coconut	honey-dip
			20442
		20457		
20413				
20414				
		20458		
		20459		
20415				
		20460		
20416				
		20461		
20417				
	20348	

---------------------------------
plain	jelly	coconut	honey-dip
20555				
			20611
20556				
			20612
	20507			
			20613
20557				
			20614
20558				
20559				
		20623		
			20615


---------------------------------
plain	jelly	coconut	honey-dip
20681				
20682				
	20632			
20683				
20684				
		20751		
	20633			
			20724
			20725
			20726
			20727
20685	

---------------------------------
plain	jelly	coconut	honey-dip
20822				
			20838
		20869		
20823				
20824				
20825				
20826				
	20727			
20827				
		20870		
			20839
	20728	

---------------------------------
plain	jelly	coconut	honey-dip
	20851			
20962				
			20974
			20975
20963				
		20997		
20964				
20965				
20966				
20967				
		20998		
		20999	

---------------------------------
plain	jelly	coconut	honey-dip
			21160
21139				
	21037			
			21161
21140				
	21038			
21141				
	21039			
		21180		
21142				
		21181		
	21040	

---------------------------------
plain	jelly	coconut	honey-dip
	21155			
			21285
			21286
			21287
			21288
	21156			
	21157			
	21158			
21267				
21268				
		21313		
			21289


---------------------------------
plain	jelly	coconut	honey-dip
			21416
			21417
			21418
			21419
21396				
21397				
			21420
	21290			
		21434		
	21291			
			21421
			21422


---------------------------------
plain	jelly	coconut	honey-dip
		21562		
21525				
		21563		
21526				
			21535
	21394			
21527				
			21536
	21395			
	21396			
21528				
			21537


---------------------------------
plain	jelly	coconut	honey-dip
21708				
21709				
			21703
	21564			
		21725		
			21704
	21565			
		21726		
	21566			
	21567			
		21727		
			21705


---------------------------------
plain	jelly	coconut	honey-dip
21859				
	21719			
		21877		
			21857
		21878		
	21720			
		21879		
	21721			
21860				
	21722			
			21858
21861	

---------------------------------
plain	jelly	coconut	honey-dip
21996				
	21861			
	21862			
21997				
		22040		
	21863			
	21864			
	21865			
21998				
	21866			
21999				
		22041	

---------------------------------
plain	jelly	coconut	honey-dip
		22195		
		22196		
	22052			
22161				
			22152
22162				
		22197		
		22198		
22163				
	22053			
		22199		
			22153


---------------------------------
plain	jelly	coconut	honey-dip
		22369		
			22295
		22370		
		22371		
22304				
		22372		
		22373		
	22204			
			22296
	22205			
	22206			
	22207	

---------------------------------
plain	jelly	coconut	honey-dip
	22353			
			22452
	22354			
		22534		
	22355			
		22535		
	22356			
22457				
	22357			
22458				
22459				
		22536	

---------------------------------
plain	jelly	coconut	honey-dip
22605				
	22524			
		22674		
			22593
			22594
		22675		
			22595
		22676		
		22677		
22606				
22607				
			22596


---------------------------------
plain	jelly	coconut	honey-dip
22826				
	22772			
			22831
22827				
			22832
22828				
			22833
		22879		
		22880		
			22834
22829				
		22881	

---------------------------------
plain	jelly	coconut	honey-dip
	22887			
			22976
	22888			
			22977
			22978
	22889			
			22979
			22980
22954				
22955				
			22981
	22890	

---------------------------------
plain	jelly	coconut	honey-dip
		23125		
		23126		
	22995			
		23127		
			23063
			23064
23073				
		23128		
	22996			
	22997			
		23129		
23074	

---------------------------------
plain	jelly	coconut	honey-dip
23223				
23224				
23225				
			23229
	23164			
		23288		
		23289		
			23230
			23231
	23165			
	23166			
			23232


---------------------------------
plain	jelly	coconut	honey-dip
23436				
	23394			
		23525		
			23437
			23438
	23395			
	23396			
	23397			
	23398			
			23439
23437				
			23440


---------------------------------
plain	jelly	coconut	honey-dip
			23551
	23522			
	23523			
23562				
		23649		
		23650		
		23651		
		23652		
		23653		
			23552
			23553
			23554


---------------------------------
plain	jelly	coconut	honey-dip
	23660			
		23808		
			23705
23711				
23712				
23713				
23714				
23715				
23716				
23717				
		23809		
			23706


---------------------------------
plain	jelly	coconut	honey-dip
		23946		
			23847
			23848
23836				
23837				
23838				
23839				
23840				
	23783			
		23947		
23841				
23842	

---------------------------------
plain	jelly	coconut	honey-dip
	23905			
23938				
	23906			
	23907			
		24072		
	23908			
23939				
23940				
			23953
	23909			
			23954
		24073	

---------------------------------
plain	jelly	coconut	honey-dip
		24206		
24062				
			24076
		24207		
		24208		
		24209		
	24040			
			24077
24063				
			24078
	24041			
24064	

---------------------------------
plain	jelly	coconut	honey-dip
			24240
		24360		
	24219			
	24220			
		24361		
	24221			
24225				
24226				
24227				
24228				
		24362		
		24363	

---------------------------------
plain	jelly	coconut	honey-dip
			24387
			24388
	24406			
	24407			
			24389
		24548		
		24549		
			24390
			24391
24435				
		24550		
	24408	

---------------------------------
plain	jelly	coconut	honey-dip
			24522
24571				
	24557			
	24558			
	24559			
	24560			
24572				
		24714		
	24561			
			24523
			24524
			24525


---------------------------------
plain	jelly	coconut	honey-dip
24715				
			24664
		24853		
			24665
24716				
24717				
	24732			
24718				
	24733			
	24734			
			24666
	24735	

---------------------------------
plain	jelly	coconut	honey-dip
	24864			
	24865			
24877				
			24803
			24804
	24866			
24878				
24879				
			24805
24880				
24881				
24882	

---------------------------------
plain	jelly	coconut	honey-dip
	24964			
24980				
24981				
		25072		
24982				
	24965			
		25073		
	24966			
	24967			
24983				
	24968			
24984	

---------------------------------
plain	jelly	coconut	honey-dip
25108				
		25208		
		25209		
			25059
	25113			
			25060
	25114			
		25210		
	25115			
		25211		
	25116			
25109	

---------------------------------
plain	jelly	coconut	honey-dip
25268				
			25198
	25266			
	25267			
	25268			
25269				
25270				
	25269			
	25270			
	25271			
25271				
25272	

---------------------------------
plain	jelly	coconut	honey-dip
	25401			
		25536		
		25537		
			25350
25401				
			25351
		25538		
	25402			
		25539		
	25403			
	25404			
25402	

---------------------------------
plain	jelly	coconut	honey-dip
		25692		
25539				
	25545			
		25693		
		25694		
	25546			
		25695		
	25547			
25540				
	25548			
		25696		
		25697	

---------------------------------
plain	jelly	coconut	honey-dip
			25684
			25685
			25686
		25868		
25711				
			25687
25712				
			25688
			25689
25713				
25714				
		25869	

---------------------------------
plain	jelly	coconut	honey-dip
		25979		
		25980		
25814				
25815				
25816				
	25830			
		25981		
		25982		
25817				
	25831			
			25805
		25983	

---------------------------------
plain	jelly	coconut	honey-dip
	25963			
			25971
	25964			
			25972
		26131		
25963				
			25973
	25965			
			25974
	25966			
			25975
		26132	

---------------------------------
plain	jelly	coconut	honey-dip
		26308		
			26094
	26111			
	26112			
	26113			
		26309		
		26310		
		26311		
	26114			
		26312		
26103				
			26095


---------------------------------
plain	jelly	coconut	honey-dip
			26269
		26454		
	26279			
		26455		
26262				
	26280			
26263				
		26456		
		26457		
		26458		
			26270
26264	

---------------------------------
plain	jelly	coconut	honey-dip
			26375
			26376
			26377
26392				
		26597		
		26598		
		26599		
		26600		
26393				
	26404			
			26378
	26405	

---------------------------------
plain	jelly	coconut	honey-dip
		26824		
	26610			
	26611			
	26612			
26619				
		26825		
	26613			
26620				
			26591
26621				
		26826		
			26592


---------------------------------
plain	jelly	coconut	honey-dip
26785				
	26783			
			26759
		27001		
	26784			
26786				
26787				
26788				
	26785			
26789				
			26760
26790	

---------------------------------
plain	jelly	coconut	honey-dip
26889				
			26877
		27101		
	26893			
	26894			
	26895			
	26896			
		27102		
			26878
			26879
	26897			
		27103	

---------------------------------
plain	jelly	coconut	honey-dip
			27013
27052				
27053				
27054				
27055				
27056				
		27265		
	27018			
		27266		
	27019			
	27020			
		27267	

---------------------------------
plain	jelly	coconut	honey-dip
	27128			
27190				
	27129			
		27385		
		27386		
27191				
		27387		
	27130			
27192				
		27388		
		27389		
27193	

---------------------------------
plain	jelly	coconut	honey-dip
	27246			
		27507		
27325				
		27508		
27326				
	27247			
			27266
		27509		
			27267
27327				
	27248			
			27268


---------------------------------
plain	jelly	coconut	honey-dip
	27354			
	27355			
			27382
	27356			
		27629		
	27357			
		27630		
		27631		
27459				
		27632		
27460				
		27633	

---------------------------------
plain	jelly	coconut	honey-dip
		27733		
		27734		
	27469			
			27477
27589				
	27470			
	27471			
		27735		
	27472			
	27473			
			27478
			27479


---------------------------------
plain	jelly	coconut	honey-dip
	27594			
27716				
	27595			
			27606
			27607
27717				
			27608
	27596			
27718				
		27832		
		27833		
		27834	

---------------------------------
plain	jelly	coconut	honey-dip
		27932		
27823				
	27708			
		27933		
27824				
		27934		
		27935		
27825				
			27693
27826				
			27694
		27936	

---------------------------------
plain	jelly	coconut	honey-dip
		28024		
			27800
	27820			
			27801
			27802
	27821			
			27803
		28025		
	27822			
			27804
27908				
27909	

---------------------------------
plain	jelly	coconut	honey-dip
			27896
		28120		
		28121		
		28122		
			27897
	27907			
			27898
28013				
28014				
			27899
		28123		
		28124	

---------------------------------
plain	jelly	coconut	honey-dip
	28018			
	28019			
28083				
		28206		
			27989
			27990
	28020			
		28207		
			27991
28084				
	28021			
28085	

