---------------------------------
plain	jelly	coconut	honey-dip
			2330
2270				
2271				
			2331
			2332
2272				
	2328			
			2333
2273				
		2312		
			2334
2274	

---------------------------------
plain	jelly	coconut	honey-dip
			2703
	2684			
2626				
	2685			
2627				
		2679		
			2704
2628				
			2705
			2706
	2686			
		2680	

---------------------------------
plain	jelly	coconut	honey-dip
2749				
			2821
		2787		
	2779			
			2822
	2780			
			2823
	2781			
			2824
			2825
		2788		
		2789	

---------------------------------
plain	jelly	coconut	honey-dip
			3024
			3025
2961				
			3026
	2963			
	2964			
		2980		
		2981		
			3027
		2982		
			3028
2962	

---------------------------------
plain	jelly	coconut	honey-dip
	3079			
		3103		
			3148
3090				
	3080			
		3104		
3091				
		3105		
3092				
	3081			
			3149
	3082	

---------------------------------
plain	jelly	coconut	honey-dip
	3226			
	3227			
		3234		
			3315
			3316
	3228			
	3229			
		3235		
3245				
		3236		
			3317
		3237	

---------------------------------
plain	jelly	coconut	honey-dip
3375				
			3448
		3364		
3376				
	3361			
		3365		
			3449
		3366		
3377				
		3367		
	3362			
	3363	

---------------------------------
plain	jelly	coconut	honey-dip
		3522		
		3523		
	3476			
3517				
			3585
3518				
			3586
3519				
			3587
3520				
3521				
			3588


---------------------------------
plain	jelly	coconut	honey-dip
			3710
3639				
			3711
		3667		
		3668		
	3612			
			3712
			3713
3640				
3641				
		3669		
	3613	

---------------------------------
plain	jelly	coconut	honey-dip
	3749			
		3788		
	3750			
3739				
			3844
		3789		
3740				
3741				
		3790		
		3791		
	3751			
		3792	

---------------------------------
plain	jelly	coconut	honey-dip
	3919			
3886				
	3920			
		3920		
		3921		
			4007
		3922		
3887				
3888				
	3921			
	3922			
		3923	

---------------------------------
plain	jelly	coconut	honey-dip
	4063			
	4064			
			4124
			4125
		4056		
4041				
4042				
		4057		
			4126
	4065			
			4127
		4058	

---------------------------------
plain	jelly	coconut	honey-dip
			4245
	4164			
	4165			
		4177		
	4166			
			4246
			4247
4166				
			4248
	4167			
		4178		
			4249


---------------------------------
plain	jelly	coconut	honey-dip
4257				
	4265			
			4352
			4353
	4266			
4258				
		4274		
			4354
	4267			
		4275		
4259				
	4268	

---------------------------------
plain	jelly	coconut	honey-dip
	4418			
			4487
		4419		
4400				
			4488
4401				
4402				
			4489
			4490
	4419			
4403				
		4420	

---------------------------------
plain	jelly	coconut	honey-dip
			4620
			4621
			4622
			4623
4540				
			4624
		4538		
4541				
			4625
			4626
			4627
4542	

---------------------------------
plain	jelly	coconut	honey-dip
			4744
	4663			
4656				
			4745
		4669		
		4670		
4657				
		4671		
		4672		
4658				
	4664			
4659	

---------------------------------
plain	jelly	coconut	honey-dip
	4788			
	4789			
	4790			
4783				
4784				
4785				
	4791			
4786				
	4792			
		4767		
	4793			
			4838


---------------------------------
plain	jelly	coconut	honey-dip
	4928			
	4929			
	4930			
			4957
	4931			
4921				
		4874		
		4875		
		4876		
4922				
	4932			
4923	

---------------------------------
plain	jelly	coconut	honey-dip
5021				
			5090
	5048			
		5013		
5022				
	5049			
	5050			
	5051			
	5052			
			5091
			5092
5023	

---------------------------------
plain	jelly	coconut	honey-dip
	5212			
5161				
5162				
5163				
	5213			
		5171		
	5214			
5164				
		5172		
	5215			
			5228
		5173	

---------------------------------
plain	jelly	coconut	honey-dip
5280				
	5337			
	5338			
		5296		
	5339			
	5340			
		5297		
5281				
			5339
	5341			
		5298		
5282	

---------------------------------
plain	jelly	coconut	honey-dip
5642				
5643				
	5682			
		5637		
			5659
			5660
			5661
5644				
			5662
			5663
5645				
		5638	

---------------------------------
plain	jelly	coconut	honey-dip
5762				
		5766		
5763				
	5810			
		5767		
	5811			
			5774
5764				
		5768		
	5812			
			5775
			5776


---------------------------------
plain	jelly	coconut	honey-dip
5885				
5886				
		5888		
	5963			
			5904
			5905
5887				
	5964			
	5965			
			5906
		5889		
	5966	

---------------------------------
plain	jelly	coconut	honey-dip
			6135
6098				
	6188			
6099				
	6189			
		6083		
		6084		
			6136
		6085		
			6137
	6190			
			6138


---------------------------------
plain	jelly	coconut	honey-dip
		6232		
			6292
			6293
	6349			
	6350			
6231				
6232				
		6233		
	6351			
	6352			
			6294
		6234	

---------------------------------
plain	jelly	coconut	honey-dip
6419				
	6552			
		6427		
	6553			
6420				
6421				
6422				
		6428		
	6554			
			6474
			6475
6423	

---------------------------------
plain	jelly	coconut	honey-dip
	6661			
		6545		
		6546		
	6662			
			6588
			6589
	6663			
		6547		
	6664			
	6665			
	6666			
	6667	

---------------------------------
plain	jelly	coconut	honey-dip
			6714
			6715
	6784			
			6716
	6785			
			6717
			6718
			6719
			6720
6690				
6691				
			6721


---------------------------------
plain	jelly	coconut	honey-dip
6806				
6807				
			6848
			6849
	6875			
			6850
			6851
			6852
			6853
	6876			
6808				
		6759	

---------------------------------
plain	jelly	coconut	honey-dip
			6981
		6873		
			6982
	6990			
			6983
6948				
	6991			
	6992			
		6874		
	6993			
	6994			
		6875	

---------------------------------
plain	jelly	coconut	honey-dip
		7042		
7108				
			7179
	7183			
		7043		
			7180
		7044		
7109				
		7045		
			7181
			7182
	7184	

---------------------------------
plain	jelly	coconut	honey-dip
			7336
7246				
7247				
		7204		
7248				
7249				
			7337
	7338			
			7338
			7339
		7205		
	7339	

---------------------------------
plain	jelly	coconut	honey-dip
		7335		
7352				
	7465			
			7452
	7466			
			7453
7353				
		7336		
7354				
		7337		
			7454
		7338	

---------------------------------
plain	jelly	coconut	honey-dip
		7475		
			7595
	7615			
7495				
		7476		
	7616			
			7596
	7617			
			7597
			7598
		7477		
7496	

---------------------------------
plain	jelly	coconut	honey-dip
			7750
		7621		
7629				
		7622		
	7756			
		7623		
	7757			
	7758			
			7751
	7759			
			7752
	7760	

---------------------------------
plain	jelly	coconut	honey-dip
			7891
7754				
			7892
7755				
		7740		
			7893
			7894
7756				
7757				
			7895
			7896
		7741	

---------------------------------
plain	jelly	coconut	honey-dip
			8030
		7851		
	8012			
		7852		
	8013			
			8031
		7853		
		7854		
	8014			
	8015			
			8032
	8016	

---------------------------------
plain	jelly	coconut	honey-dip
		7990		
			8178
	8150			
		7991		
	8151			
			8179
8034				
		7992		
		7993		
8035				
8036				
			8180


---------------------------------
plain	jelly	coconut	honey-dip
	8315			
	8316			
		8143		
		8144		
		8145		
			8335
			8336
			8337
	8317			
		8146		
			8338
8195	

---------------------------------
plain	jelly	coconut	honey-dip
		8332		
	8524			
			8516
8384				
		8333		
8385				
8386				
			8517
			8518
8387				
8388				
8389	

---------------------------------
plain	jelly	coconut	honey-dip
	8646			
		8452		
8510				
		8453		
	8647			
8511				
	8648			
8512				
8513				
	8649			
		8454		
8514	

---------------------------------
plain	jelly	coconut	honey-dip
	8764			
8660				
		8606		
			8770
	8765			
	8766			
	8767			
			8771
8661				
8662				
	8768			
	8769	

---------------------------------
plain	jelly	coconut	honey-dip
	8885			
		8722		
			8892
		8723		
		8724		
		8725		
	8886			
			8893
		8726		
	8887			
			8894
	8888	

---------------------------------
plain	jelly	coconut	honey-dip
8893				
			9031
		8865		
			9032
8894				
			9033
	9019			
		8866		
		8867		
	9020			
		8868		
	9021	

---------------------------------
plain	jelly	coconut	honey-dip
			9176
		9013		
	9168			
			9177
9039				
9040				
9041				
			9178
			9179
	9169			
			9180
9042	

---------------------------------
plain	jelly	coconut	honey-dip
	9277			
			9298
	9278			
		9127		
		9128		
		9129		
9150				
9151				
		9130		
		9131		
	9279			
			9299


---------------------------------
plain	jelly	coconut	honey-dip
	9453			
			9448
			9449
9305				
			9450
		9294		
		9295		
		9296		
		9297		
			9451
	9454			
	9455	

---------------------------------
plain	jelly	coconut	honey-dip
			9727
		9587		
	9733			
			9728
			9729
			9730
	9734			
9617				
		9588		
		9589		
		9590		
	9735	

---------------------------------
plain	jelly	coconut	honey-dip
	9851			
			9855
	9852			
	9853			
	9854			
9736				
9737				
	9855			
	9856			
	9857			
		9714		
		9715	

---------------------------------
plain	jelly	coconut	honey-dip
		9900		
9906				
		9901		
		9902		
			10035
		9903		
		9904		
			10036
			10037
	10059			
			10038
9907	

---------------------------------
plain	jelly	coconut	honey-dip
	10209			
		10061		
	10210			
		10062		
			10187
10055				
		10063		
		10064		
10056				
		10065		
10057				
		10066	

---------------------------------
plain	jelly	coconut	honey-dip
10208				
	10407			
		10224		
	10408			
			10357
10209				
10210				
	10409			
	10410			
			10358
			10359
10211	

---------------------------------
plain	jelly	coconut	honey-dip
	10522			
	10523			
10322				
			10488
	10524			
		10344		
		10345		
10323				
		10346		
10324				
			10489
		10347	

---------------------------------
plain	jelly	coconut	honey-dip
		10481		
10464				
10465				
			10629
		10482		
	10678			
	10679			
		10483		
			10630
		10484		
10466				
		10485	

---------------------------------
plain	jelly	coconut	honey-dip
	10838			
		10615		
		10616		
10623				
		10617		
		10618		
10624				
	10839			
	10840			
		10619		
			10800
10625	

---------------------------------
plain	jelly	coconut	honey-dip
		10790		
10780				
			10929
10781				
		10791		
		10792		
			10930
10782				
	10965			
		10793		
	10966			
	10967	

---------------------------------
plain	jelly	coconut	honey-dip
10924				
	11106			
		10933		
	11107			
		10934		
		10935		
10925				
	11108			
			11077
		10936		
10926				
			11078


---------------------------------
plain	jelly	coconut	honey-dip
			11270
	11293			
	11294			
	11295			
		11115		
		11116		
		11117		
		11118		
11094				
			11271
	11296			
			11272


---------------------------------
plain	jelly	coconut	honey-dip
11301				
11302				
11303				
	11506			
		11338		
			11503
11304				
			11504
		11339		
		11340		
	11507			
			11505


---------------------------------
plain	jelly	coconut	honey-dip
	11664			
		11461		
11426				
		11462		
		11463		
			11637
		11464		
		11465		
		11466		
11427				
		11467		
			11638


---------------------------------
plain	jelly	coconut	honey-dip
	11818			
	11819			
			11811
	11820			
	11821			
11611				
11612				
		11656		
	11822			
		11657		
			11812
11613	

---------------------------------
plain	jelly	coconut	honey-dip
			11914
			11915
	11906			
		11755		
			11916
11753				
			11917
11754				
11755				
	11907			
11756				
	11908	

---------------------------------
plain	jelly	coconut	honey-dip
		11879		
		11880		
			12068
	12028			
		11881		
11869				
11870				
11871				
	12029			
			12069
11872				
		11882	

---------------------------------
plain	jelly	coconut	honey-dip
			12232
		12072		
12074				
	12210			
	12211			
12075				
12076				
12077				
			12233
12078				
12079				
		12073	

---------------------------------
plain	jelly	coconut	honey-dip
			12353
			12354
12194				
	12322			
			12355
			12356
		12187		
	12323			
		12188		
12195				
	12324			
12196	

---------------------------------
plain	jelly	coconut	honey-dip
		12302		
	12437			
		12303		
			12486
			12487
12323				
		12304		
			12488
12324				
		12305		
		12306		
			12489


---------------------------------
plain	jelly	coconut	honey-dip
		12470		
	12572			
		12471		
			12676
	12573			
12466				
		12472		
		12473		
			12677
			12678
12467				
12468	

---------------------------------
plain	jelly	coconut	honey-dip
		12627		
	12696			
12626				
		12628		
		12629		
			12799
		12630		
12627				
12628				
		12631		
12629				
	12697	

---------------------------------
plain	jelly	coconut	honey-dip
		12755		
12784				
12785				
		12756		
		12757		
			12920
	12853			
	12854			
			12921
			12922
			12923
12786	

---------------------------------
plain	jelly	coconut	honey-dip
			13120
			13121
		12948		
			13122
			13123
12998				
		12949		
			13124
	13014			
		12950		
	13015			
		12951	

---------------------------------
plain	jelly	coconut	honey-dip
13267				
13268				
		13212		
13269				
			13378
			13379
			13380
		13213		
			13381
		13214		
13270				
		13215	

---------------------------------
plain	jelly	coconut	honey-dip
			13541
	13458			
	13459			
			13542
		13369		
	13460			
	13461			
13428				
13429				
13430				
13431				
	13462	

---------------------------------
plain	jelly	coconut	honey-dip
		13475		
		13476		
13561				
	13566			
13562				
			13662
	13567			
			13663
	13568			
			13664
			13665
			13666


---------------------------------
plain	jelly	coconut	honey-dip
		13600		
	13714			
		13601		
		13602		
	13715			
13697				
13698				
			13793
		13603		
	13716			
			13794
13699	

---------------------------------
plain	jelly	coconut	honey-dip
			13951
		13761		
	13872			
	13873			
			13952
			13953
13844				
			13954
	13874			
13845				
13846				
		13762	

---------------------------------
plain	jelly	coconut	honey-dip
			14100
			14101
	14012			
	14013			
			14102
13974				
			14103
			14104
			14105
			14106
	14014			
13975	

---------------------------------
plain	jelly	coconut	honey-dip
	14096			
	14097			
	14098			
	14099			
		13981		
			14197
	14100			
	14101			
			14198
			14199
			14200
	14102	

---------------------------------
plain	jelly	coconut	honey-dip
		14124		
	14221			
			14327
		14125		
			14328
14172				
			14329
		14126		
			14330
		14127		
14173				
	14222	

---------------------------------
plain	jelly	coconut	honey-dip
		14278		
			14466
			14467
14303				
	14349			
	14350			
14304				
	14351			
			14468
14305				
		14279		
14306	

---------------------------------
plain	jelly	coconut	honey-dip
	14511			
	14512			
	14513			
	14514			
		14447		
	14515			
		14448		
		14449		
14470				
	14516			
14471				
		14450	

---------------------------------
plain	jelly	coconut	honey-dip
	14667			
14615				
14616				
		14628		
		14629		
	14668			
		14630		
			14794
	14669			
			14795
			14796
14617	

---------------------------------
plain	jelly	coconut	honey-dip
14746				
14747				
14748				
14749				
		14767		
		14768		
	14823			
	14824			
		14769		
	14825			
			14956
		14770	

---------------------------------
plain	jelly	coconut	honey-dip
			15195
		15030		
15019				
		15031		
	15068			
15020				
			15196
		15032		
		15033		
	15069			
	15070			
15021	

---------------------------------
plain	jelly	coconut	honey-dip
	15193			
15165				
15166				
			15331
	15194			
		15187		
			15332
15167				
15168				
			15333
15169				
			15334


---------------------------------
plain	jelly	coconut	honey-dip
		15301		
			15439
15285				
		15302		
	15331			
			15440
		15303		
		15304		
		15305		
			15441
			15442
15286	

---------------------------------
plain	jelly	coconut	honey-dip
	15489			
	15490			
	15491			
			15605
			15606
			15607
15415				
		15459		
15416				
	15492			
	15493			
15417	

---------------------------------
plain	jelly	coconut	honey-dip
		15584		
			15711
			15712
	15589			
	15590			
			15713
15540				
			15714
15541				
15542				
15543				
	15591	

---------------------------------
plain	jelly	coconut	honey-dip
	15698			
		15701		
	15699			
	15700			
15635				
15636				
			15810
	15701			
15637				
15638				
	15702			
	15703	

---------------------------------
plain	jelly	coconut	honey-dip
			15933
			15934
		15824		
			15935
15773				
		15825		
	15818			
			15936
		15826		
	15819			
		15827		
		15828	

---------------------------------
plain	jelly	coconut	honey-dip
			16076
			16077
	15981			
			16078
15939				
			16079
	15982			
	15983			
15940				
		15976		
			16080
	15984	

---------------------------------
plain	jelly	coconut	honey-dip
	16152			
	16153			
		16140		
			16238
		16141		
		16142		
			16239
			16240
			16241
		16143		
		16144		
			16242


---------------------------------
plain	jelly	coconut	honey-dip
			16388
			16389
16255				
16256				
16257				
	16291			
	16292			
			16390
		16298		
			16391
	16293			
	16294	

---------------------------------
plain	jelly	coconut	honey-dip
	16408			
	16409			
			16498
		16411		
	16410			
16359				
	16411			
			16499
16360				
	16412			
			16500
			16501


---------------------------------
plain	jelly	coconut	honey-dip
			16698
		16622		
16558				
		16623		
			16699
			16700
		16624		
		16625		
		16626		
			16701
			16702
		16627	

---------------------------------
plain	jelly	coconut	honey-dip
		16771		
16742				
16743				
16744				
		16772		
16745				
		16773		
		16774		
16746				
	16804			
	16805			
	16806	

---------------------------------
plain	jelly	coconut	honey-dip
16974				
			17066
	16999			
		16989		
		16990		
		16991		
	17000			
		16992		
			17067
	17001			
		16993		
		16994	

---------------------------------
plain	jelly	coconut	honey-dip
		17176		
	17153			
17118				
17119				
		17177		
		17178		
	17154			
		17179		
17120				
17121				
		17180		
	17155	

---------------------------------
plain	jelly	coconut	honey-dip
			17374
		17343		
17277				
	17306			
17278				
	17307			
17279				
17280				
	17308			
			17375
		17344		
17281	

---------------------------------
plain	jelly	coconut	honey-dip
		17480		
			17485
	17418			
			17486
		17481		
		17482		
			17487
		17483		
17397				
17398				
	17419			
		17484	

---------------------------------
plain	jelly	coconut	honey-dip
	17640			
	17641			
		17667		
			17682
			17683
		17668		
	17642			
		17669		
	17643			
			17684
	17644			
			17685


---------------------------------
plain	jelly	coconut	honey-dip
		17809		
17759				
17760				
	17780			
17761				
	17781			
17762				
		17810		
	17782			
			17836
			17837
		17811	

---------------------------------
plain	jelly	coconut	honey-dip
17876				
	17886			
			17931
			17932
		17959		
17877				
	17887			
		17960		
	17888			
			17933
		17961		
			17934


---------------------------------
plain	jelly	coconut	honey-dip
			18069
		18080		
			18070
18012				
18013				
	18019			
			18071
18014				
	18020			
	18021			
	18022			
		18081	

---------------------------------
plain	jelly	coconut	honey-dip
	18152			
	18153			
18134				
18135				
		18192		
18136				
		18193		
			18182
	18154			
			18183
18137				
	18155	

---------------------------------
plain	jelly	coconut	honey-dip
18277				
18278				
18279				
		18326		
18280				
	18304			
		18327		
			18305
			18306
18281				
	18305			
		18328	

---------------------------------
plain	jelly	coconut	honey-dip
18466				
18467				
		18518		
			18486
		18519		
		18520		
		18521		
	18486			
18468				
	18487			
	18488			
	18489	

---------------------------------
plain	jelly	coconut	honey-dip
		18674		
18608				
18609				
		18675		
	18609			
			18617
18610				
			18618
	18610			
	18611			
	18612			
	18613	

---------------------------------
plain	jelly	coconut	honey-dip
18738				
		18797		
	18743			
		18798		
			18758
			18759
			18760
18739				
	18744			
			18761
18740				
	18745	

---------------------------------
plain	jelly	coconut	honey-dip
18943				
	18928			
	18929			
	18930			
	18931			
18944				
			18934
		18975		
18945				
18946				
			18935
18947	

---------------------------------
plain	jelly	coconut	honey-dip
19062				
		19089		
		19090		
		19091		
	19033			
19063				
	19034			
			19052
			19053
		19092		
			19054
		19093	

---------------------------------
plain	jelly	coconut	honey-dip
19226				
	19200			
19227				
		19254		
			19228
		19255		
			19229
		19256		
19228				
19229				
19230				
		19257	

---------------------------------
plain	jelly	coconut	honey-dip
19377				
			19376
			19377
		19414		
	19329			
19378				
19379				
			19378
			19379
			19380
			19381
	19330	

---------------------------------
plain	jelly	coconut	honey-dip
	19431			
			19510
19493				
	19432			
			19511
		19518		
	19433			
19494				
		19519		
	19434			
	19435			
19495	

---------------------------------
plain	jelly	coconut	honey-dip
			19627
		19621		
		19622		
	19556			
	19557			
	19558			
19616				
	19559			
	19560			
19617				
			19628
		19623	

---------------------------------
plain	jelly	coconut	honey-dip
19758				
19759				
		19769		
	19688			
19760				
		19770		
	19689			
	19690			
	19691			
			19769
		19771		
	19692	

---------------------------------
plain	jelly	coconut	honey-dip
			19983
	19894			
		20000		
			19984
19959				
		20001		
			19985
		20002		
			19986
		20003		
	19895			
			19987


---------------------------------
plain	jelly	coconut	honey-dip
20147				
	20096			
20148				
20149				
20150				
		20180		
	20097			
		20181		
		20182		
20151				
			20193
	20098	

---------------------------------
plain	jelly	coconut	honey-dip
20289				
20290				
		20322		
		20323		
20291				
20292				
			20323
	20246			
		20324		
			20324
		20325		
	20247	

---------------------------------
plain	jelly	coconut	honey-dip
			20448
		20475		
			20449
	20359			
20426				
			20450
	20360			
20427				
	20361			
20428				
		20476		
	20362	

---------------------------------
plain	jelly	coconut	honey-dip
	20543			
		20654		
	20544			
		20655		
			20640
20591				
	20545			
			20641
20592				
20593				
		20656		
20594	

---------------------------------
plain	jelly	coconut	honey-dip
			20769
		20799		
		20800		
			20770
		20801		
	20669			
		20802		
			20771
		20803		
			20772
20731				
			20773


---------------------------------
plain	jelly	coconut	honey-dip
			20928
20918				
	20800			
			20929
			20930
		20958		
20919				
			20931
	20801			
			20932
	20802			
	20803	

---------------------------------
plain	jelly	coconut	honey-dip
		21060		
21028				
	20899			
			21037
		21061		
			21038
			21039
		21062		
	20900			
	20901			
21029				
	20902	

---------------------------------
plain	jelly	coconut	honey-dip
		21188		
			21165
21145				
21146				
		21189		
		21190		
21147				
		21191		
		21192		
	21042			
	21043			
	21044	

---------------------------------
plain	jelly	coconut	honey-dip
		21347		
			21335
			21336
		21348		
		21349		
		21350		
			21337
			21338
			21339
21296				
			21340
		21351	

---------------------------------
plain	jelly	coconut	honey-dip
			21476
21478				
			21477
	21343			
			21478
	21344			
	21345			
		21503		
		21504		
21479				
		21505		
		21506	

---------------------------------
plain	jelly	coconut	honey-dip
		21694		
			21674
	21535			
	21536			
		21695		
			21675
	21537			
		21696		
			21676
		21697		
			21677
		21698	

---------------------------------
plain	jelly	coconut	honey-dip
	21748			
		21904		
		21905		
		21906		
			21878
			21879
		21907		
		21908		
21878				
21879				
	21749			
21880	

---------------------------------
plain	jelly	coconut	honey-dip
22031				
		22063		
	21901			
			22025
	21902			
22032				
22033				
		22064		
			22026
		22065		
	21903			
22034	

---------------------------------
plain	jelly	coconut	honey-dip
22199				
	22084			
		22236		
	22085			
		22237		
	22086			
			22185
			22186
		22238		
			22187
			22188
22200	

---------------------------------
plain	jelly	coconut	honey-dip
		22403		
			22311
22322				
	22232			
			22312
	22233			
	22234			
22323				
	22235			
			22313
			22314
		22404	

---------------------------------
plain	jelly	coconut	honey-dip
	22340			
			22437
22445				
			22438
22446				
			22439
22447				
			22440
		22526		
			22441
			22442
			22443


---------------------------------
plain	jelly	coconut	honey-dip
		22609		
		22610		
	22464			
		22611		
		22612		
		22613		
22560				
		22614		
			22547
		22615		
			22548
		22616	

---------------------------------
plain	jelly	coconut	honey-dip
		22849		
		22850		
22801				
	22747			
	22748			
		22851		
22802				
22803				
	22749			
		22852		
22804				
		22853	

---------------------------------
plain	jelly	coconut	honey-dip
		22998		
		22999		
22946				
			22970
		23000		
		23001		
22947				
22948				
22949				
			22971
			22972
	22886	

---------------------------------
plain	jelly	coconut	honey-dip
			23095
		23157		
			23096
			23097
			23098
	23039			
23109				
	23040			
			23099
23110				
	23041			
		23158	

---------------------------------
plain	jelly	coconut	honey-dip
	23159			
	23160			
23222				
		23287		
	23161			
	23162			
			23224
			23225
	23163			
			23226
			23227
			23228


---------------------------------
plain	jelly	coconut	honey-dip
		23425		
		23426		
		23427		
			23353
			23354
		23428		
		23429		
		23430		
			23355
23345				
23346				
23347	

---------------------------------
plain	jelly	coconut	honey-dip
	23549			
	23550			
			23585
		23694		
23588				
	23551			
23589				
	23552			
	23553			
	23554			
			23586
			23587


---------------------------------
plain	jelly	coconut	honey-dip
	23650			
			23698
		23795		
	23651			
23705				
	23652			
		23796		
		23797		
23706				
		23798		
23707				
	23653	

---------------------------------
plain	jelly	coconut	honey-dip
23859				
	23811			
	23812			
23860				
23861				
			23865
	23813			
	23814			
		23973		
23862				
			23866
	23815	

---------------------------------
plain	jelly	coconut	honey-dip
			24007
	23966			
		24129		
			24008
23994				
		24130		
	23967			
			24009
	23968			
23995				
			24010
	23969	

---------------------------------
plain	jelly	coconut	honey-dip
			24175
		24312		
	24150			
		24313		
		24314		
		24315		
		24316		
		24317		
		24318		
		24319		
		24320		
			24176


---------------------------------
plain	jelly	coconut	honey-dip
			24317
			24318
24336				
	24330			
	24331			
			24319
	24332			
			24320
		24469		
			24321
	24333			
			24322


---------------------------------
plain	jelly	coconut	honey-dip
		24611		
	24450			
	24451			
		24612		
	24452			
24481				
24482				
			24438
			24439
24483				
24484				
		24613	

---------------------------------
plain	jelly	coconut	honey-dip
		24754		
		24755		
24617				
	24608			
		24756		
		24757		
			24553
			24554
	24609			
	24610			
24618				
	24611	

---------------------------------
plain	jelly	coconut	honey-dip
			24724
		24904		
	24779			
			24725
			24726
			24727
24785				
			24728
24786				
24787				
24788				
24789	

---------------------------------
plain	jelly	coconut	honey-dip
	24948			
24966				
	24949			
		25051		
24967				
	24950			
		25052		
		25053		
			24899
			24900
			24901
			24902


---------------------------------
plain	jelly	coconut	honey-dip
			25044
	25097			
	25098			
25093				
25094				
	25099			
		25194		
	25100			
			25045
	25101			
			25046
25095	

---------------------------------
plain	jelly	coconut	honey-dip
25223				
		25321		
25224				
25225				
		25322		
25226				
		25323		
		25324		
	25218			
25227				
25228				
			25158


---------------------------------
plain	jelly	coconut	honey-dip
	25352			
			25295
	25353			
			25296
25357				
	25354			
		25480		
			25297
		25481		
			25298
25358				
			25299


---------------------------------
plain	jelly	coconut	honey-dip
		25674		
	25518			
25522				
25523				
		25675		
			25478
			25479
25524				
25525				
			25480
			25481
	25519	

---------------------------------
plain	jelly	coconut	honey-dip
			25603
25637				
			25604
		25790		
	25654			
			25605
			25606
		25791		
		25792		
			25607
			25608
			25609


---------------------------------
plain	jelly	coconut	honey-dip
			25731
			25732
	25772			
			25733
		25917		
			25734
25756				
			25735
		25918		
			25736
25757				
			25737


---------------------------------
plain	jelly	coconut	honey-dip
			25860
		26053		
25878				
		26054		
		26055		
			25861
			25862
			25863
25879				
		26056		
		26057		
		26058	

---------------------------------
plain	jelly	coconut	honey-dip
	26002			
	26003			
	26004			
		26176		
26001				
	26005			
	26006			
26002				
			26005
	26007			
	26008			
26003	

---------------------------------
plain	jelly	coconut	honey-dip
26168				
			26159
26169				
26170				
			26160
			26161
		26366		
		26367		
			26162
26171				
26172				
			26163


---------------------------------
plain	jelly	coconut	honey-dip
26247				
	26255			
			26258
		26444		
26248				
	26256			
	26257			
	26258			
	26259			
			26259
		26445		
26249	

---------------------------------
plain	jelly	coconut	honey-dip
			26354
	26377			
		26568		
	26378			
			26355
26373				
	26379			
	26380			
			26356
		26569		
	26381			
		26570	

---------------------------------
plain	jelly	coconut	honey-dip
			26650
26680				
26681				
26682				
	26662			
			26651
	26663			
	26664			
	26665			
	26666			
26683				
	26667	

---------------------------------
plain	jelly	coconut	honey-dip
			26986
27009				
		27229		
			26987
	26992			
27010				
			26988
27011				
		27230		
			26989
			26990
		27231	

---------------------------------
plain	jelly	coconut	honey-dip
	27193			
			27206
	27194			
27266				
27267				
			27207
			27208
	27195			
	27196			
		27451		
27268				
		27452	

---------------------------------
plain	jelly	coconut	honey-dip
		27575		
	27304			
			27326
		27576		
	27305			
27403				
27404				
	27306			
			27327
	27307			
	27308			
	27309	

---------------------------------
plain	jelly	coconut	honey-dip
	27432			
27545				
			27446
	27433			
		27701		
			27447
	27434			
			27448
27546				
		27702		
	27435			
		27703	

---------------------------------
plain	jelly	coconut	honey-dip
			27559
27668				
		27802		
	27551			
27669				
		27803		
	27552			
27670				
		27804		
			27560
27671				
27672	

---------------------------------
plain	jelly	coconut	honey-dip
27778				
	27660			
		27874		
		27875		
	27661			
		27876		
27779				
	27662			
		27877		
27780				
		27878		
27781	

---------------------------------
plain	jelly	coconut	honey-dip
		27992		
	27786			
		27993		
27877				
27878				
		27994		
		27995		
		27996		
			27765
			27766
	27787			
			27767


---------------------------------
plain	jelly	coconut	honey-dip
		28084		
			27864
			27865
	27869			
27975				
		28085		
		28086		
	27870			
	27871			
27976				
		28087		
			27866


---------------------------------
plain	jelly	coconut	honey-dip
28064				
28065				
	27989			
28066				
		28183		
			27964
	27990			
	27991			
			27965
28067				
		28184		
		28185	

---------------------------------
plain	jelly	coconut	honey-dip
	28098			
		28265		
			28064
		28266		
28169				
	28099			
	28100			
	28101			
		28267		
	28102			
			28065
		28268	

---------------------------------
plain	jelly	coconut	honey-dip
28277				
28278				
		28361		
28279				
		28362		
		28363		
	28178			
	28179			
		28364		
28280				
		28365		
			28164


---------------------------------
plain	jelly	coconut	honey-dip
		28461		
		28462		
			28259
			28260
28406				
		28463		
			28261
			28262
			28263
			28264
28407				
			28265


---------------------------------
plain	jelly	coconut	honey-dip
28480				
		28531		
			28329
	28360			
28481				
	28361			
28482				
			28330
28483				
		28532		
28484				
		28533	

---------------------------------
plain	jelly	coconut	honey-dip
		28624		
			28404
		28625		
28568				
			28405
28569				
	28428			
	28429			
		28626		
28570				
28571				
			28406


---------------------------------
plain	jelly	coconut	honey-dip
		28711		
	28514			
			28484
	28515			
		28712		
28651				
		28713		
28652				
28653				
		28714		
28654				
		28715	

---------------------------------
plain	jelly	coconut	honey-dip
			28551
		28773		
		28774		
			28552
	28569			
28719				
28720				
	28570			
	28571			
	28572			
	28573			
			28553


---------------------------------
plain	jelly	coconut	honey-dip
28840				
	28667			
		28891		
		28892		
			28658
		28893		
28841				
	28668			
	28669			
			28659
			28660
			28661


---------------------------------
plain	jelly	coconut	honey-dip
		28966		
	28744			
28906				
			28728
		28967		
	28745			
			28729
28907				
	28746			
	28747			
		28968		
			28730


---------------------------------
plain	jelly	coconut	honey-dip
	28816			
	28817			
	28818			
		29063		
			28813
			28814
		29064		
			28815
28976				
			28816
			28817
		29065	

---------------------------------
plain	jelly	coconut	honey-dip
			28933
			28934
29075				
29076				
29077				
		29143		
			28935
	28913			
			28936
			28937
		29144		
	28914	

---------------------------------
plain	jelly	coconut	honey-dip
		29199		
			29005
		29200		
			29006
	28962			
	28963			
		29201		
		29202		
29138				
			29007
29139				
		29203	

---------------------------------
plain	jelly	coconut	honey-dip
29197				
		29261		
		29262		
			29076
29198				
	29034			
		29263		
		29264		
29199				
			29077
			29078
	29035	

---------------------------------
plain	jelly	coconut	honey-dip
			29122
			29123
		29310		
			29124
	29087			
		29311		
29241				
	29088			
			29125
29242				
			29126
29243	

---------------------------------
plain	jelly	coconut	honey-dip
			29245
			29246
	29173			
		29424		
	29174			
	29175			
	29176			
29374				
29375				
29376				
29377				
	29177	

---------------------------------
plain	jelly	coconut	honey-dip
29455				
	29246			
29456				
29457				
29458				
			29326
	29247			
			29327
			29328
		29489		
		29490		
		29491	

---------------------------------
plain	jelly	coconut	honey-dip
29525				
29526				
			29380
29527				
		29548		
29528				
29529				
	29303			
			29381
		29549		
29530				
29531	

---------------------------------
plain	jelly	coconut	honey-dip
	29392			
		29654		
29628				
29629				
			29490
	29393			
29630				
			29491
			29492
		29655		
	29394			
		29656	

---------------------------------
plain	jelly	coconut	honey-dip
	29422			
		29687		
		29688		
			29521
			29522
			29523
	29423			
29654				
29655				
			29524
		29689		
		29690	

---------------------------------
plain	jelly	coconut	honey-dip
		29729		
		29730		
	29458			
29699				
	29459			
		29731		
29700				
			29554
			29555
29701				
	29460			
		29732	

---------------------------------
plain	jelly	coconut	honey-dip
		29774		
			29602
			29603
	29519			
	29520			
			29604
	29521			
			29605
	29522			
29749				
			29606
	29523	

---------------------------------
plain	jelly	coconut	honey-dip
	29559			
		29818		
29794				
			29653
	29560			
			29654
	29561			
		29819		
29795				
29796				
29797				
29798	

---------------------------------
plain	jelly	coconut	honey-dip
	29604			
29838				
		29861		
	29605			
29839				
	29606			
			29689
		29862		
			29690
	29607			
29840				
29841	

---------------------------------
plain	jelly	coconut	honey-dip
			29722
		29890		
			29723
		29891		
		29892		
		29893		
			29724
	29645			
		29894		
			29725
			29726
		29895	

---------------------------------
plain	jelly	coconut	honey-dip
			29751
			29752
29905				
	29679			
			29753
29906				
			29754
	29680			
			29755
			29756
		29921		
			29757


---------------------------------
plain	jelly	coconut	honey-dip
			29786
		29950		
			29787
	29710			
			29788
29930				
			29789
29931				
	29711			
	29712			
29932				
		29951	

---------------------------------
plain	jelly	coconut	honey-dip
		29992		
29962				
		29993		
		29994		
29963				
		29995		
	29758			
	29759			
		29996		
			29832
29964				
			29833


---------------------------------
plain	jelly	coconut	honey-dip
29986				
			29850
			29851
			29852
			29853
			29854
		30013		
29987				
	29779			
			29855
	29780			
	29781	

---------------------------------
plain	jelly	coconut	honey-dip
		30031		
		30032		
30006				
	29797			
		30033		
	29798			
30007				
30008				
			29878
30009				
	29799			
	29800	

