---------------------------------
plain	jelly	coconut	honey-dip
		3008		
	2985			
	2986			
2990				
	2987			
2991				
		3009		
2992				
2993				
	2988			
	2989			
2994	

---------------------------------
plain	jelly	coconut	honey-dip
	3590			
		3637		
		3638		
			3691
	3591			
	3592			
		3639		
			3692
		3640		
			3693
		3641		
		3642	

---------------------------------
plain	jelly	coconut	honey-dip
	3826			
			3907
			3908
			3909
			3910
		3840		
		3841		
		3842		
		3843		
3799				
3800				
			3911


---------------------------------
plain	jelly	coconut	honey-dip
3929				
		3961		
3930				
	3965			
	3966			
3931				
		3962		
			4045
		3963		
			4046
3932				
	3967	

---------------------------------
plain	jelly	coconut	honey-dip
4119				
	4135			
4120				
	4136			
	4137			
4121				
	4138			
4122				
	4139			
4123				
			4187
4124	

---------------------------------
plain	jelly	coconut	honey-dip
	4229			
4221				
		4237		
			4317
	4230			
	4231			
			4318
		4238		
			4319
4222				
	4232			
	4233	

---------------------------------
plain	jelly	coconut	honey-dip
		4346		
	4340			
			4410
			4411
	4341			
4328				
			4412
		4347		
	4342			
4329				
4330				
	4343	

---------------------------------
plain	jelly	coconut	honey-dip
	4515			
			4587
	4516			
		4498		
4496				
		4499		
	4517			
			4588
		4500		
	4518			
4497				
4498	

---------------------------------
plain	jelly	coconut	honey-dip
4620				
			4714
4621				
4622				
			4715
4623				
		4635		
		4636		
4624				
4625				
			4716
			4717


---------------------------------
plain	jelly	coconut	honey-dip
	4992			
		4956		
		4957		
	4993			
4976				
	4994			
4977				
		4958		
4978				
			5020
			5021
			5022


---------------------------------
plain	jelly	coconut	honey-dip
	5122			
			5164
	5123			
5086				
		5088		
	5124			
	5125			
			5165
			5166
	5126			
5087				
	5127	

---------------------------------
plain	jelly	coconut	honey-dip
		5214		
5196				
	5258			
5197				
		5215		
	5259			
5198				
			5260
	5260			
5199				
	5261			
			5261


---------------------------------
plain	jelly	coconut	honey-dip
5308				
		5319		
	5364			
5309				
	5365			
5310				
		5320		
5311				
	5366			
	5367			
			5369
5312	

---------------------------------
plain	jelly	coconut	honey-dip
	5449			
		5399		
			5453
		5400		
	5450			
	5451			
			5454
		5401		
	5452			
5407				
5408				
	5453	

---------------------------------
plain	jelly	coconut	honey-dip
5533				
5534				
5535				
			5565
			5566
		5523		
5536				
5537				
	5591			
	5592			
			5567
5538	

---------------------------------
plain	jelly	coconut	honey-dip
			5668
		5641		
		5642		
	5690			
5657				
		5643		
		5644		
		5645		
		5646		
		5647		
5658				
	5691	

---------------------------------
plain	jelly	coconut	honey-dip
			5805
	5843			
5798				
	5844			
5799				
			5806
			5807
			5808
5800				
	5845			
5801				
			5809


---------------------------------
plain	jelly	coconut	honey-dip
		5939		
	6023			
5941				
5942				
5943				
5944				
	6024			
5945				
5946				
			5977
			5978
	6025	

---------------------------------
plain	jelly	coconut	honey-dip
	6134			
			6101
6064				
		6049		
			6102
	6135			
6065				
		6050		
6066				
		6051		
	6136			
			6103


---------------------------------
plain	jelly	coconut	honey-dip
			6295
	6353			
6233				
		6235		
6234				
			6296
			6297
6235				
		6236		
6236				
6237				
		6237	

---------------------------------
plain	jelly	coconut	honey-dip
	6500			
	6501			
6366				
		6380		
			6434
6367				
		6381		
	6502			
6368				
6369				
			6435
6370	

---------------------------------
plain	jelly	coconut	honey-dip
			6547
		6506		
	6630			
			6548
	6631			
	6632			
6501				
	6633			
			6549
			6550
	6634			
6502	

---------------------------------
plain	jelly	coconut	honey-dip
6631				
6632				
			6654
6633				
			6655
6634				
6635				
			6656
			6657
	6741			
6636				
6637	

---------------------------------
plain	jelly	coconut	honey-dip
6739				
			6782
		6701		
	6826			
		6702		
	6827			
6740				
6741				
		6703		
	6828			
	6829			
6742	

---------------------------------
plain	jelly	coconut	honey-dip
		6816		
6886				
		6817		
		6818		
		6819		
6887				
	6951			
		6820		
	6952			
		6821		
		6822		
	6953	

---------------------------------
plain	jelly	coconut	honey-dip
	7274			
7192				
	7275			
		7141		
		7142		
7193				
	7276			
7194				
		7143		
			7289
			7290
7195	

---------------------------------
plain	jelly	coconut	honey-dip
			7390
		7272		
		7273		
		7274		
7307				
			7391
			7392
		7275		
	7407			
7308				
			7393
		7276	

---------------------------------
plain	jelly	coconut	honey-dip
	7566			
7451				
7452				
			7547
		7436		
			7548
	7567			
		7437		
7453				
	7568			
		7438		
7454	

---------------------------------
plain	jelly	coconut	honey-dip
			7699
		7560		
			7700
		7561		
			7701
	7708			
	7709			
			7702
		7562		
			7703
			7704
			7705


---------------------------------
plain	jelly	coconut	honey-dip
	7900			
			7906
7768				
	7901			
	7902			
	7903			
		7746		
	7904			
	7905			
7769				
			7907
	7906	

---------------------------------
plain	jelly	coconut	honey-dip
7955				
	8071			
7956				
			8098
7957				
		7904		
			8099
	8072			
		7905		
			8100
	8073			
7958	

---------------------------------
plain	jelly	coconut	honey-dip
		8027		
8083				
	8190			
	8191			
8084				
			8220
	8192			
	8193			
	8194			
		8028		
			8221
	8195	

---------------------------------
plain	jelly	coconut	honey-dip
8203				
		8160		
8204				
8205				
8206				
			8353
	8332			
	8333			
		8161		
	8334			
			8354
8207	

---------------------------------
plain	jelly	coconut	honey-dip
	8519			
			8511
8377				
8378				
		8325		
		8326		
8379				
			8512
			8513
	8520			
		8327		
			8514


---------------------------------
plain	jelly	coconut	honey-dip
8530				
8531				
	8653			
		8464		
8532				
			8649
8533				
	8654			
		8465		
	8655			
		8466		
	8656	

---------------------------------
plain	jelly	coconut	honey-dip
8665				
		8609		
		8610		
			8780
	8782			
			8781
	8783			
		8611		
			8782
	8784			
		8612		
		8613	

---------------------------------
plain	jelly	coconut	honey-dip
8787				
	8916			
8788				
8789				
		8756		
			8917
	8917			
	8918			
			8918
	8919			
			8919
	8920	

---------------------------------
plain	jelly	coconut	honey-dip
		8879		
		8880		
			9050
		8881		
8909				
	9042			
	9043			
		8882		
			9051
8910				
			9052
		8883	

---------------------------------
plain	jelly	coconut	honey-dip
	9191			
			9196
			9197
			9198
		9038		
			9199
9067				
			9200
			9201
			9202
	9192			
	9193	

---------------------------------
plain	jelly	coconut	honey-dip
			9312
		9151		
9177				
			9313
9178				
	9296			
		9152		
		9153		
			9314
9179				
9180				
9181	

---------------------------------
plain	jelly	coconut	honey-dip
		9290		
	9448			
9304				
		9291		
			9446
		9292		
		9293		
			9447
	9449			
	9450			
	9451			
	9452	

---------------------------------
plain	jelly	coconut	honey-dip
		9431		
	9575			
		9432		
			9587
9447				
			9588
			9589
9448				
		9433		
			9590
	9576			
9449	

---------------------------------
plain	jelly	coconut	honey-dip
9621				
	9740			
9622				
		9594		
9623				
9624				
9625				
		9595		
			9733
			9734
	9741			
9626	

---------------------------------
plain	jelly	coconut	honey-dip
		9717		
			9860
	9864			
	9865			
		9718		
	9866			
			9861
			9862
			9863
9739				
9740				
	9867	

---------------------------------
plain	jelly	coconut	honey-dip
		9840		
			9964
	9985			
9847				
			9965
	9986			
			9966
	9987			
		9841		
		9842		
			9967
			9968


---------------------------------
plain	jelly	coconut	honey-dip
			10159
			10160
		10036		
	10184			
			10161
	10185			
		10037		
			10162
		10038		
			10163
10025				
	10186	

---------------------------------
plain	jelly	coconut	honey-dip
			10349
		10218		
10205				
	10400			
		10219		
			10350
			10351
	10401			
		10220		
	10402			
10206				
		10221	

---------------------------------
plain	jelly	coconut	honey-dip
		10367		
10338				
			10505
	10550			
			10506
		10368		
10339				
			10507
	10551			
10340				
			10508
10341	

---------------------------------
plain	jelly	coconut	honey-dip
10528				
10529				
	10739			
10530				
	10740			
			10687
	10741			
			10688
10531				
		10526		
		10527		
			10689


---------------------------------
plain	jelly	coconut	honey-dip
	10936			
			10905
		10757		
	10937			
10746				
		10758		
10747				
10748				
			10906
	10938			
10749				
	10939	

---------------------------------
plain	jelly	coconut	honey-dip
			11028
		10885		
			11029
10882				
		10886		
			11030
		10887		
	11065			
			11031
10883				
		10888		
10884	

---------------------------------
plain	jelly	coconut	honey-dip
	11215			
		11032		
		11033		
			11177
		11034		
			11178
			11179
	11216			
	11217			
			11180
	11218			
			11181


---------------------------------
plain	jelly	coconut	honey-dip
			11371
		11207		
	11394			
			11372
		11208		
11172				
		11209		
	11395			
11173				
		11210		
			11373
11174	

---------------------------------
plain	jelly	coconut	honey-dip
		11349		
	11512			
			11510
	11513			
		11350		
	11514			
			11511
11313				
	11515			
	11516			
		11351		
11314	

---------------------------------
plain	jelly	coconut	honey-dip
	11681			
			11663
11448				
11449				
		11492		
11450				
	11682			
			11664
			11665
	11683			
		11493		
11451	

---------------------------------
plain	jelly	coconut	honey-dip
11571				
			11786
	11789			
	11790			
	11791			
		11618		
	11792			
		11619		
		11620		
		11621		
		11622		
			11787


---------------------------------
plain	jelly	coconut	honey-dip
	11987			
			12017
		11834		
			12018
11826				
			12019
		11835		
			12020
11827				
11828				
11829				
			12021


---------------------------------
plain	jelly	coconut	honey-dip
	12121			
	12122			
	12123			
			12159
	12124			
			12160
11973				
		11975		
			12161
	12125			
	12126			
11974	

---------------------------------
plain	jelly	coconut	honey-dip
12088				
	12223			
	12224			
			12245
12089				
12090				
			12246
	12225			
			12247
		12080		
12091				
	12226	

---------------------------------
plain	jelly	coconut	honey-dip
12267				
12268				
	12391			
			12430
12269				
			12431
	12392			
	12393			
12270				
		12256		
	12394			
	12395	

---------------------------------
plain	jelly	coconut	honey-dip
	12488			
12389				
			12569
	12489			
12390				
			12570
			12571
			12572
	12490			
	12491			
			12573
	12492	

---------------------------------
plain	jelly	coconut	honey-dip
	12585			
	12586			
			12686
12481				
	12587			
		12492		
	12588			
		12493		
12482				
	12589			
			12687
	12590	

---------------------------------
plain	jelly	coconut	honey-dip
12677				
	12742			
	12743			
12678				
	12744			
12679				
		12673		
	12745			
		12674		
12680				
			12836
	12746	

---------------------------------
plain	jelly	coconut	honey-dip
			12957
			12958
			12959
	12881			
		12784		
	12882			
			12960
		12785		
		12786		
	12883			
	12884			
			12961


---------------------------------
plain	jelly	coconut	honey-dip
			13088
			13089
	12981			
		12913		
12954				
	12982			
12955				
	12983			
	12984			
12956				
	12985			
			13090


---------------------------------
plain	jelly	coconut	honey-dip
		13051		
		13052		
		13053		
	13105			
13082				
		13054		
13083				
		13055		
	13106			
	13107			
			13202
			13203


---------------------------------
plain	jelly	coconut	honey-dip
13237				
13238				
13239				
13240				
	13281			
			13360
		13198		
13241				
			13361
13242				
			13362
	13282	

---------------------------------
plain	jelly	coconut	honey-dip
			13532
	13449			
13418				
		13361		
			13533
13419				
	13450			
			13534
13420				
	13451			
			13535
			13536


---------------------------------
plain	jelly	coconut	honey-dip
13547				
13548				
	13555			
	13556			
13549				
			13646
	13557			
	13558			
	13559			
			13647
			13648
	13560	

---------------------------------
plain	jelly	coconut	honey-dip
13666				
			13759
13667				
13668				
13669				
			13760
	13679			
13670				
			13761
13671				
13672				
	13680	

---------------------------------
plain	jelly	coconut	honey-dip
13771				
			13876
13772				
		13683		
13773				
13774				
	13798			
			13877
		13684		
13775				
			13878
13776	

---------------------------------
plain	jelly	coconut	honey-dip
	13934			
13906				
13907				
		13816		
	13935			
			14024
13908				
13909				
	13936			
		13817		
	13937			
		13818	

---------------------------------
plain	jelly	coconut	honey-dip
14094				
		14040		
	14143			
	14144			
			14243
		14041		
			14244
		14042		
			14245
14095				
14096				
		14043	

---------------------------------
plain	jelly	coconut	honey-dip
14293				
			14457
		14259		
		14260		
	14339			
14294				
		14261		
	14340			
	14341			
	14342			
14295				
			14458


---------------------------------
plain	jelly	coconut	honey-dip
			14594
		14396		
			14595
	14469			
		14397		
			14596
14417				
14418				
			14597
			14598
			14599
		14398	

---------------------------------
plain	jelly	coconut	honey-dip
			14723
14548				
		14540		
	14593			
		14541		
			14724
			14725
		14542		
		14543		
			14726
14549				
14550	

---------------------------------
plain	jelly	coconut	honey-dip
		14689		
		14690		
		14691		
			14874
		14692		
14672				
		14693		
14673				
14674				
	14733			
			14875
	14734	

---------------------------------
plain	jelly	coconut	honey-dip
	14941			
		14896		
		14897		
			15075
		14898		
14884				
	14942			
		14899		
			15076
	14943			
14885				
	14944	

---------------------------------
plain	jelly	coconut	honey-dip
	15086			
			15208
		15044		
	15087			
	15088			
			15209
		15045		
	15089			
15034				
			15210
		15046		
		15047	

---------------------------------
plain	jelly	coconut	honey-dip
		15210		
	15223			
15190				
15191				
			15349
15192				
		15211		
		15212		
15193				
15194				
		15213		
		15214	

---------------------------------
plain	jelly	coconut	honey-dip
	15392			
		15366		
	15393			
	15394			
			15504
		15367		
	15395			
		15368		
	15396			
		15369		
15346				
	15397	

---------------------------------
plain	jelly	coconut	honey-dip
15475				
15476				
	15541			
15477				
15478				
			15656
			15657
		15512		
			15658
			15659
15479				
	15542	

---------------------------------
plain	jelly	coconut	honey-dip
	15654			
			15773
		15656		
		15657		
		15658		
15605				
15606				
		15659		
			15774
	15655			
	15656			
15607	

---------------------------------
plain	jelly	coconut	honey-dip
			15910
		15782		
	15782			
		15783		
		15784		
		15785		
			15911
		15786		
	15783			
	15784			
			15912
		15787	

---------------------------------
plain	jelly	coconut	honey-dip
	15950			
		15950		
	15951			
15901				
			16051
		15951		
		15952		
15902				
	15952			
		15953		
15903				
15904	

---------------------------------
plain	jelly	coconut	honey-dip
		16100		
			16200
16060				
			16201
16061				
	16104			
		16101		
	16105			
			16202
	16106			
16062				
			16203


---------------------------------
plain	jelly	coconut	honey-dip
			16364
16227				
	16265			
		16268		
		16269		
		16270		
		16271		
			16365
16228				
16229				
16230				
		16272	

---------------------------------
plain	jelly	coconut	honey-dip
16367				
		16417		
	16416			
16368				
16369				
16370				
			16512
16371				
		16418		
16372				
			16513
16373	

---------------------------------
plain	jelly	coconut	honey-dip
	16627			
		16609		
			16677
		16610		
			16678
16543				
			16679
	16628			
	16629			
	16630			
			16680
			16681


---------------------------------
plain	jelly	coconut	honey-dip
	16752			
16679				
		16730		
		16731		
16680				
	16753			
16681				
		16732		
16682				
16683				
	16754			
			16823


---------------------------------
plain	jelly	coconut	honey-dip
	16885			
			16956
	16886			
		16863		
	16887			
16856				
16857				
		16864		
		16865		
			16957
			16958
	16888	

---------------------------------
plain	jelly	coconut	honey-dip
			17085
		17009		
	17016			
		17010		
			17086
			17087
	17017			
			17088
	17018			
		17011		
	17019			
16990	

---------------------------------
plain	jelly	coconut	honey-dip
		17172		
17114				
17115				
			17228
	17150			
17116				
		17173		
	17151			
	17152			
		17174		
17117				
		17175	

---------------------------------
plain	jelly	coconut	honey-dip
		17329		
		17330		
			17370
	17298			
		17331		
		17332		
	17299			
17267				
			17371
17268				
			17372
17269	

---------------------------------
plain	jelly	coconut	honey-dip
	17500			
			17559
		17544		
17477				
		17545		
	17501			
	17502			
17478				
		17546		
			17560
	17503			
	17504	

---------------------------------
plain	jelly	coconut	honey-dip
	17662			
	17663			
17634				
			17711
17635				
17636				
	17664			
17637				
			17712
		17697		
17638				
17639	

---------------------------------
plain	jelly	coconut	honey-dip
		17803		
		17804		
		17805		
			17830
			17831
	17772			
			17832
			17833
	17773			
	17774			
17755				
	17775	

---------------------------------
plain	jelly	coconut	honey-dip
			17960
17921				
	17924			
			17961
			17962
17922				
			17963
17923				
			17964
			17965
17924				
	17925	

---------------------------------
plain	jelly	coconut	honey-dip
	18034			
		18089		
18025				
	18035			
			18080
	18036			
18026				
18027				
	18037			
		18090		
		18091		
18028	

---------------------------------
plain	jelly	coconut	honey-dip
18184				
		18236		
			18231
	18201			
18185				
18186				
	18202			
		18237		
		18238		
			18232
		18239		
	18203	

---------------------------------
plain	jelly	coconut	honey-dip
	18337			
	18338			
		18369		
18323				
		18370		
			18351
	18339			
			18352
18324				
	18340			
18325				
18326	

---------------------------------
plain	jelly	coconut	honey-dip
		18507		
		18508		
		18509		
	18472			
18450				
			18479
18451				
18452				
18453				
	18473			
			18480
			18481


---------------------------------
plain	jelly	coconut	honey-dip
	18595			
		18657		
		18658		
18602				
		18659		
			18606
		18660		
		18661		
	18596			
18603				
	18597			
		18662	

---------------------------------
plain	jelly	coconut	honey-dip
18850				
18851				
18852				
18853				
		18885		
			18859
		18886		
	18838			
18854				
		18887		
			18860
		18888	

---------------------------------
plain	jelly	coconut	honey-dip
		19028		
		19029		
		19030		
18999				
19000				
	18971			
	18972			
19001				
	18973			
		19031		
		19032		
	18974	

---------------------------------
plain	jelly	coconut	honey-dip
			19160
19152				
			19161
	19139			
			19162
		19181		
		19182		
19153				
19154				
		19183		
			19163
	19140	

---------------------------------
plain	jelly	coconut	honey-dip
			19296
	19251			
		19328		
19297				
	19252			
19298				
	19253			
19299				
19300				
	19254			
		19329		
		19330	

---------------------------------
plain	jelly	coconut	honey-dip
19435				
			19439
			19440
		19457		
			19441
			19442
			19443
			19444
	19381			
19436				
	19382			
			19445


---------------------------------
plain	jelly	coconut	honey-dip
		19683		
19681				
			19689
19682				
		19684		
		19685		
19683				
		19686		
		19687		
			19690
19684				
	19619	

---------------------------------
plain	jelly	coconut	honey-dip
	19756			
19829				
		19850		
			19837
	19757			
	19758			
	19759			
19830				
	19760			
	19761			
19831				
		19851	

---------------------------------
plain	jelly	coconut	honey-dip
19944				
			19957
			19958
19945				
19946				
	19870			
		19981		
			19959
		19982		
19947				
	19871			
	19872	

---------------------------------
plain	jelly	coconut	honey-dip
		20091		
20065				
		20092		
		20093		
			20112
	20012			
20066				
20067				
			20113
			20114
	20013			
		20094	

---------------------------------
plain	jelly	coconut	honey-dip
		20248		
		20249		
			20247
	20178			
	20179			
			20248
20219				
20220				
			20249
20221				
			20250
		20250	

---------------------------------
plain	jelly	coconut	honey-dip
20362				
			20385
20363				
		20395		
	20314			
		20396		
			20386
			20387
			20388
		20397		
		20398		
		20399	

---------------------------------
plain	jelly	coconut	honey-dip
20502				
			20548
	20452			
		20566		
	20453			
20503				
			20549
		20567		
		20568		
20504				
			20550
	20454	

---------------------------------
plain	jelly	coconut	honey-dip
	20597			
20651				
20652				
			20694
		20714		
			20695
			20696
20653				
	20598			
	20599			
		20715		
20654	

---------------------------------
plain	jelly	coconut	honey-dip
20837				
20838				
			20846
			20847
			20848
		20884		
			20849
		20885		
		20886		
20839				
	20737			
	20738	

---------------------------------
plain	jelly	coconut	honey-dip
			21077
			21078
		21110		
			21079
		21111		
			21080
		21112		
	20957			
		21113		
21072				
			21081
21073	

---------------------------------
plain	jelly	coconut	honey-dip
	21148			
21257				
			21272
			21273
			21274
			21275
21258				
21259				
	21149			
	21150			
			21276
			21277


---------------------------------
plain	jelly	coconut	honey-dip
	21260			
21373				
	21261			
	21262			
			21395
		21412		
		21413		
			21396
			21397
	21263			
21374				
21375	

---------------------------------
plain	jelly	coconut	honey-dip
		21538		
		21539		
21500				
			21512
		21540		
21501				
	21370			
			21513
	21371			
			21514
		21541		
	21372	

---------------------------------
plain	jelly	coconut	honey-dip
		21675		
		21676		
			21646
			21647
21656				
	21507			
21657				
21658				
	21508			
			21648
21659				
21660	

---------------------------------
plain	jelly	coconut	honey-dip
			21791
			21792
21798				
			21793
		21811		
		21812		
	21648			
		21813		
	21649			
			21794
	21650			
	21651	

---------------------------------
plain	jelly	coconut	honey-dip
			21920
			21921
			21922
			21923
		21948		
21923				
	21785			
21924				
		21949		
	21786			
		21950		
	21787	

---------------------------------
plain	jelly	coconut	honey-dip
22064				
			22047
		22089		
			22048
			22049
			22050
	21928			
		22090		
	21929			
	21930			
	21931			
	21932	

---------------------------------
plain	jelly	coconut	honey-dip
22233				
	22126			
			22223
22234				
			22224
22235				
	22127			
		22290		
			22225
		22291		
			22226
	22128	

---------------------------------
plain	jelly	coconut	honey-dip
			22331
			22332
22347				
		22429		
			22333
22348				
	22257			
		22430		
		22431		
	22258			
22349				
			22334


---------------------------------
plain	jelly	coconut	honey-dip
			22502
	22404			
			22503
22509				
		22573		
		22574		
			22504
		22575		
	22405			
		22576		
22510				
22511	

---------------------------------
plain	jelly	coconut	honey-dip
	22554			
			22615
			22616
		22703		
22632				
22633				
			22617
22634				
22635				
22636				
			22618
	22555	

---------------------------------
plain	jelly	coconut	honey-dip
	22754			
22811				
	22755			
	22756			
		22862		
	22757			
			22797
22812				
	22758			
22813				
		22863		
		22864	

---------------------------------
plain	jelly	coconut	honey-dip
		22992		
			22962
22941				
22942				
	22881			
		22993		
			22963
			22964
			22965
		22994		
	22882			
	22883	

---------------------------------
plain	jelly	coconut	honey-dip
23088				
	23010			
			23079
	23011			
		23139		
			23080
		23140		
23089				
	23012			
	23013			
23090				
		23141	

---------------------------------
plain	jelly	coconut	honey-dip
		23304		
23236				
			23248
		23305		
	23176			
	23177			
		23306		
23237				
			23249
	23178			
	23179			
	23180	

---------------------------------
plain	jelly	coconut	honey-dip
23370				
23371				
	23333			
23372				
23373				
		23465		
	23334			
			23372
	23335			
		23466		
	23336			
23374	

---------------------------------
plain	jelly	coconut	honey-dip
	23467			
			23507
23516				
23517				
	23468			
	23469			
23518				
			23508
	23470			
			23509
23519				
		23602	

---------------------------------
plain	jelly	coconut	honey-dip
23689				
			23681
23690				
	23632			
23691				
		23774		
	23633			
			23682
			23683
23692				
23693				
	23634	

---------------------------------
plain	jelly	coconut	honey-dip
	23739			
23804				
			23813
	23740			
		23900		
		23901		
			23814
	23741			
23805				
		23902		
		23903		
			23815


---------------------------------
plain	jelly	coconut	honey-dip
		24062		
		24063		
	23901			
		24064		
	23902			
23932				
		24065		
		24066		
23933				
		24067		
			23949
		24068	

---------------------------------
plain	jelly	coconut	honey-dip
			24089
			24090
			24091
24081				
24082				
			24092
		24221		
			24093
	24053			
		24222		
	24054			
	24055	

---------------------------------
plain	jelly	coconut	honey-dip
		24347		
	24191			
24203				
			24219
24204				
		24348		
24205				
		24349		
24206				
24207				
	24192			
			24220


---------------------------------
plain	jelly	coconut	honey-dip
		24567		
24451				
24452				
24453				
		24568		
			24405
			24406
		24569		
24454				
			24407
		24570		
			24408


---------------------------------
plain	jelly	coconut	honey-dip
24573				
24574				
			24526
		24715		
	24562			
	24563			
	24564			
	24565			
			24527
24575				
	24566			
		24716	

---------------------------------
plain	jelly	coconut	honey-dip
24738				
	24745			
	24746			
		24864		
24739				
		24865		
		24866		
24740				
	24747			
			24677
24741				
			24678


---------------------------------
plain	jelly	coconut	honey-dip
		25032		
	24923			
	24924			
		25033		
24953				
24954				
			24884
	24925			
24955				
24956				
	24926			
	24927	

---------------------------------
plain	jelly	coconut	honey-dip
25051				
25052				
25053				
25054				
25055				
			25010
	25065			
25056				
	25066			
	25067			
			25011
		25158	

---------------------------------
plain	jelly	coconut	honey-dip
25186				
25187				
			25128
			25129
		25286		
25188				
25189				
			25130
25190				
	25188			
25191				
		25287	

---------------------------------
plain	jelly	coconut	honey-dip
			25236
	25298			
		25404		
25306				
		25405		
		25406		
		25407		
	25299			
			25237
	25300			
		25408		
		25409	

---------------------------------
plain	jelly	coconut	honey-dip
25440				
	25449			
25441				
			25387
		25592		
			25388
25442				
		25593		
	25450			
			25389
	25451			
25443	

---------------------------------
plain	jelly	coconut	honey-dip
25609				
	25621			
25610				
25611				
	25622			
	25623			
25612				
	25624			
25613				
	25625			
		25765		
		25766	

---------------------------------
plain	jelly	coconut	honey-dip
			25765
		25938		
	25795			
	25796			
	25797			
			25766
			25767
			25768
	25798			
		25939		
		25940		
25774	

---------------------------------
plain	jelly	coconut	honey-dip
26200				
			26198
	26198			
		26404		
26201				
		26405		
			26199
	26199			
			26200
	26200			
		26406		
		26407	

---------------------------------
plain	jelly	coconut	honey-dip
			26309
26310				
	26328			
	26329			
			26310
		26509		
	26330			
	26331			
26311				
	26332			
		26510		
		26511	

---------------------------------
plain	jelly	coconut	honey-dip
			26439
		26653		
		26654		
			26440
		26655		
		26656		
			26441
		26657		
		26658		
	26451			
		26659		
		26660	

---------------------------------
plain	jelly	coconut	honey-dip
			26587
		26822		
	26609			
26614				
26615				
			26588
26616				
		26823		
			26589
26617				
26618				
			26590


---------------------------------
plain	jelly	coconut	honey-dip
		26912		
		26913		
	26700			
			26688
			26689
		26914		
		26915		
26716				
26717				
	26701			
	26702			
			26690


---------------------------------
plain	jelly	coconut	honey-dip
			26790
		27024		
26812				
		27025		
	26810			
	26811			
		27026		
			26791
26813				
		27027		
			26792
	26812	

---------------------------------
plain	jelly	coconut	honey-dip
			26899
	26919			
			26900
		27126		
		27127		
	26920			
26912				
		27128		
		27129		
			26901
			26902
			26903


---------------------------------
plain	jelly	coconut	honey-dip
		27257		
		27258		
27045				
		27259		
	27012			
	27013			
		27260		
		27261		
27046				
		27262		
27047				
27048	

---------------------------------
plain	jelly	coconut	honey-dip
	27159			
		27415		
			27171
			27172
	27160			
		27416		
		27417		
		27418		
			27173
	27161			
			27174
27227	

---------------------------------
plain	jelly	coconut	honey-dip
		27552		
27363				
	27272			
27364				
	27273			
			27301
			27302
	27274			
			27303
27365				
27366				
	27275	

---------------------------------
plain	jelly	coconut	honey-dip
		27691		
			27431
	27416			
			27432
	27417			
	27418			
27526				
			27433
	27419			
		27692		
			27434
27527	

---------------------------------
plain	jelly	coconut	honey-dip
27643				
			27538
27644				
27645				
	27525			
27646				
27647				
			27539
27648				
27649				
27650				
	27526	

---------------------------------
plain	jelly	coconut	honey-dip
			27715
			27716
27840				
		27949		
27841				
	27736			
			27717
	27737			
		27950		
	27738			
27842				
27843	

---------------------------------
plain	jelly	coconut	honey-dip
		28046		
			27821
			27822
27921				
	27836			
27922				
			27823
	27837			
			27824
27923				
27924				
		28047	

---------------------------------
plain	jelly	coconut	honey-dip
28029				
			27921
	27940			
			27922
	27941			
	27942			
28030				
			27923
			27924
			27925
			27926
28031	

---------------------------------
plain	jelly	coconut	honey-dip
			28014
28107				
			28015
		28220		
	28051			
28108				
	28052			
	28053			
			28016
28109				
	28054			
			28017


---------------------------------
plain	jelly	coconut	honey-dip
		28324		
			28120
		28325		
		28326		
28233				
		28327		
			28121
		28328		
	28147			
28234				
28235				
28236	

---------------------------------
plain	jelly	coconut	honey-dip
			28199
28310				
	28195			
28311				
		28396		
			28200
28312				
	28196			
		28397		
	28197			
			28201
			28202


---------------------------------
plain	jelly	coconut	honey-dip
28412				
28413				
	28274			
28414				
28415				
		28469		
		28470		
			28269
28416				
	28275			
		28471		
			28270


---------------------------------
plain	jelly	coconut	honey-dip
		28594		
28532				
			28383
	28395			
			28384
28533				
			28385
		28595		
28534				
28535				
			28386
	28396	

---------------------------------
plain	jelly	coconut	honey-dip
			28478
			28479
			28480
28642				
28643				
	28508			
28644				
28645				
			28481
	28509			
28646				
		28708	

---------------------------------
plain	jelly	coconut	honey-dip
	28560			
		28764		
		28765		
		28766		
		28767		
28712				
	28561			
	28562			
28713				
		28768		
			28540
			28541


---------------------------------
plain	jelly	coconut	honey-dip
			28621
			28622
			28623
		28849		
		28850		
		28851		
			28624
	28629			
			28625
		28852		
28801				
	28630	

---------------------------------
plain	jelly	coconut	honey-dip
28872				
			28691
28873				
			28692
	28710			
			28693
		28927		
28874				
		28928		
		28929		
		28930		
	28711	

---------------------------------
plain	jelly	coconut	honey-dip
28939				
	28774			
28940				
		29006		
28941				
	28775			
			28769
			28770
28942				
28943				
			28771
			28772


---------------------------------
plain	jelly	coconut	honey-dip
			28833
	28839			
28998				
	28840			
		29082		
		29083		
		29084		
28999				
29000				
			28834
	28841			
		29085	

---------------------------------
plain	jelly	coconut	honey-dip
		29145		
		29146		
		29147		
	28915			
			28938
	28916			
	28917			
		29148		
			28939
29078				
			28940
29079	

---------------------------------
plain	jelly	coconut	honey-dip
	28989			
29165				
29166				
		29226		
			29032
	28990			
	28991			
	28992			
		29227		
	28993			
		29228		
	28994	

---------------------------------
plain	jelly	coconut	honey-dip
			29120
		29305		
		29306		
	29083			
			29121
		29307		
		29308		
	29084			
29240				
	29085			
		29309		
	29086	

---------------------------------
plain	jelly	coconut	honey-dip
29330				
29331				
29332				
	29143			
			29207
	29144			
	29145			
		29392		
			29208
29333				
29334				
			29209


---------------------------------
plain	jelly	coconut	honey-dip
29416				
	29210			
			29286
29417				
		29460		
			29287
		29461		
29418				
		29462		
	29211			
29419				
29420	

---------------------------------
plain	jelly	coconut	honey-dip
	29286			
29505				
29506				
		29528		
29507				
		29529		
29508				
29509				
	29287			
		29530		
	29288			
		29531	

---------------------------------
plain	jelly	coconut	honey-dip
			29426
29566				
29567				
29568				
	29335			
29569				
	29336			
			29427
		29585		
			29428
		29586		
29570	

---------------------------------
plain	jelly	coconut	honey-dip
	29373			
		29633		
			29471
			29472
29615				
29616				
29617				
		29634		
	29374			
			29473
	29375			
			29474


---------------------------------
plain	jelly	coconut	honey-dip
	29414			
			29517
	29415			
		29680		
		29681		
			29518
		29682		
29649				
29650				
	29416			
		29683		
		29684	

---------------------------------
plain	jelly	coconut	honey-dip
	29489			
29727				
			29578
		29754		
	29490			
	29491			
	29492			
	29493			
		29755		
			29579
	29494			
	29495	

---------------------------------
plain	jelly	coconut	honey-dip
29784				
29785				
		29811		
		29812		
	29557			
		29813		
29786				
29787				
29788				
		29814		
29789				
			29648


---------------------------------
plain	jelly	coconut	honey-dip
29806				
29807				
			29669
29808				
	29573			
29809				
29810				
29811				
		29836		
	29574			
	29575			
29812	

---------------------------------
plain	jelly	coconut	honey-dip
		29878		
	29628			
		29879		
29856				
29857				
	29629			
29858				
29859				
			29702
			29703
	29630			
29860	

---------------------------------
plain	jelly	coconut	honey-dip
29889				
		29907		
	29662			
			29738
29890				
	29663			
			29739
29891				
	29664			
29892				
		29908		
		29909	

---------------------------------
plain	jelly	coconut	honey-dip
			29766
29914				
		29930		
			29767
29915				
			29768
			29769
29916				
	29694			
29917				
			29770
			29771


---------------------------------
plain	jelly	coconut	honey-dip
	29721			
	29722			
	29723			
		29956		
	29724			
		29957		
		29958		
29939				
		29959		
	29725			
	29726			
		29960	

---------------------------------
plain	jelly	coconut	honey-dip
		29978		
	29740			
29951				
29952				
		29979		
29953				
	29741			
	29742			
	29743			
			29815
			29816
	29744	

---------------------------------
plain	jelly	coconut	honey-dip
			29834
29965				
	29760			
			29835
	29761			
		29997		
	29762			
29966				
29967				
		29998		
			29836
			29837


---------------------------------
plain	jelly	coconut	honey-dip
	29774			
	29775			
	29776			
		30010		
			29847
		30011		
			29848
	29777			
	29778			
		30012		
29985				
			29849


---------------------------------
plain	jelly	coconut	honey-dip
			29868
			29869
			29870
		30025		
30000				
			29871
30001				
30002				
			29872
		30026		
			29873
30003	

---------------------------------
plain	jelly	coconut	honey-dip
		30044		
			29890
30019				
		30045		
	29807			
30020				
		30046		
30021				
30022				
30023				
		30047		
		30048	

---------------------------------
plain	jelly	coconut	honey-dip
			29898
		30062		
			29899
		30063		
			29900
30038				
		30064		
	29822			
	29823			
		30065		
30039				
	29824	

---------------------------------
plain	jelly	coconut	honey-dip
30045				
	29838			
	29839			
			29909
30046				
	29840			
		30076		
30047				
		30077		
			29910
30048				
	29841	

---------------------------------
plain	jelly	coconut	honey-dip
30058				
30059				
		30088		
	29846			
	29847			
			29924
30060				
	29848			
		30089		
30061				
	29849			
			29925


