---------------------------------
plain	jelly	coconut	honey-dip
			6
		18		
	14			
		19		
		20		
10				
11				
			7
			8
12				
13				
14	

---------------------------------
plain	jelly	coconut	honey-dip
			34
	33			
	34			
	35			
			35
	36			
39				
	37			
		50		
40				
41				
42	

---------------------------------
plain	jelly	coconut	honey-dip
			60
			61
			62
68				
	64			
	65			
	66			
69				
			63
	67			
	68			
		72	

---------------------------------
plain	jelly	coconut	honey-dip
96				
	100			
	101			
			83
		105		
97				
98				
		106		
			84
99				
			85
	102	

---------------------------------
plain	jelly	coconut	honey-dip
		139		
		140		
136				
137				
			113
			114
			115
138				
	128			
			116
139				
			117


---------------------------------
plain	jelly	coconut	honey-dip
172				
173				
		171		
174				
		172		
		173		
		174		
	160			
	161			
		175		
			145
		176	

---------------------------------
plain	jelly	coconut	honey-dip
214				
		203		
		204		
215				
			171
216				
217				
	192			
	193			
			172
			173
218	

---------------------------------
plain	jelly	coconut	honey-dip
241				
			205
		239		
	227			
242				
			206
243				
	228			
	229			
		240		
244				
	230	

---------------------------------
plain	jelly	coconut	honey-dip
			243
			244
269				
270				
271				
			245
272				
		270		
	262			
		271		
			246
			247


---------------------------------
plain	jelly	coconut	honey-dip
			276
	292			
			277
	293			
	294			
		313		
		314		
			278
		315		
	295			
	296			
		316	

---------------------------------
plain	jelly	coconut	honey-dip
341				
342				
		341		
		342		
343				
			317
		343		
			318
		344		
		345		
344				
			319


---------------------------------
plain	jelly	coconut	honey-dip
		379		
377				
		380		
	370			
	371			
378				
	372			
		381		
		382		
			362
	373			
			363


---------------------------------
plain	jelly	coconut	honey-dip
411				
		417		
412				
		418		
413				
	407			
			397
414				
	408			
	409			
			398
		419	

---------------------------------
plain	jelly	coconut	honey-dip
432				
			421
	432			
			422
			423
			424
	433			
	434			
		443		
433				
		444		
		445	

---------------------------------
plain	jelly	coconut	honey-dip
482				
	472			
		479		
			451
483				
		480		
		481		
484				
			452
	473			
	474			
485	

---------------------------------
plain	jelly	coconut	honey-dip
			480
			481
		513		
	505			
			482
			483
	506			
518				
		514		
	507			
	508			
			484


---------------------------------
plain	jelly	coconut	honey-dip
		544		
	548			
			528
			529
	549			
	550			
552				
	551			
		545		
	552			
		546		
553	

---------------------------------
plain	jelly	coconut	honey-dip
		578		
	587			
		579		
	588			
			561
			562
	589			
			563
			564
			565
590				
			566


---------------------------------
plain	jelly	coconut	honey-dip
		623		
	616			
		624		
	617			
	618			
			597
		625		
	619			
			598
624				
			599
625	

---------------------------------
plain	jelly	coconut	honey-dip
		662		
	652			
			627
		663		
			628
			629
			630
	653			
651				
		664		
	654			
	655	

---------------------------------
plain	jelly	coconut	honey-dip
		708		
697				
	712			
698				
			691
	713			
		709		
699				
		710		
700				
	714			
701	

---------------------------------
plain	jelly	coconut	honey-dip
		769		
747				
748				
749				
		770		
	765			
750				
	766			
		771		
		772		
	767			
	768	

---------------------------------
plain	jelly	coconut	honey-dip
			820
			821
			822
			823
	818			
			824
		846		
804				
		847		
	819			
805				
			825


---------------------------------
plain	jelly	coconut	honey-dip
			884
	873			
858				
		889		
			885
			886
			887
		890		
859				
			888
		891		
860	

---------------------------------
plain	jelly	coconut	honey-dip
			958
			959
		953		
		954		
932				
		955		
933				
		956		
			960
	937			
	938			
		957	

---------------------------------
plain	jelly	coconut	honey-dip
	1012			
	1013			
			1027
		1037		
		1038		
		1039		
			1028
			1029
	1014			
			1030
	1015			
1004	

---------------------------------
plain	jelly	coconut	honey-dip
		1099		
		1100		
		1101		
			1091
1073				
	1105			
	1106			
	1107			
		1102		
			1092
		1103		
			1093


---------------------------------
plain	jelly	coconut	honey-dip
	1254			
		1227		
	1255			
		1228		
	1256			
		1229		
		1230		
		1231		
	1257			
	1258			
		1232		
			1219


---------------------------------
plain	jelly	coconut	honey-dip
	1347			
	1348			
1291				
	1349			
		1328		
		1329		
			1314
		1330		
	1350			
		1331		
	1351			
		1332	

---------------------------------
plain	jelly	coconut	honey-dip
		1431		
		1432		
	1441			
			1394
			1395
1386				
		1433		
			1396
1387				
		1434		
			1397
1388	

---------------------------------
plain	jelly	coconut	honey-dip
		1537		
		1538		
1504				
		1539		
	1550			
	1551			
			1541
1505				
	1552			
1506				
	1553			
1507	

---------------------------------
plain	jelly	coconut	honey-dip
1586				
1587				
1588				
	1637			
	1638			
		1625		
1589				
1590				
	1639			
		1626		
	1640			
			1632


---------------------------------
plain	jelly	coconut	honey-dip
		1700		
		1701		
1664				
			1704
		1702		
		1703		
1665				
1666				
		1704		
1667				
	1724			
			1705


---------------------------------
plain	jelly	coconut	honey-dip
1774				
		1802		
1775				
			1806
1776				
			1807
	1818			
	1819			
			1808
			1809
	1820			
			1810


---------------------------------
plain	jelly	coconut	honey-dip
		1878		
		1879		
1863				
	1884			
	1885			
	1886			
			1899
			1900
1864				
		1880		
1865				
		1881	

---------------------------------
plain	jelly	coconut	honey-dip
			2014
		1956		
		1957		
		1958		
		1959		
1965				
	1985			
1966				
			2015
1967				
			2016
		1960	

---------------------------------
plain	jelly	coconut	honey-dip
2067				
	2101			
	2102			
2068				
		2086		
	2103			
	2104			
		2087		
	2105			
			2122
2069				
2070	

---------------------------------
plain	jelly	coconut	honey-dip
			2217
			2218
	2199			
	2200			
			2219
			2220
2158				
	2201			
		2186		
		2187		
		2188		
		2189	

---------------------------------
plain	jelly	coconut	honey-dip
2258				
			2322
		2295		
		2296		
	2317			
			2323
	2318			
2259				
2260				
		2297		
			2324
2261	

---------------------------------
plain	jelly	coconut	honey-dip
		2403		
2381				
		2404		
	2405			
2382				
	2406			
2383				
		2405		
		2406		
2384				
2385				
2386	

---------------------------------
plain	jelly	coconut	honey-dip
2493				
		2520		
		2521		
2494				
			2547
	2532			
2495				
2496				
	2533			
2497				
		2522		
	2534	

---------------------------------
plain	jelly	coconut	honey-dip
			2669
		2634		
		2635		
	2641			
2592				
			2670
	2642			
			2671
		2636		
	2643			
		2637		
2593	

---------------------------------
plain	jelly	coconut	honey-dip
2774				
		2820		
	2801			
			2849
2775				
2776				
2777				
2778				
			2850
		2821		
	2802			
		2822	

---------------------------------
plain	jelly	coconut	honey-dip
			2969
	2922			
2921				
	2923			
		2936		
			2970
2922				
	2924			
2923				
			2971
		2937		
	2925	

---------------------------------
plain	jelly	coconut	honey-dip
			3083
			3084
			3085
		3047		
			3086
3039				
		3048		
			3087
		3049		
	3023			
	3024			
		3050	

---------------------------------
plain	jelly	coconut	honey-dip
		3179		
			3236
3186				
		3180		
	3155			
			3237
		3181		
	3156			
		3182		
3187				
	3157			
3188	

---------------------------------
plain	jelly	coconut	honey-dip
	3281			
	3282			
3314				
	3283			
	3284			
	3285			
3315				
	3286			
			3359
			3360
			3361
3316	

---------------------------------
plain	jelly	coconut	honey-dip
3405				
	3378			
		3393		
		3394		
3406				
			3480
		3395		
3407				
		3396		
3408				
		3397		
3409	

---------------------------------
plain	jelly	coconut	honey-dip
3549				
		3560		
3550				
		3561		
			3618
3551				
3552				
	3517			
3553				
	3518			
			3619
		3562	

---------------------------------
plain	jelly	coconut	honey-dip
		3746		
			3806
		3747		
			3807
			3808
		3748		
			3809
			3810
		3749		
3699				
	3701			
		3750	

---------------------------------
plain	jelly	coconut	honey-dip
3845				
		3878		
3846				
	3869			
3847				
	3870			
3848				
3849				
	3871			
		3879		
			3960
3850	

---------------------------------
plain	jelly	coconut	honey-dip
			4176
			4177
	4123			
4110				
	4124			
4111				
4112				
			4178
		4115		
			4179
		4116		
	4125	

---------------------------------
plain	jelly	coconut	honey-dip
			4333
4237				
		4249		
4238				
	4245			
4239				
4240				
	4246			
4241				
	4247			
	4248			
4242	

---------------------------------
plain	jelly	coconut	honey-dip
			4435
4359				
			4436
	4367			
	4368			
4360				
			4437
	4369			
	4370			
		4371		
4361				
	4371	

---------------------------------
plain	jelly	coconut	honey-dip
		4463		
	4470			
			4544
	4471			
	4472			
			4545
4451				
		4464		
			4546
		4465		
	4473			
		4466	

---------------------------------
plain	jelly	coconut	honey-dip
4584				
			4683
4585				
	4592			
		4597		
	4593			
			4684
		4598		
4586				
		4599		
			4685
		4600	

---------------------------------
plain	jelly	coconut	honey-dip
		4758		
			4832
4771				
	4779			
		4759		
	4780			
4772				
4773				
	4781			
	4782			
	4783			
4774	

---------------------------------
plain	jelly	coconut	honey-dip
4913				
4914				
		4866		
		4867		
			4954
			4955
		4868		
		4869		
			4956
4915				
		4870		
	4923	

---------------------------------
plain	jelly	coconut	honey-dip
5041				
	5063			
	5064			
		5028		
		5029		
			5112
			5113
		5030		
		5031		
			5114
			5115
		5032	

---------------------------------
plain	jelly	coconut	honey-dip
	5236			
5180				
			5238
		5190		
5181				
		5191		
	5237			
			5239
		5192		
		5193		
		5194		
	5238	

---------------------------------
plain	jelly	coconut	honey-dip
			5408
5354				
			5409
5355				
			5410
		5350		
	5404			
	5405			
5356				
		5351		
5357				
		5352	

---------------------------------
plain	jelly	coconut	honey-dip
		5497		
			5536
5512				
		5498		
			5537
	5571			
			5538
		5499		
			5539
			5540
			5541
	5572	

---------------------------------
plain	jelly	coconut	honey-dip
	5695			
			5672
			5673
			5674
5661				
	5696			
	5697			
			5675
			5676
5662				
5663				
			5677


---------------------------------
plain	jelly	coconut	honey-dip
5753				
		5749		
5754				
	5798			
	5799			
			5764
		5750		
			5765
			5766
		5751		
		5752		
			5767


---------------------------------
plain	jelly	coconut	honey-dip
			5893
5877				
	5949			
		5873		
			5894
		5874		
5878				
			5895
		5875		
		5876		
			5896
5879	

---------------------------------
plain	jelly	coconut	honey-dip
		6001		
	6090			
			6051
6014				
			6052
6015				
			6053
6016				
	6091			
	6092			
		6002		
	6093	

---------------------------------
plain	jelly	coconut	honey-dip
		6123		
	6229			
	6230			
6135				
		6124		
6136				
	6231			
		6125		
6137				
	6232			
			6185
	6233	

---------------------------------
plain	jelly	coconut	honey-dip
		6270		
	6384			
6261				
			6321
		6271		
			6322
		6272		
		6273		
			6323
		6274		
6262				
	6385	

---------------------------------
plain	jelly	coconut	honey-dip
			6476
		6429		
		6430		
			6477
		6431		
	6555			
6424				
		6432		
	6556			
		6433		
	6557			
			6478


---------------------------------
plain	jelly	coconut	honey-dip
		6622		
	6751			
	6752			
	6753			
6649				
			6678
			6679
6650				
			6680
6651				
		6623		
	6754	

---------------------------------
plain	jelly	coconut	honey-dip
	6911			
		6787		
			6879
6843				
6844				
6845				
			6880
	6912			
			6881
	6913			
6846				
			6882


---------------------------------
plain	jelly	coconut	honey-dip
	7026			
			7021
		6904		
			7022
	7027			
	7028			
6973				
	7029			
6974				
	7030			
	7031			
		6905	

---------------------------------
plain	jelly	coconut	honey-dip
	7163			
		7027		
	7164			
			7166
			7167
		7028		
	7165			
	7166			
		7029		
7096				
		7030		
		7031	

---------------------------------
plain	jelly	coconut	honey-dip
7232				
		7189		
		7190		
7233				
			7327
		7191		
		7192		
	7328			
			7328
			7329
			7330
			7331


---------------------------------
plain	jelly	coconut	honey-dip
		7353		
			7471
7367				
		7354		
7368				
			7472
		7355		
7369				
	7473			
			7473
			7474
	7474	

---------------------------------
plain	jelly	coconut	honey-dip
		7568		
	7710			
		7569		
7590				
			7708
7591				
			7709
		7570		
7592				
		7571		
			7710
		7572	

---------------------------------
plain	jelly	coconut	honey-dip
			7867
			7868
		7724		
	7868			
		7725		
	7869			
	7870			
7729				
			7869
		7726		
7730				
	7871	

---------------------------------
plain	jelly	coconut	honey-dip
	8004			
	8005			
7884				
			8021
			8022
	8006			
			8023
			8024
		7843		
			8025
7885				
7886	

---------------------------------
plain	jelly	coconut	honey-dip
			8194
			8195
			8196
		7999		
			8197
		8000		
			8198
			8199
			8200
8055				
		8001		
		8002	

---------------------------------
plain	jelly	coconut	honey-dip
		8198		
	8368			
		8199		
		8200		
		8201		
		8202		
8243				
			8383
			8384
	8369			
			8385
8244	

---------------------------------
plain	jelly	coconut	honey-dip
		8342		
	8534			
8398				
8399				
		8343		
	8535			
	8536			
			8530
		8344		
8400				
	8537			
		8345	

---------------------------------
plain	jelly	coconut	honey-dip
		8484		
8551				
	8674			
8552				
8553				
8554				
	8675			
	8676			
		8485		
		8486		
			8671
			8672


---------------------------------
plain	jelly	coconut	honey-dip
		8647		
		8648		
	8815			
			8812
			8813
	8816			
		8649		
	8817			
8694				
		8650		
		8651		
		8652	

---------------------------------
plain	jelly	coconut	honey-dip
8826				
			8963
			8964
8827				
8828				
8829				
	8970			
8830				
8831				
		8797		
			8965
			8966


---------------------------------
plain	jelly	coconut	honey-dip
8964				
			9105
8965				
	9091			
			9106
		8936		
			9107
8966				
			9108
		8937		
		8938		
		8939	

---------------------------------
plain	jelly	coconut	honey-dip
	9229			
			9243
			9244
9106				
9107				
	9230			
		9070		
			9245
	9231			
	9232			
			9246
			9247


---------------------------------
plain	jelly	coconut	honey-dip
9234				
		9203		
9235				
		9204		
		9205		
	9363			
			9364
		9206		
9236				
		9207		
		9208		
9237	

---------------------------------
plain	jelly	coconut	honey-dip
	9526			
9381				
9382				
		9368		
	9527			
			9525
			9526
9383				
9384				
9385				
9386				
9387	

---------------------------------
plain	jelly	coconut	honey-dip
		9551		
	9702			
			9694
			9695
9573				
			9696
	9703			
9574				
9575				
		9552		
	9704			
9576	

---------------------------------
plain	jelly	coconut	honey-dip
			9873
	9884			
		9729		
9754				
	9885			
9755				
			9874
9756				
		9730		
			9875
9757				
9758	

---------------------------------
plain	jelly	coconut	honey-dip
9854				
9855				
	9996			
9856				
9857				
9858				
	9997			
	9998			
		9851		
		9852		
	9999			
			9983


---------------------------------
plain	jelly	coconut	honey-dip
	10142			
	10143			
	10144			
9985				
			10118
	10145			
9986				
			10119
9987				
		9991		
			10120
	10146	

---------------------------------
plain	jelly	coconut	honey-dip
	10265			
	10266			
			10243
	10267			
	10268			
10093				
10094				
		10115		
10095				
	10269			
			10244
10096	

---------------------------------
plain	jelly	coconut	honey-dip
		10222		
			10352
10207				
			10353
			10354
	10403			
	10404			
			10355
	10405			
			10356
		10223		
	10406	

---------------------------------
plain	jelly	coconut	honey-dip
	10572			
		10384		
	10573			
			10530
10358				
10359				
10360				
	10574			
	10575			
		10385		
			10531
10361	

---------------------------------
plain	jelly	coconut	honey-dip
10489				
10490				
10491				
10492				
	10699			
			10647
	10700			
	10701			
		10501		
	10702			
10493				
		10502	

---------------------------------
plain	jelly	coconut	honey-dip
			10788
	10824			
		10601		
			10789
10615				
	10825			
		10602		
	10826			
		10603		
		10604		
	10827			
10616	

---------------------------------
plain	jelly	coconut	honey-dip
10768				
			10917
			10918
10769				
		10775		
			10919
		10776		
	10956			
			10920
	10957			
10770				
		10777	

---------------------------------
plain	jelly	coconut	honey-dip
			11045
	11080			
			11046
		10908		
			11047
	11081			
10899				
		10909		
	11082			
		10910		
10900				
		10911	

---------------------------------
plain	jelly	coconut	honey-dip
	11338			
		11145		
			11305
			11306
		11146		
11128				
			11307
	11339			
11129				
			11308
	11340			
			11309


---------------------------------
plain	jelly	coconut	honey-dip
		11285		
		11286		
11248				
11249				
			11450
11250				
			11451
	11473			
		11287		
11251				
		11288		
	11474	

---------------------------------
plain	jelly	coconut	honey-dip
		11431		
	11617			
	11618			
11391				
	11619			
	11620			
			11605
	11621			
	11622			
11392				
	11623			
			11606


---------------------------------
plain	jelly	coconut	honey-dip
		11612		
11567				
			11777
			11778
			11779
			11780
		11613		
11568				
			11781
	11784			
	11785			
11569	

---------------------------------
plain	jelly	coconut	honey-dip
11725				
	11891			
		11727		
			11889
		11728		
			11890
	11892			
			11891
		11729		
11726				
		11730		
			11892


---------------------------------
plain	jelly	coconut	honey-dip
			12058
		11869		
11860				
11861				
			12059
	12021			
		11870		
	12022			
11862				
			12060
		11871		
		11872	

---------------------------------
plain	jelly	coconut	honey-dip
	12165			
	12166			
		12027		
	12167			
			12199
12017				
		12028		
		12029		
	12168			
12018				
	12169			
		12030	

---------------------------------
plain	jelly	coconut	honey-dip
			12324
			12325
12164				
			12326
12165				
	12301			
	12302			
		12159		
			12327
			12328
		12160		
		12161	

---------------------------------
plain	jelly	coconut	honey-dip
12346				
			12514
12347				
	12453			
	12454			
12348				
			12515
	12455			
			12516
			12517
12349				
	12456	

---------------------------------
plain	jelly	coconut	honey-dip
12446				
		12440		
		12441		
	12553			
		12442		
12447				
12448				
	12554			
	12555			
			12649
			12650
		12443	

---------------------------------
plain	jelly	coconut	honey-dip
			12775
		12603		
12581				
12582				
	12669			
		12604		
	12670			
12583				
			12776
12584				
12585				
			12777


---------------------------------
plain	jelly	coconut	honey-dip
	12789			
12745				
		12707		
	12790			
	12791			
			12879
	12792			
12746				
12747				
			12880
		12708		
			12881


---------------------------------
plain	jelly	coconut	honey-dip
12876				
			13023
		12853		
12877				
12878				
			13024
			13025
12879				
12880				
	12920			
12881				
		12854	

---------------------------------
plain	jelly	coconut	honey-dip
	13043			
			13146
	13044			
	13045			
	13046			
	13047			
		12980		
13019				
13020				
		12981		
			13147
	13048	

---------------------------------
plain	jelly	coconut	honey-dip
		13153		
			13314
	13212			
		13154		
	13213			
13181				
13182				
	13214			
			13315
13183				
	13215			
			13316


---------------------------------
plain	jelly	coconut	honey-dip
	13360			
13327				
			13451
13328				
			13452
			13453
	13361			
	13362			
			13454
	13363			
			13455
		13274	

---------------------------------
plain	jelly	coconut	honey-dip
		13389		
		13390		
		13391		
			13571
		13392		
		13393		
			13572
			13573
			13574
13453				
13454				
13455	

---------------------------------
plain	jelly	coconut	honey-dip
	13622			
13608				
		13519		
		13520		
		13521		
		13522		
			13707
		13523		
		13524		
	13623			
13609				
			13708


---------------------------------
plain	jelly	coconut	honey-dip
			13963
13853				
			13964
		13766		
13854				
13855				
		13767		
			13965
	13882			
			13966
			13967
13856	

---------------------------------
plain	jelly	coconut	honey-dip
13962				
	13994			
	13995			
13963				
			14085
		13879		
		13880		
	13996			
		13881		
13964				
			14086
13965	

---------------------------------
plain	jelly	coconut	honey-dip
		14027		
			14231
	14137			
		14028		
14077				
		14029		
14078				
	14138			
14079				
14080				
	14139			
			14232


---------------------------------
plain	jelly	coconut	honey-dip
		14164		
	14261			
		14165		
			14370
		14166		
14205				
			14371
			14372
14206				
		14167		
	14262			
			14373


---------------------------------
plain	jelly	coconut	honey-dip
			14523
	14399			
		14326		
14352				
			14524
			14525
14353				
14354				
		14327		
	14400			
		14328		
	14401	

---------------------------------
plain	jelly	coconut	honey-dip
14618				
14619				
	14670			
	14671			
			14797
			14798
	14672			
		14631		
		14632		
			14799
14620				
14621	

---------------------------------
plain	jelly	coconut	honey-dip
		14741		
	14799			
14728				
14729				
			14940
		14742		
14730				
		14743		
		14744		
	14800			
	14801			
			14941


---------------------------------
plain	jelly	coconut	honey-dip
14874				
	14930			
			15067
	14931			
			15068
	14932			
14875				
	14933			
14876				
			15069
		14889		
14877	

---------------------------------
plain	jelly	coconut	honey-dip
15010				
	15054			
	15055			
		15015		
15011				
			15185
			15186
			15187
	15056			
	15057			
			15188
			15189


---------------------------------
plain	jelly	coconut	honey-dip
		15138		
15129				
	15158			
		15139		
	15159			
		15140		
			15307
	15160			
15130				
			15308
		15141		
15131	

---------------------------------
plain	jelly	coconut	honey-dip
15273				
			15426
	15319			
	15320			
	15321			
	15322			
15274				
		15290		
		15291		
		15292		
	15323			
			15427


---------------------------------
plain	jelly	coconut	honey-dip
15520				
15521				
			15700
			15701
		15564		
		15565		
			15702
	15580			
			15703
	15581			
15522				
		15566	

---------------------------------
plain	jelly	coconut	honey-dip
			15867
			15868
15700				
		15755		
	15750			
15701				
	15751			
	15752			
		15756		
			15869
		15757		
	15753	

---------------------------------
plain	jelly	coconut	honey-dip
15837				
	15890			
		15899		
		15900		
	15891			
	15892			
			15998
	15893			
			15999
		15901		
15838				
		15902	

---------------------------------
plain	jelly	coconut	honey-dip
	16040			
		16023		
		16024		
	16041			
15993				
15994				
	16042			
			16132
	16043			
		16025		
			16133
			16134


---------------------------------
plain	jelly	coconut	honey-dip
		16168		
	16168			
		16169		
16124				
16125				
	16169			
			16256
		16170		
			16257
16126				
16127				
	16170	

---------------------------------
plain	jelly	coconut	honey-dip
		16295		
16254				
	16288			
	16289			
			16383
		16296		
			16384
	16290			
			16385
			16386
		16297		
			16387


---------------------------------
plain	jelly	coconut	honey-dip
			16531
	16447			
	16448			
	16449			
		16438		
	16450			
	16451			
		16439		
			16532
	16452			
			16533
16392	

---------------------------------
plain	jelly	coconut	honey-dip
			16631
	16578			
			16632
		16574		
16505				
16506				
		16575		
			16633
	16579			
	16580			
16507				
	16581	

---------------------------------
plain	jelly	coconut	honey-dip
	16716			
			16772
			16773
			16774
16634				
			16775
16635				
			16776
		16694		
	16717			
			16777
16636	

---------------------------------
plain	jelly	coconut	honey-dip
			16881
		16794		
		16795		
	16824			
16761				
16762				
			16882
	16825			
			16883
			16884
16763				
			16885


---------------------------------
plain	jelly	coconut	honey-dip
	16936			
	16937			
16910				
			17011
	16938			
		16919		
16911				
			17012
		16920		
		16921		
16912				
	16939	

---------------------------------
plain	jelly	coconut	honey-dip
			17140
			17141
			17142
	17084			
			17143
			17144
			17145
			17146
17053				
			17147
		17087		
			17148


---------------------------------
plain	jelly	coconut	honey-dip
	17203			
			17262
			17263
	17204			
			17264
			17265
17168				
			17266
17169				
	17205			
			17267
		17235	

---------------------------------
plain	jelly	coconut	honey-dip
			17382
	17314			
	17315			
		17348		
17292				
		17349		
			17383
			17384
	17316			
			17385
	17317			
	17318	

---------------------------------
plain	jelly	coconut	honey-dip
17466				
			17538
		17530		
			17539
			17540
	17474			
	17475			
17467				
		17531		
	17476			
	17477			
		17532	

---------------------------------
plain	jelly	coconut	honey-dip
			17658
17578				
17579				
17580				
			17659
			17660
		17645		
			17661
		17646		
			17662
		17647		
		17648	

---------------------------------
plain	jelly	coconut	honey-dip
	17807			
			17856
			17857
17792				
	17808			
			17858
17793				
17794				
			17859
		17849		
		17850		
			17860


---------------------------------
plain	jelly	coconut	honey-dip
			18040
17983				
		18045		
17984				
		18046		
			18041
			18042
	18004			
17985				
17986				
			18043
	18005	

---------------------------------
plain	jelly	coconut	honey-dip
18107				
18108				
		18170		
18109				
			18159
18110				
	18128			
			18160
			18161
		18171		
18111				
	18129	

---------------------------------
plain	jelly	coconut	honey-dip
18247				
			18280
	18273			
18248				
		18304		
			18281
	18274			
18249				
		18305		
18250				
		18306		
			18282


---------------------------------
plain	jelly	coconut	honey-dip
			18436
18403				
	18422			
	18423			
		18455		
	18424			
			18437
			18438
		18456		
		18457		
		18458		
			18439


---------------------------------
plain	jelly	coconut	honey-dip
	18559			
18566				
18567				
		18620		
18568				
		18621		
		18622		
		18623		
	18560			
			18571
18569				
			18572


---------------------------------
plain	jelly	coconut	honey-dip
18703				
			18723
			18724
		18773		
	18705			
	18706			
	18707			
		18774		
	18708			
18704				
	18709			
			18725


---------------------------------
plain	jelly	coconut	honey-dip
18845				
18846				
		18883		
18847				
18848				
	18835			
		18884		
18849				
	18836			
			18857
			18858
	18837	

---------------------------------
plain	jelly	coconut	honey-dip
		19006		
18978				
		19007		
		19008		
	18955			
			18961
	18956			
18979				
18980				
	18957			
		19009		
18981	

---------------------------------
plain	jelly	coconut	honey-dip
			19184
			19185
			19186
			19187
		19218		
19188				
	19174			
			19188
		19219		
	19175			
	19176			
	19177	

---------------------------------
plain	jelly	coconut	honey-dip
19312				
			19316
		19345		
19313				
		19346		
	19271			
19314				
		19347		
			19317
			19318
			19319
		19348	

---------------------------------
plain	jelly	coconut	honey-dip
			19468
		19480		
			19469
			19470
19465				
		19481		
19466				
			19471
19467				
		19482		
			19472
19468	

---------------------------------
plain	jelly	coconut	honey-dip
			19672
			19673
19665				
19666				
	19598			
19667				
19668				
			19674
	19599			
			19675
		19665		
			19676


---------------------------------
plain	jelly	coconut	honey-dip
	19719			
	19720			
	19721			
19790				
		19817		
19791				
	19722			
		19818		
19792				
		19819		
			19802
19793	

---------------------------------
plain	jelly	coconut	honey-dip
			19921
	19840			
	19841			
			19922
	19842			
		19941		
			19923
19918				
19919				
		19942		
			19924
			19925


---------------------------------
plain	jelly	coconut	honey-dip
	19984			
	19985			
		20067		
	19986			
		20068		
		20069		
			20077
	19987			
		20070		
	19988			
20044				
			20078


---------------------------------
plain	jelly	coconut	honey-dip
		20221		
	20146			
	20147			
	20148			
20189				
	20149			
	20150			
20190				
20191				
		20222		
			20228
			20229


---------------------------------
plain	jelly	coconut	honey-dip
		20349		
		20350		
	20266			
			20344
	20267			
20317				
20318				
			20345
	20268			
20319				
	20269			
			20346


---------------------------------
plain	jelly	coconut	honey-dip
	20372			
		20486		
20434				
	20373			
20435				
			20464
		20487		
			20465
	20374			
	20375			
		20488		
20436	

---------------------------------
plain	jelly	coconut	honey-dip
		20643		
	20525			
	20526			
	20527			
	20528			
		20644		
20580				
20581				
		20645		
20582				
	20529			
	20530	

---------------------------------
plain	jelly	coconut	honey-dip
		20785		
		20786		
	20657			
		20787		
		20788		
	20658			
			20758
	20659			
	20660			
			20759
		20789		
20720	

---------------------------------
plain	jelly	coconut	honey-dip
			20909
	20782			
		20934		
20895				
		20935		
	20783			
20896				
			20910
		20936		
20897				
			20911
	20784	

---------------------------------
plain	jelly	coconut	honey-dip
	20908			
21039				
			21044
		21069		
		21070		
		21071		
	20909			
			21045
			21046
			21047
	20910			
		21072	

---------------------------------
plain	jelly	coconut	honey-dip
			21290
21269				
	21159			
			21291
		21314		
21270				
			21292
	21160			
21271				
	21161			
			21293
			21294


---------------------------------
plain	jelly	coconut	honey-dip
21403				
21404				
			21424
	21295			
	21296			
			21425
		21438		
			21426
21405				
21406				
21407				
21408	

---------------------------------
plain	jelly	coconut	honey-dip
	21399			
	21400			
			21540
			21541
	21401			
			21542
	21402			
			21543
	21403			
	21404			
		21569		
		21570	

---------------------------------
plain	jelly	coconut	honey-dip
21673				
	21530			
	21531			
	21532			
			21663
21674				
21675				
			21664
	21533			
			21665
21676				
			21666


---------------------------------
plain	jelly	coconut	honey-dip
			21775
		21801		
			21776
			21777
		21802		
			21778
21784				
			21779
21785				
	21640			
	21641			
			21780


---------------------------------
plain	jelly	coconut	honey-dip
		21935		
			21906
21902				
			21907
			21908
			21909
21903				
	21773			
			21910
			21911
21904				
21905	

---------------------------------
plain	jelly	coconut	honey-dip
			22020
			22021
		22059		
			22022
22025				
22026				
		22060		
	21892			
			22023
	21893			
		22061		
	21894	

---------------------------------
plain	jelly	coconut	honey-dip
			22148
	22050			
		22190		
			22149
			22150
		22191		
	22051			
		22192		
			22151
		22193		
		22194		
22160	

---------------------------------
plain	jelly	coconut	honey-dip
		22363		
			22290
	22197			
			22291
			22292
	22198			
		22364		
		22365		
22298				
22299				
	22199			
	22200	

---------------------------------
plain	jelly	coconut	honey-dip
	22323			
		22508		
	22324			
		22509		
		22510		
22436				
			22421
		22511		
			22422
	22325			
		22512		
			22423


---------------------------------
plain	jelly	coconut	honey-dip
22590				
22591				
			22580
22592				
	22507			
22593				
			22581
		22659		
		22660		
		22661		
		22662		
		22663	

---------------------------------
plain	jelly	coconut	honey-dip
22731				
			22728
	22683			
		22794		
			22729
22732				
22733				
22734				
22735				
		22795		
	22684			
			22730


---------------------------------
plain	jelly	coconut	honey-dip
			22900
			22901
	22827			
22880				
		22929		
			22902
22881				
22882				
		22930		
			22903
	22828			
	22829	

---------------------------------
plain	jelly	coconut	honey-dip
		23072		
		23073		
23011				
		23074		
	22956			
		23075		
			23025
	22957			
		23076		
		23077		
23012				
23013	

---------------------------------
plain	jelly	coconut	honey-dip
23169				
		23219		
	23103			
	23104			
23170				
			23161
			23162
			23163
		23220		
		23221		
	23105			
	23106	

---------------------------------
plain	jelly	coconut	honey-dip
23292				
			23301
	23257			
		23366		
			23302
			23303
	23258			
	23259			
			23304
			23305
23293				
23294	

---------------------------------
plain	jelly	coconut	honey-dip
		23460		
23367				
23368				
	23330			
	23331			
	23332			
			23371
		23461		
		23462		
23369				
		23463		
		23464	

---------------------------------
plain	jelly	coconut	honey-dip
			23538
		23634		
		23635		
23548				
	23504			
23549				
			23539
23550				
	23505			
		23636		
23551				
23552	

---------------------------------
plain	jelly	coconut	honey-dip
			23670
23672				
23673				
	23625			
	23626			
23674				
			23671
23675				
			23672
23676				
23677				
23678	

---------------------------------
plain	jelly	coconut	honey-dip
	23722			
	23723			
			23792
		23885		
		23886		
	23724			
23785				
	23725			
23786				
		23887		
		23888		
			23793


---------------------------------
plain	jelly	coconut	honey-dip
	23890			
			23942
			23943
	23891			
	23892			
23929				
	23893			
			23944
			23945
	23894			
		24059		
23930	

---------------------------------
plain	jelly	coconut	honey-dip
		24192		
24046				
	24022			
	24023			
24047				
		24193		
24048				
24049				
		24194		
	24024			
			24064
	24025	

---------------------------------
plain	jelly	coconut	honey-dip
			24186
24176				
			24187
24177				
			24188
			24189
24178				
			24190
	24163			
	24164			
	24165			
24179	

---------------------------------
plain	jelly	coconut	honey-dip
24376				
24377				
	24367			
		24501		
			24340
24378				
			24341
	24368			
24379				
24380				
			24342
24381	

---------------------------------
plain	jelly	coconut	honey-dip
		24626		
		24627		
24498				
			24451
24499				
		24628		
			24452
		24629		
		24630		
			24453
		24631		
	24465	

---------------------------------
plain	jelly	coconut	honey-dip
24625				
		24766		
			24565
		24767		
		24768		
24626				
24627				
	24624			
		24769		
		24770		
			24566
			24567


---------------------------------
plain	jelly	coconut	honey-dip
		24901		
			24721
		24902		
		24903		
	24777			
			24722
24781				
24782				
	24778			
24783				
24784				
			24723


---------------------------------
plain	jelly	coconut	honey-dip
			24878
			24879
24951				
		25029		
		25030		
24952				
			24880
			24881
			24882
		25031		
			24883
	24922	

---------------------------------
plain	jelly	coconut	honey-dip
			25023
		25171		
	25082			
25068				
			25024
		25172		
			25025
			25026
25069				
25070				
25071				
		25173	

---------------------------------
plain	jelly	coconut	honey-dip
			25147
	25204			
	25205			
		25309		
25212				
25213				
25214				
			25148
			25149
25215				
25216				
	25206	

---------------------------------
plain	jelly	coconut	honey-dip
25359				
	25355			
25360				
		25482		
25361				
			25300
	25356			
			25301
		25483		
25362				
25363				
		25484	

---------------------------------
plain	jelly	coconut	honey-dip
25497				
	25489			
	25490			
	25491			
			25449
	25492			
	25493			
		25637		
	25494			
			25450
25498				
		25638	

---------------------------------
plain	jelly	coconut	honey-dip
25650				
	25662			
			25618
			25619
	25663			
		25802		
		25803		
		25804		
25651				
25652				
		25805		
			25620


