---------------------------------
plain	jelly	coconut	honey-dip
	3385			
			3486
	3386			
3416				
		3405		
	3387			
3417				
	3388			
3418				
			3487
3419				
			3488


---------------------------------
plain	jelly	coconut	honey-dip
	3841			
			3925
3816				
3817				
		3850		
		3851		
			3926
3818				
		3852		
3819				
			3927
3820	

---------------------------------
plain	jelly	coconut	honey-dip
3937				
		3968		
		3969		
		3970		
3938				
			4051
	3968			
	3969			
			4052
			4053
3939				
	3970	

---------------------------------
plain	jelly	coconut	honey-dip
4095				
		4104		
		4105		
4096				
4097				
4098				
		4106		
4099				
			4167
		4107		
4100				
4101	

---------------------------------
plain	jelly	coconut	honey-dip
4215				
4216				
			4314
			4315
4217				
		4234		
4218				
4219				
		4235		
		4236		
			4316
4220	

---------------------------------
plain	jelly	coconut	honey-dip
4340				
4341				
		4360		
		4361		
		4362		
4342				
			4425
	4359			
			4426
	4360			
			4427
	4361	

---------------------------------
plain	jelly	coconut	honey-dip
		4478		
			4559
	4488			
4463				
	4489			
4464				
			4560
4465				
		4479		
	4490			
	4491			
	4492	

---------------------------------
plain	jelly	coconut	honey-dip
4579				
4580				
	4588			
	4589			
	4590			
		4594		
4581				
4582				
		4595		
	4591			
4583				
		4596	

---------------------------------
plain	jelly	coconut	honey-dip
			4789
			4790
	4728			
4715				
	4729			
		4716		
	4730			
		4717		
		4718		
	4731			
4716				
4717	

---------------------------------
plain	jelly	coconut	honey-dip
	4943			
	4944			
	4945			
4935				
			4970
		4892		
	4946			
4936				
		4893		
	4947			
		4894		
		4895	

---------------------------------
plain	jelly	coconut	honey-dip
5051				
		5038		
			5120
	5071			
5052				
			5121
			5122
5053				
	5072			
			5123
			5124
	5073	

---------------------------------
plain	jelly	coconut	honey-dip
5152				
	5198			
		5158		
		5159		
	5199			
	5200			
5153				
			5216
	5201			
	5202			
		5160		
	5203	

---------------------------------
plain	jelly	coconut	honey-dip
5271				
		5283		
		5284		
5272				
		5285		
		5286		
			5333
	5329			
5273				
		5287		
	5330			
			5334


---------------------------------
plain	jelly	coconut	honey-dip
5697				
	5742			
			5712
			5713
	5743			
5698				
	5744			
5699				
		5697		
		5698		
5700				
	5745	

---------------------------------
plain	jelly	coconut	honey-dip
		5816		
			5839
	5873			
		5817		
			5840
5824				
			5841
	5874			
5825				
	5875			
	5876			
5826	

---------------------------------
plain	jelly	coconut	honey-dip
			5957
			5958
5928				
	6007			
			5959
			5960
	6008			
			5961
			5962
	6009			
5929				
	6010	

---------------------------------
plain	jelly	coconut	honey-dip
		6033		
		6034		
		6035		
		6036		
6055				
6056				
	6126			
			6086
		6037		
			6087
		6038		
6057	

---------------------------------
plain	jelly	coconut	honey-dip
	6304			
	6305			
		6190		
	6306			
			6249
			6250
		6191		
	6307			
			6251
6205				
		6192		
		6193	

---------------------------------
plain	jelly	coconut	honey-dip
6330				
6331				
	6461			
	6462			
		6347		
	6463			
			6398
	6464			
	6465			
		6348		
			6399
			6400


---------------------------------
plain	jelly	coconut	honey-dip
		6479		
6467				
6468				
6469				
6470				
		6480		
6471				
		6481		
6472				
	6604			
	6605			
	6606	

---------------------------------
plain	jelly	coconut	honey-dip
		6600		
	6739			
6625				
			6652
6626				
6627				
			6653
6628				
6629				
	6740			
		6601		
6630	

---------------------------------
plain	jelly	coconut	honey-dip
			6808
		6718		
			6809
			6810
6770				
			6811
6771				
		6719		
6772				
		6720		
	6848			
			6812


---------------------------------
plain	jelly	coconut	honey-dip
6919				
		6851		
		6852		
			6951
6920				
6921				
			6952
		6853		
6922				
		6854		
6923				
6924	

---------------------------------
plain	jelly	coconut	honey-dip
7044				
	7111			
	7112			
			7102
	7113			
		6979		
			7103
7045				
			7104
7046				
7047				
			7105


---------------------------------
plain	jelly	coconut	honey-dip
		7080		
	7225			
7152				
			7235
		7081		
	7226			
	7227			
		7082		
			7236
		7083		
		7084		
7153	

---------------------------------
plain	jelly	coconut	honey-dip
	7488			
		7377		
7381				
		7378		
	7489			
			7490
		7379		
			7491
	7490			
	7491			
			7492
			7493


---------------------------------
plain	jelly	coconut	honey-dip
			7628
7528				
		7504		
		7505		
		7506		
			7629
		7507		
7529				
7530				
7531				
7532				
			7630


---------------------------------
plain	jelly	coconut	honey-dip
7792				
			7925
		7763		
7793				
7794				
			7926
		7764		
7795				
			7927
			7928
7796				
		7765	

---------------------------------
plain	jelly	coconut	honey-dip
		7918		
		7919		
	8087			
		7920		
7971				
	8088			
	8089			
7972				
	8090			
		7921		
7973				
		7922	

---------------------------------
plain	jelly	coconut	honey-dip
8138				
		8075		
	8243			
8139				
	8244			
	8245			
			8268
		8076		
		8077		
		8078		
		8079		
	8246	

---------------------------------
plain	jelly	coconut	honey-dip
8278				
			8417
		8238		
8279				
		8239		
		8240		
8280				
			8418
		8241		
	8415			
		8242		
	8416	

---------------------------------
plain	jelly	coconut	honey-dip
		8388		
8446				
			8578
		8389		
			8579
	8584			
8447				
			8580
8448				
		8390		
		8391		
		8392	

---------------------------------
plain	jelly	coconut	honey-dip
		8553		
			8715
		8554		
			8716
			8717
			8718
8607				
		8555		
		8556		
	8721			
8608				
8609	

---------------------------------
plain	jelly	coconut	honey-dip
		8697		
8726				
		8698		
			8857
		8699		
			8858
8727				
	8856			
	8857			
8728				
		8700		
	8858	

---------------------------------
plain	jelly	coconut	honey-dip
		8845		
			8996
			8997
		8846		
8871				
			8998
			8999
		8847		
	9000			
			9000
	9001			
			9001


---------------------------------
plain	jelly	coconut	honey-dip
	9130			
		8984		
9005				
	9131			
		8985		
	9132			
	9133			
			9145
		8986		
	9134			
9006				
9007	

---------------------------------
plain	jelly	coconut	honey-dip
	9263			
	9264			
9140				
		9113		
		9114		
			9288
9141				
	9265			
	9266			
		9115		
	9267			
		9116	

---------------------------------
plain	jelly	coconut	honey-dip
			9430
	9432			
		9270		
9296				
	9433			
			9431
9297				
	9434			
		9271		
		9272		
		9273		
			9432


---------------------------------
plain	jelly	coconut	honey-dip
	9563			
9437				
9438				
	9564			
9439				
9440				
9441				
9442				
9443				
		9416		
		9417		
			9576


---------------------------------
plain	jelly	coconut	honey-dip
	9749			
		9606		
			9746
		9607		
9635				
		9608		
	9750			
9636				
9637				
			9747
		9609		
9638	

---------------------------------
plain	jelly	coconut	honey-dip
			9884
	9893			
		9741		
		9742		
			9885
	9894			
		9743		
9770				
		9744		
9771				
			9886
			9887


---------------------------------
plain	jelly	coconut	honey-dip
		9886		
			10020
9891				
	10043			
		9887		
		9888		
		9889		
9892				
	10044			
9893				
		9890		
9894	

---------------------------------
plain	jelly	coconut	honey-dip
10041				
	10198			
10042				
			10176
10043				
			10177
			10178
		10049		
		10050		
10044				
10045				
		10051	

---------------------------------
plain	jelly	coconut	honey-dip
	10345			
	10346			
	10347			
10158				
		10178		
10159				
			10311
	10348			
	10349			
10160				
10161				
	10350	

---------------------------------
plain	jelly	coconut	honey-dip
			10433
	10476			
			10434
		10291		
10272				
			10435
	10477			
10273				
	10478			
	10479			
		10292		
10274	

---------------------------------
plain	jelly	coconut	honey-dip
10414				
			10572
	10622			
		10428		
			10573
	10623			
	10624			
			10574
		10429		
			10575
	10625			
			10576


---------------------------------
plain	jelly	coconut	honey-dip
10555				
	10764			
10556				
		10543		
		10544		
10557				
		10545		
		10546		
10558				
10559				
		10547		
	10765	

---------------------------------
plain	jelly	coconut	honey-dip
	10904			
	10905			
10709				
10710				
	10906			
	10907			
		10727		
			10872
		10728		
10711				
10712				
10713	

---------------------------------
plain	jelly	coconut	honey-dip
	11096			
		10921		
			11062
10913				
			11063
			11064
10914				
		10922		
10915				
	11097			
	11098			
			11065


---------------------------------
plain	jelly	coconut	honey-dip
			11193
			11194
			11195
			11196
11026				
		11054		
		11055		
11027				
			11197
			11198
11028				
	11235	

---------------------------------
plain	jelly	coconut	honey-dip
			11360
	11371			
	11372			
			11361
			11362
	11373			
	11374			
	11375			
11162				
		11191		
			11363
			11364


---------------------------------
plain	jelly	coconut	honey-dip
11283				
11284				
	11496			
			11488
			11489
			11490
			11491
			11492
	11497			
11285				
11286				
			11493


---------------------------------
plain	jelly	coconut	honey-dip
11395				
			11609
11396				
11397				
			11610
	11629			
			11611
			11612
11398				
		11435		
			11613
11399	

---------------------------------
plain	jelly	coconut	honey-dip
			11715
11501				
			11716
			11717
	11728			
		11544		
11502				
11503				
	11729			
			11718
11504				
			11719


---------------------------------
plain	jelly	coconut	honey-dip
11653				
			11829
	11843			
			11830
11654				
	11844			
11655				
11656				
			11831
			11832
11657				
11658	

---------------------------------
plain	jelly	coconut	honey-dip
		11772		
			11930
			11931
			11932
		11773		
			11933
			11934
			11935
		11774		
			11936
	11918			
			11937


---------------------------------
plain	jelly	coconut	honey-dip
			12089
			12090
11896				
11897				
	12053			
11898				
	12054			
		11902		
11899				
	12055			
11900				
		11903	

---------------------------------
plain	jelly	coconut	honey-dip
12031				
12032				
		12039		
	12178			
	12179			
			12208
		12040		
	12180			
		12041		
12033				
			12209
			12210


---------------------------------
plain	jelly	coconut	honey-dip
12171				
12172				
		12164		
12173				
12174				
			12332
	12305			
	12306			
			12333
		12165		
12175				
			12334


---------------------------------
plain	jelly	coconut	honey-dip
		12292		
			12484
	12424			
	12425			
		12293		
		12294		
12312				
	12426			
12313				
		12295		
	12427			
	12428	

---------------------------------
plain	jelly	coconut	honey-dip
			12647
		12436		
	12550			
		12437		
12443				
	12551			
		12438		
12444				
			12648
	12552			
12445				
		12439	

---------------------------------
plain	jelly	coconut	honey-dip
12571				
12572				
		12594		
		12595		
12573				
		12596		
			12772
12574				
			12773
12575				
		12597		
		12598	

---------------------------------
plain	jelly	coconut	honey-dip
		12728		
	12828			
	12829			
			12901
		12729		
		12730		
		12731		
		12732		
12771				
12772				
	12830			
12773	

---------------------------------
plain	jelly	coconut	honey-dip
12917				
		12878		
			13054
			13055
		12879		
			13056
12918				
	12943			
12919				
	12944			
	12945			
12920	

---------------------------------
plain	jelly	coconut	honey-dip
		13022		
13061				
		13023		
			13179
			13180
		13024		
		13025		
			13181
	13082			
			13182
		13026		
	13083	

---------------------------------
plain	jelly	coconut	honey-dip
	13234			
		13167		
		13168		
			13332
	13235			
		13169		
13199				
		13170		
		13171		
			13333
			13334
		13172	

---------------------------------
plain	jelly	coconut	honey-dip
		13323		
	13414			
			13497
		13324		
			13498
13382				
13383				
13384				
		13325		
			13499
	13415			
	13416	

---------------------------------
plain	jelly	coconut	honey-dip
13533				
		13458		
13534				
		13459		
			13637
		13460		
13535				
		13461		
13536				
13537				
		13462		
13538	

---------------------------------
plain	jelly	coconut	honey-dip
	13717			
			13795
13700				
	13718			
		13604		
13701				
			13796
			13797
		13605		
			13798
	13719			
	13720	

---------------------------------
plain	jelly	coconut	honey-dip
13821				
			13922
	13834			
			13923
			13924
			13925
			13926
		13731		
13822				
13823				
13824				
	13835	

---------------------------------
plain	jelly	coconut	honey-dip
		13850		
13934				
		13851		
			14050
	13966			
	13967			
13935				
	13968			
13936				
			14051
		13852		
	13969	

---------------------------------
plain	jelly	coconut	honey-dip
14138				
14139				
14140				
14141				
		14087		
		14088		
	14186			
	14187			
14142				
			14289
			14290
			14291


---------------------------------
plain	jelly	coconut	honey-dip
		14224		
14258				
	14315			
	14316			
14259				
14260				
		14225		
		14226		
14261				
	14317			
	14318			
14262	

---------------------------------
plain	jelly	coconut	honey-dip
		14361		
	14437			
		14362		
		14363		
			14561
		14364		
	14438			
	14439			
			14562
14385				
	14440			
			14563


---------------------------------
plain	jelly	coconut	honey-dip
			14751
	14627			
14576				
			14752
14577				
			14753
	14628			
	14629			
		14582		
		14583		
			14754
			14755


---------------------------------
plain	jelly	coconut	honey-dip
14739				
	14811			
		14759		
			14947
	14812			
			14948
	14813			
14740				
14741				
			14949
			14950
			14951


---------------------------------
plain	jelly	coconut	honey-dip
	14937			
	14938			
		14891		
	14939			
	14940			
14881				
		14892		
		14893		
14882				
14883				
		14894		
		14895	

---------------------------------
plain	jelly	coconut	honey-dip
		15116		
	15142			
		15117		
		15118		
			15283
		15119		
	15143			
			15284
15107				
	15144			
	15145			
		15120	

---------------------------------
plain	jelly	coconut	honey-dip
15266				
15267				
	15312			
			15420
			15421
	15313			
			15422
15268				
			15423
			15424
	15314			
		15286	

---------------------------------
plain	jelly	coconut	honey-dip
15382				
15383				
			15545
			15546
		15415		
			15547
		15416		
			15548
			15549
			15550
			15551
15384	

---------------------------------
plain	jelly	coconut	honey-dip
		15516		
			15661
		15517		
		15518		
15485				
		15519		
	15546			
	15547			
	15548			
			15662
		15520		
		15521	

---------------------------------
plain	jelly	coconut	honey-dip
			15811
	15704			
			15812
	15705			
15639				
15640				
	15706			
15641				
		15702		
			15813
15642				
	15707	

---------------------------------
plain	jelly	coconut	honey-dip
15772				
			15930
	15814			
	15815			
			15931
		15820		
	15816			
	15817			
		15821		
		15822		
		15823		
			15932


---------------------------------
plain	jelly	coconut	honey-dip
15916				
	15963			
15917				
			16062
	15964			
15918				
15919				
	15965			
15920				
15921				
	15966			
		15959	

---------------------------------
plain	jelly	coconut	honey-dip
16057				
	16094			
			16187
		16090		
	16095			
			16188
	16096			
			16189
		16091		
			16190
		16092		
	16097	

---------------------------------
plain	jelly	coconut	honey-dip
		16227		
		16228		
	16232			
			16307
16190				
		16229		
			16308
			16309
16191				
	16233			
	16234			
			16310


---------------------------------
plain	jelly	coconut	honey-dip
			16474
16334				
		16386		
			16475
		16387		
	16374			
			16476
			16477
16335				
	16375			
			16478
16336	

---------------------------------
plain	jelly	coconut	honey-dip
		16518		
		16519		
			16582
			16583
	16527			
			16584
			16585
		16520		
			16586
			16587
	16528			
16457	

---------------------------------
plain	jelly	coconut	honey-dip
			16715
		16638		
			16716
		16639		
			16717
16571				
16572				
			16718
16573				
		16640		
	16652			
16574	

---------------------------------
plain	jelly	coconut	honey-dip
	16786			
		16756		
			16855
16719				
			16856
16720				
16721				
			16857
	16787			
16722				
16723				
16724	

---------------------------------
plain	jelly	coconut	honey-dip
16866				
16867				
	16895			
	16896			
16868				
16869				
			16968
			16969
			16970
	16897			
		16879		
		16880	

---------------------------------
plain	jelly	coconut	honey-dip
			17092
16994				
		17015		
		17016		
		17017		
		17018		
	17023			
		17019		
16995				
	17024			
			17093
	17025	

---------------------------------
plain	jelly	coconut	honey-dip
		17248		
		17249		
			17285
			17286
		17250		
			17287
		17251		
		17252		
17189				
	17218			
			17288
		17253	

---------------------------------
plain	jelly	coconut	honey-dip
17361				
		17428		
		17429		
			17455
	17380			
17362				
		17430		
		17431		
		17432		
		17433		
	17381			
17363	

---------------------------------
plain	jelly	coconut	honey-dip
17603				
	17638			
		17663		
		17664		
	17639			
			17680
		17665		
		17666		
17604				
17605				
17606				
			17681


---------------------------------
plain	jelly	coconut	honey-dip
	17769			
	17770			
17751				
17752				
17753				
		17799		
			17829
17754				
		17800		
	17771			
		17801		
		17802	

---------------------------------
plain	jelly	coconut	honey-dip
	17889			
	17890			
17878				
17879				
		17962		
		17963		
			17935
17880				
17881				
	17891			
			17936
		17964	

---------------------------------
plain	jelly	coconut	honey-dip
		18092		
18029				
	18038			
			18081
	18039			
	18040			
		18093		
18030				
		18094		
			18082
		18095		
18031	

---------------------------------
plain	jelly	coconut	honey-dip
	18189			
			18209
		18225		
			18210
18169				
	18190			
18170				
			18211
	18191			
			18212
			18213
18171	

---------------------------------
plain	jelly	coconut	honey-dip
	18318			
			18324
		18339		
18303				
		18340		
18304				
18305				
		18341		
	18319			
18306				
		18342		
18307	

---------------------------------
plain	jelly	coconut	honey-dip
		18496		
	18456			
		18497		
	18457			
	18458			
	18459			
	18460			
	18461			
	18462			
	18463			
18437				
18438	

---------------------------------
plain	jelly	coconut	honey-dip
18611				
	18614			
		18676		
	18615			
			18619
			18620
	18616			
			18621
18612				
		18677		
18613				
			18622


---------------------------------
plain	jelly	coconut	honey-dip
		18848		
		18849		
		18850		
	18796			
18810				
		18851		
			18822
		18852		
			18823
18811				
18812				
			18824


---------------------------------
plain	jelly	coconut	honey-dip
	19006			
			19011
			19012
			19013
			19014
			19015
19036				
			19016
			19017
			19018
		19063		
		19064	

---------------------------------
plain	jelly	coconut	honey-dip
			19164
			19165
			19166
	19141			
			19167
19155				
19156				
	19142			
	19143			
	19144			
	19145			
19157	

---------------------------------
plain	jelly	coconut	honey-dip
19277				
			19268
		19300		
			19269
		19301		
			19270
			19271
	19231			
19278				
	19232			
		19302		
		19303	

---------------------------------
plain	jelly	coconut	honey-dip
19425				
	19371			
		19448		
			19432
	19372			
	19373			
			19433
	19374			
19426				
	19375			
	19376			
	19377	

---------------------------------
plain	jelly	coconut	honey-dip
		19555		
		19556		
		19557		
		19558		
			19562
			19563
	19490			
			19564
	19491			
			19565
	19492			
19561	

---------------------------------
plain	jelly	coconut	honey-dip
	19629			
	19630			
19696				
19697				
19698				
		19695		
	19631			
		19696		
		19697		
19699				
19700				
19701	

---------------------------------
plain	jelly	coconut	honey-dip
		19852		
			19838
	19762			
		19853		
		19854		
19832				
		19855		
19833				
	19763			
			19839
			19840
		19856	

---------------------------------
plain	jelly	coconut	honey-dip
		20017		
			20006
	19909			
	19910			
			20007
		20018		
			20008
		20019		
19976				
			20009
		20020		
19977	

---------------------------------
plain	jelly	coconut	honey-dip
			20157
			20158
20117				
			20159
	20062			
			20160
20118				
20119				
		20148		
			20161
20120				
	20063	

---------------------------------
plain	jelly	coconut	honey-dip
		20273		
	20202			
			20279
	20203			
20246				
		20274		
	20204			
	20205			
	20206			
		20275		
		20276		
		20277	

---------------------------------
plain	jelly	coconut	honey-dip
		20493		
			20468
20440				
			20469
		20494		
			20470
			20471
20441				
			20472
20442				
			20473
	20379	

---------------------------------
plain	jelly	coconut	honey-dip
20565				
		20628		
			20617
20566				
	20510			
			20618
20567				
		20629		
			20619
			20620
20568				
20569	

---------------------------------
plain	jelly	coconut	honey-dip
		20761		
		20762		
		20763		
			20735
	20640			
			20736
20688				
			20737
		20764		
20689				
	20641			
20690	

---------------------------------
plain	jelly	coconut	honey-dip
			20886
			20887
	20766			
20862				
	20767			
20863				
		20910		
20864				
			20888
	20768			
20865				
		20911	

---------------------------------
plain	jelly	coconut	honey-dip
			21122
	20994			
	20995			
21110				
	20996			
		21146		
21111				
			21123
	20997			
21112				
	20998			
21113	

---------------------------------
plain	jelly	coconut	honey-dip
21216				
		21259		
		21260		
			21227
			21228
			21229
21217				
		21261		
21218				
		21262		
21219				
	21102	

---------------------------------
plain	jelly	coconut	honey-dip
	21247			
	21248			
	21249			
21357				
			21388
	21250			
21358				
		21400		
21359				
			21389
21360				
	21251	

---------------------------------
plain	jelly	coconut	honey-dip
	21421			
		21584		
21556				
			21563
21557				
21558				
		21585		
21559				
		21586		
			21564
	21422			
			21565


---------------------------------
plain	jelly	coconut	honey-dip
21694				
	21551			
			21691
			21692
21695				
	21552			
	21553			
		21716		
			21693
	21554			
	21555			
	21556	

---------------------------------
plain	jelly	coconut	honey-dip
			21809
	21670			
			21810
			21811
			21812
	21671			
21816				
21817				
			21813
21818				
			21814
			21815


---------------------------------
plain	jelly	coconut	honey-dip
		21987		
	21818			
	21819			
			21949
	21820			
		21988		
	21821			
			21950
			21951
	21822			
	21823			
	21824	

---------------------------------
plain	jelly	coconut	honey-dip
22085				
			22084
22086				
	21956			
			22085
	21957			
	21958			
			22086
			22087
	21959			
22087				
		22111	

---------------------------------
plain	jelly	coconut	honey-dip
		22233		
	22078			
	22079			
	22080			
	22081			
			22184
		22234		
	22082			
22197				
22198				
		22235		
	22083	

---------------------------------
plain	jelly	coconut	honey-dip
22336				
22337				
	22246			
		22411		
		22412		
	22247			
		22413		
		22414		
			22323
22338				
	22248			
			22324


---------------------------------
plain	jelly	coconut	honey-dip
	22384			
	22385			
22484				
		22556		
22485				
	22386			
22486				
			22480
			22481
	22387			
			22482
22487	

---------------------------------
plain	jelly	coconut	honey-dip
		22689		
			22607
	22541			
	22542			
			22608
		22690		
		22691		
			22609
22619				
22620				
		22692		
	22543	

---------------------------------
plain	jelly	coconut	honey-dip
			22769
			22770
		22829		
22775				
	22719			
22776				
			22771
		22830		
22777				
22778				
22779				
			22772


---------------------------------
plain	jelly	coconut	honey-dip
		23002		
		23003		
			22973
22950				
			22974
		23004		
		23005		
		23006		
			22975
22951				
22952				
22953	

---------------------------------
plain	jelly	coconut	honey-dip
	23042			
	23043			
			23100
			23101
			23102
			23103
			23104
			23105
23111				
23112				
	23044			
		23159	

---------------------------------
plain	jelly	coconut	honey-dip
			23214
23214				
			23215
		23284		
		23285		
			23216
	23156			
23215				
			23217
			23218
	23157			
23216	

---------------------------------
plain	jelly	coconut	honey-dip
			23332
23330				
		23391		
	23283			
		23392		
			23333
		23393		
	23284			
			23334
	23285			
			23335
		23394	

---------------------------------
plain	jelly	coconut	honey-dip
	23428			
			23473
	23429			
23471				
		23564		
23472				
			23474
			23475
23473				
			23476
23474				
		23565	

---------------------------------
plain	jelly	coconut	honey-dip
	23559			
		23700		
	23560			
		23701		
		23702		
23597				
	23561			
	23562			
	23563			
			23596
23598				
		23703	

---------------------------------
plain	jelly	coconut	honey-dip
		23854		
			23754
23759				
	23697			
	23698			
23760				
	23699			
23761				
	23700			
		23855		
23762				
		23856	

---------------------------------
plain	jelly	coconut	honey-dip
	23895			
		24060		
	23896			
	23897			
23931				
	23898			
			23946
			23947
			23948
	23899			
		24061		
	23900	

---------------------------------
plain	jelly	coconut	honey-dip
24056				
		24198		
			24072
			24073
		24199		
		24200		
		24201		
	24034			
24057				
24058				
	24035			
24059	

---------------------------------
plain	jelly	coconut	honey-dip
			24262
24260				
	24255			
		24387		
			24263
24261				
24262				
		24388		
	24256			
			24264
		24389		
			24265


---------------------------------
plain	jelly	coconut	honey-dip
24405				
		24521		
24406				
24407				
		24522		
24408				
		24523		
		24524		
			24360
24409				
	24382			
			24361


---------------------------------
plain	jelly	coconut	honey-dip
		24699		
		24700		
		24701		
		24702		
			24505
			24506
		24703		
	24535			
24553				
		24704		
			24507
		24705	

---------------------------------
plain	jelly	coconut	honey-dip
24697				
			24651
24698				
		24836		
		24837		
24699				
		24838		
24700				
24701				
			24652
		24839		
		24840	

---------------------------------
plain	jelly	coconut	honey-dip
			24837
		24985		
			24838
			24839
		24986		
		24987		
	24886			
	24887			
24916				
			24840
			24841
	24888	

---------------------------------
plain	jelly	coconut	honey-dip
25030				
			24974
			24975
25031				
		25124		
		25125		
25032				
	25036			
			24976
	25037			
	25038			
		25126	

---------------------------------
plain	jelly	coconut	honey-dip
25192				
		25288		
	25189			
		25289		
			25131
			25132
			25133
25193				
			25134
	25190			
25194				
	25191	

---------------------------------
plain	jelly	coconut	honey-dip
		25410		
	25301			
			25238
25307				
		25411		
	25302			
	25303			
			25239
		25412		
25308				
			25240
		25413	

---------------------------------
plain	jelly	coconut	honey-dip
25477				
			25419
		25613		
25478				
25479				
	25467			
		25614		
		25615		
		25616		
25480				
			25420
25481	

---------------------------------
plain	jelly	coconut	honey-dip
	25603			
		25750		
25595				
			25556
25596				
			25557
	25604			
	25605			
		25751		
			25558
25597				
25598	

---------------------------------
plain	jelly	coconut	honey-dip
			25697
25724				
25725				
		25881		
	25742			
		25882		
25726				
			25698
	25743			
			25699
			25700
	25744	

---------------------------------
plain	jelly	coconut	honey-dip
25860				
25861				
25862				
25863				
		26030		
	25864			
25864				
		26031		
		26032		
	25865			
25865				
		26033	

---------------------------------
plain	jelly	coconut	honey-dip
		26151		
25979				
		26152		
	25984			
			25986
		26153		
25980				
		26154		
		26155		
			25987
	25985			
			25988


---------------------------------
plain	jelly	coconut	honey-dip
		26316		
		26317		
			26106
		26318		
		26319		
26111				
		26320		
		26321		
		26322		
26112				
			26107
			26108


---------------------------------
plain	jelly	coconut	honey-dip
		26590		
26388				
	26398			
26389				
			26368
			26369
	26399			
		26591		
			26370
		26592		
26390				
			26371


---------------------------------
plain	jelly	coconut	honey-dip
26685				
		26885		
			26654
		26886		
	26672			
			26655
			26656
			26657
26686				
			26658
			26659
			26660


---------------------------------
plain	jelly	coconut	honey-dip
26791				
			26761
			26762
	26786			
			26763
			26764
			26765
	26787			
26792				
		27002		
	26788			
	26789	

---------------------------------
plain	jelly	coconut	honey-dip
27120				
27121				
27122				
		27331		
		27332		
			27091
	27082			
	27083			
	27084			
	27085			
27123				
			27092


---------------------------------
plain	jelly	coconut	honey-dip
		27448		
27260				
	27190			
27261				
27262				
	27191			
		27449		
27263				
	27192			
27264				
		27450		
27265	

---------------------------------
plain	jelly	coconut	honey-dip
		27598		
27424				
			27351
		27599		
		27600		
			27352
			27353
			27354
27425				
27426				
27427				
			27355


---------------------------------
plain	jelly	coconut	honey-dip
			27425
27518				
			27426
	27404			
			27427
	27405			
27519				
		27681		
		27682		
		27683		
	27406			
27520	

---------------------------------
plain	jelly	coconut	honey-dip
	27516			
	27517			
27625				
		27785		
		27786		
		27787		
			27522
	27518			
			27523
27626				
			27524
			27525


---------------------------------
plain	jelly	coconut	honey-dip
	27646			
		27869		
	27647			
	27648			
			27658
27767				
		27870		
	27649			
	27650			
	27651			
	27652			
	27653	

---------------------------------
plain	jelly	coconut	honey-dip
	27890			
	27891			
			27880
		28100		
	27892			
27994				
		28101		
	27893			
			27881
		28102		
			27882
27995	

---------------------------------
plain	jelly	coconut	honey-dip
			28018
		28221		
			28019
		28222		
			28020
		28223		
	28055			
28110				
	28056			
	28057			
		28224		
			28021


---------------------------------
plain	jelly	coconut	honey-dip
	28160			
			28129
		28337		
			28130
		28338		
		28339		
			28131
			28132
28246				
		28340		
28247				
28248	

---------------------------------
plain	jelly	coconut	honey-dip
28342				
28343				
28344				
	28223			
			28220
28345				
	28224			
			28221
28346				
28347				
28348				
	28225	

---------------------------------
plain	jelly	coconut	honey-dip
		28494		
		28495		
			28279
28438				
		28496		
		28497		
			28280
	28297			
			28281
	28298			
			28282
	28299	

---------------------------------
plain	jelly	coconut	honey-dip
28510				
		28563		
	28381			
		28564		
			28366
		28565		
28511				
			28367
28512				
28513				
28514				
		28566	

---------------------------------
plain	jelly	coconut	honey-dip
	28461			
			28444
			28445
		28664		
	28462			
28599				
28600				
28601				
		28665		
28602				
		28666		
			28446


---------------------------------
plain	jelly	coconut	honey-dip
28680				
		28741		
		28742		
			28513
	28534			
			28514
		28743		
	28535			
28681				
			28515
28682				
	28536	

---------------------------------
plain	jelly	coconut	honey-dip
		28807		
			28578
			28579
28753				
28754				
28755				
28756				
		28808		
			28580
28757				
28758				
			28581


---------------------------------
plain	jelly	coconut	honey-dip
		28880		
		28881		
		28882		
		28883		
		28884		
	28659			
	28660			
		28885		
			28651
28830				
	28661			
	28662	

---------------------------------
plain	jelly	coconut	honey-dip
		28969		
28908				
			28731
28909				
			28732
			28733
		28970		
		28971		
		28972		
	28748			
28910				
		28973	

---------------------------------
plain	jelly	coconut	honey-dip
			28804
		29041		
		29042		
			28805
			28806
		29043		
	28809			
		29044		
		29045		
	28810			
		29046		
		29047	

---------------------------------
plain	jelly	coconut	honey-dip
			28878
29032				
	28880			
	28881			
			28879
		29118		
			28880
			28881
		29119		
29033				
	28882			
29034	

---------------------------------
plain	jelly	coconut	honey-dip
			28980
		29178		
	28950			
29112				
		29179		
		29180		
29113				
		29181		
	28951			
29114				
	28952			
			28981


---------------------------------
plain	jelly	coconut	honey-dip
	29054			
	29055			
		29275		
29212				
			29087
			29088
	29056			
		29276		
			29089
	29057			
		29277		
			29090


---------------------------------
plain	jelly	coconut	honey-dip
29269				
		29339		
29270				
		29340		
		29341		
			29153
	29107			
	29108			
	29109			
		29342		
29271				
		29343	

---------------------------------
plain	jelly	coconut	honey-dip
			29225
29347				
		29403		
29348				
	29157			
			29226
	29158			
29349				
29350				
		29404		
		29405		
29351	

---------------------------------
plain	jelly	coconut	honey-dip
			29288
	29212			
	29213			
	29214			
	29215			
29421				
			29289
	29216			
	29217			
	29218			
29422				
29423	

---------------------------------
plain	jelly	coconut	honey-dip
	29293			
		29535		
			29366
		29536		
	29294			
	29295			
			29367
		29537		
29514				
		29538		
			29368
			29369


---------------------------------
plain	jelly	coconut	honey-dip
	29348			
			29441
		29599		
29584				
29585				
29586				
		29600		
			29442
29587				
		29601		
29588				
			29443


---------------------------------
plain	jelly	coconut	honey-dip
		29724		
		29725		
	29457			
		29726		
29696				
			29551
			29552
		29727		
			29553
29697				
		29728		
29698	

---------------------------------
plain	jelly	coconut	honey-dip
		29756		
	29496			
		29757		
			29580
		29758		
	29497			
			29581
			29582
			29583
29728				
29729				
		29759	

---------------------------------
plain	jelly	coconut	honey-dip
		29794		
			29624
	29537			
	29538			
29761				
	29539			
29762				
29763				
	29540			
		29795		
29764				
			29625


---------------------------------
plain	jelly	coconut	honey-dip
			29675
29824				
	29585			
29825				
	29586			
	29587			
			29676
		29848		
		29849		
			29677
	29588			
	29589	

---------------------------------
plain	jelly	coconut	honey-dip
29842				
			29691
		29863		
	29608			
	29609			
		29864		
29843				
		29865		
	29610			
			29692
	29611			
	29612	

---------------------------------
plain	jelly	coconut	honey-dip
29876				
	29644			
			29715
29877				
			29716
29878				
			29717
			29718
			29719
			29720
			29721
		29889	

---------------------------------
plain	jelly	coconut	honey-dip
		29917		
	29674			
	29675			
	29676			
29903				
		29918		
	29677			
29904				
		29919		
		29920		
			29750
	29678	

---------------------------------
plain	jelly	coconut	honey-dip
	29706			
29926				
	29707			
			29783
	29708			
	29709			
29927				
			29784
29928				
			29785
29929				
		29949	

---------------------------------
plain	jelly	coconut	honey-dip
			29817
	29745			
			29818
			29819
29954				
	29746			
29955				
	29747			
			29820
	29748			
		29980		
29956	

---------------------------------
plain	jelly	coconut	honey-dip
			29843
	29772			
29981				
29982				
29983				
	29773			
			29844
		30008		
29984				
			29845
		30009		
			29846


---------------------------------
plain	jelly	coconut	honey-dip
			29865
29994				
		30023		
29995				
29996				
			29866
			29867
29997				
	29794			
29998				
29999				
		30024	

---------------------------------
plain	jelly	coconut	honey-dip
		30037		
		30038		
			29884
			29885
			29886
30012				
30013				
30014				
	29803			
			29887
30015				
	29804	

---------------------------------
plain	jelly	coconut	honey-dip
30030				
	29815			
	29816			
30031				
		30056		
			29895
	29817			
	29818			
		30057		
30032				
	29819			
30033	

---------------------------------
plain	jelly	coconut	honey-dip
30044				
	29830			
	29831			
	29832			
		30073		
	29833			
	29834			
	29835			
	29836			
		30074		
		30075		
	29837	

---------------------------------
plain	jelly	coconut	honey-dip
			29919
			29920
			29921
30055				
30056				
	29843			
30057				
			29922
			29923
	29844			
		30087		
	29845	

---------------------------------
plain	jelly	coconut	honey-dip
			29932
			29933
	29852			
	29853			
			29934
	29854			
		30091		
		30092		
30065				
30066				
30067				
	29855	

---------------------------------
plain	jelly	coconut	honey-dip
	29859			
	29860			
			29937
30069				
	29861			
30070				
	29862			
30071				
		30099		
30072				
30073				
	29863	

---------------------------------
plain	jelly	coconut	honey-dip
	29866			
			29942
30075				
		30105		
			29943
	29867			
		30106		
		30107		
			29944
	29868			
			29945
			29946


