---------------------------------
plain	jelly	coconut	honey-dip
59				
	57			
		69		
60				
	58			
	59			
61				
62				
			55
			56
63				
		70	

---------------------------------
plain	jelly	coconut	honey-dip
		114		
		115		
		116		
105				
106				
	110			
107				
	111			
108				
109				
		117		
		118	

---------------------------------
plain	jelly	coconut	honey-dip
			122
			123
	141			
		147		
154				
155				
			124
		148		
			125
156				
157				
158	

---------------------------------
plain	jelly	coconut	honey-dip
		192		
203				
			165
	184			
204				
		193		
			166
			167
		194		
			168
	185			
205	

---------------------------------
plain	jelly	coconut	honey-dip
247				
	235			
	236			
	237			
	238			
		245		
	239			
			209
			210
			211
	240			
			212


---------------------------------
plain	jelly	coconut	honey-dip
		283		
			255
281				
		284		
	273			
	274			
			256
282				
283				
		285		
		286		
			257


---------------------------------
plain	jelly	coconut	honey-dip
333				
334				
	326			
335				
336				
			312
	327			
	328			
337				
	329			
			313
		337	

---------------------------------
plain	jelly	coconut	honey-dip
	383			
390				
391				
		399		
	384			
	385			
	386			
		400		
	387			
	388			
			376
	389	

---------------------------------
plain	jelly	coconut	honey-dip
454				
	452			
			441
455				
		465		
		466		
			442
456				
457				
		467		
			443
		468	

---------------------------------
plain	jelly	coconut	honey-dip
			501
			502
526				
			503
	530			
	531			
	532			
	533			
			504
527				
	534			
			505


---------------------------------
plain	jelly	coconut	honey-dip
			540
568				
569				
570				
			541
571				
572				
			542
			543
			544
			545
			546


---------------------------------
plain	jelly	coconut	honey-dip
		609		
		610		
613				
		611		
			590
			591
614				
	612			
	613			
		612		
615				
		613	

---------------------------------
plain	jelly	coconut	honey-dip
	681			
		686		
	682			
	683			
	684			
671				
			662
		687		
672				
673				
			663
674	

---------------------------------
plain	jelly	coconut	honey-dip
	737			
		743		
			724
	738			
			725
			726
724				
	739			
		744		
725				
	740			
			727


---------------------------------
plain	jelly	coconut	honey-dip
	790			
769				
		797		
770				
	791			
		798		
771				
			776
			777
		799		
			778
			779


---------------------------------
plain	jelly	coconut	honey-dip
	855			
	856			
			863
			864
	857			
		874		
	858			
			865
			866
852				
	859			
	860	

---------------------------------
plain	jelly	coconut	honey-dip
		935		
	920			
		936		
			934
			935
	921			
919				
	922			
			936
			937
		937		
920	

---------------------------------
plain	jelly	coconut	honey-dip
			1006
	988			
982				
983				
	989			
984				
	990			
		1008		
985				
			1007
			1008
		1009	

---------------------------------
plain	jelly	coconut	honey-dip
1041				
1042				
			1068
	1065			
	1066			
	1067			
	1068			
1043				
1044				
		1074		
1045				
	1069	

---------------------------------
plain	jelly	coconut	honey-dip
	1134			
	1135			
		1131		
		1132		
1106				
		1133		
			1117
1107				
		1134		
1108				
	1136			
		1135	

---------------------------------
plain	jelly	coconut	honey-dip
			1201
	1233			
	1234			
			1202
		1216		
		1217		
1186				
			1203
1187				
1188				
	1235			
	1236	

---------------------------------
plain	jelly	coconut	honey-dip
			1276
1251				
			1277
		1287		
1252				
	1310			
			1278
		1288		
	1311			
			1279
1253				
1254	

---------------------------------
plain	jelly	coconut	honey-dip
1321				
1322				
			1333
1323				
			1334
			1335
	1368			
	1369			
	1370			
		1354		
1324				
		1355	

---------------------------------
plain	jelly	coconut	honey-dip
			1456
	1480			
			1457
		1469		
		1470		
		1471		
		1472		
			1458
	1481			
1427				
			1459
1428	

---------------------------------
plain	jelly	coconut	honey-dip
		1545		
		1546		
		1547		
			1549
1516				
1517				
	1558			
		1548		
1518				
		1549		
			1550
		1550	

---------------------------------
plain	jelly	coconut	honey-dip
			1634
		1631		
		1632		
		1633		
1592				
1593				
	1647			
		1634		
			1635
	1648			
			1636
			1637


---------------------------------
plain	jelly	coconut	honey-dip
	1873			
1846				
1847				
1848				
			1885
		1860		
	1874			
1849				
			1886
		1861		
		1862		
			1887


---------------------------------
plain	jelly	coconut	honey-dip
	1975			
	1976			
1953				
			2005
1954				
		1951		
		1952		
			2006
1955				
1956				
			2007
			2008


---------------------------------
plain	jelly	coconut	honey-dip
2046				
			2095
	2083			
			2096
		2056		
		2057		
2047				
			2097
		2058		
2048				
2049				
2050	

---------------------------------
plain	jelly	coconut	honey-dip
	2176			
		2162		
	2177			
			2196
		2163		
			2197
			2198
			2199
			2200
			2201
2142				
	2178	

---------------------------------
plain	jelly	coconut	honey-dip
			2286
		2260		
		2261		
		2262		
			2287
			2288
2222				
		2263		
			2289
	2280			
			2290
		2264	

---------------------------------
plain	jelly	coconut	honey-dip
2352				
2353				
		2379		
2354				
2355				
	2385			
	2386			
		2380		
		2381		
			2400
2356				
		2382	

---------------------------------
plain	jelly	coconut	honey-dip
			2520
2468				
	2508			
		2500		
		2501		
	2509			
		2502		
			2521
	2510			
		2503		
2469				
2470	

---------------------------------
plain	jelly	coconut	honey-dip
2582				
	2630			
	2631			
	2632			
			2656
2583				
	2633			
			2657
2584				
			2658
	2634			
			2659


---------------------------------
plain	jelly	coconut	honey-dip
			2784
2725				
	2757			
		2762		
2726				
			2785
	2758			
			2786
			2787
		2763		
			2788
	2759	

---------------------------------
plain	jelly	coconut	honey-dip
	2888			
		2899		
			2935
	2889			
		2900		
2882				
			2936
2883				
			2937
		2901		
		2902		
	2890	

---------------------------------
plain	jelly	coconut	honey-dip
3024				
			3073
	3011			
	3012			
3025				
		3036		
		3037		
	3013			
3026				
3027				
	3014			
	3015	

---------------------------------
plain	jelly	coconut	honey-dip
	3113			
3124				
3125				
3126				
	3114			
			3182
	3115			
			3183
		3133		
	3116			
3127				
			3184


---------------------------------
plain	jelly	coconut	honey-dip
			3320
		3247		
3252				
3253				
3254				
3255				
3256				
			3321
	3237			
		3248		
			3322
	3238	

---------------------------------
plain	jelly	coconut	honey-dip
		3372		
		3373		
			3454
3380				
		3374		
	3366			
3381				
			3455
		3375		
			3456
	3367			
			3457


---------------------------------
plain	jelly	coconut	honey-dip
		3531		
		3532		
	3483			
	3484			
			3596
			3597
			3598
	3485			
3526				
			3599
			3600
3527	

---------------------------------
plain	jelly	coconut	honey-dip
			3714
	3614			
	3615			
	3616			
		3670		
		3671		
	3617			
		3672		
3642				
			3715
		3673		
	3618	

---------------------------------
plain	jelly	coconut	honey-dip
		3845		
			3915
			3916
			3917
			3918
			3919
3806				
		3846		
	3830			
			3920
	3831			
			3921


---------------------------------
plain	jelly	coconut	honey-dip
		3957		
3926				
		3958		
		3959		
3927				
3928				
			4042
	3963			
			4043
		3960		
			4044
	3964	

---------------------------------
plain	jelly	coconut	honey-dip
4090				
		4096		
	4104			
	4105			
4091				
	4106			
		4097		
	4107			
			4162
		4098		
		4099		
		4100	

---------------------------------
plain	jelly	coconut	honey-dip
	4242			
		4246		
	4243			
			4330
			4331
		4247		
		4248		
4234				
	4244			
			4332
4235				
4236	

---------------------------------
plain	jelly	coconut	honey-dip
			4444
			4445
	4379			
			4446
		4379		
			4447
	4380			
		4380		
		4381		
		4382		
			4448
	4381	

---------------------------------
plain	jelly	coconut	honey-dip
			4604
			4605
			4606
		4520		
	4542			
			4607
4526				
			4608
		4521		
		4522		
	4543			
4527	

---------------------------------
plain	jelly	coconut	honey-dip
		4685		
4671				
			4756
4672				
	4680			
	4681			
	4682			
		4686		
	4683			
		4687		
	4684			
	4685	

---------------------------------
plain	jelly	coconut	honey-dip
		4789		
4817				
			4868
			4869
	4822			
		4790		
4818				
			4870
	4823			
		4791		
	4824			
		4792	

---------------------------------
plain	jelly	coconut	honey-dip
	5268			
	5269			
		5225		
			5271
		5226		
5212				
		5227		
5213				
	5270			
5214				
	5271			
5215	

---------------------------------
plain	jelly	coconut	honey-dip
		5333		
			5382
		5334		
5326				
5327				
	5379			
		5335		
			5383
	5380			
5328				
	5381			
		5336	

---------------------------------
plain	jelly	coconut	honey-dip
5457				
			5488
5458				
		5443		
		5444		
		5445		
	5500			
			5489
			5490
	5501			
5459				
	5502	

---------------------------------
plain	jelly	coconut	honey-dip
			5644
5623				
		5614		
		5615		
	5667			
			5645
5624				
5625				
5626				
			5646
	5668			
		5616	

---------------------------------
plain	jelly	coconut	honey-dip
	5783			
		5735		
	5784			
		5736		
	5785			
	5786			
			5746
	5787			
			5747
5740				
			5748
			5749


---------------------------------
plain	jelly	coconut	honey-dip
		5851		
			5872
	5924			
			5873
	5925			
	5926			
	5927			
		5852		
5861				
		5853		
5862				
5863	

---------------------------------
plain	jelly	coconut	honey-dip
	6043			
			6010
			6011
			6012
			6013
	6044			
5970				
	6045			
		5965		
			6014
		5966		
		5967	

---------------------------------
plain	jelly	coconut	honey-dip
			6149
	6194			
		6090		
		6091		
			6150
	6195			
6107				
	6196			
	6197			
	6198			
			6151
6108	

---------------------------------
plain	jelly	coconut	honey-dip
	6341			
			6286
		6225		
		6226		
	6342			
	6343			
6228				
	6344			
		6227		
		6228		
			6287
		6229	

---------------------------------
plain	jelly	coconut	honey-dip
		6387		
			6442
	6509			
			6443
		6388		
			6444
6378				
		6389		
			6445
6379				
	6510			
6380	

---------------------------------
plain	jelly	coconut	honey-dip
6511				
			6554
6512				
	6642			
		6513		
			6555
		6514		
6513				
			6556
			6557
			6558
			6559


---------------------------------
plain	jelly	coconut	honey-dip
	6764			
		6631		
		6632		
6661				
		6633		
			6692
6662				
6663				
			6693
			6694
		6634		
	6765	

---------------------------------
plain	jelly	coconut	honey-dip
		6841		
			6943
6907				
			6944
	6969			
6908				
6909				
			6945
6910				
6911				
		6842		
		6843	

---------------------------------
plain	jelly	coconut	honey-dip
			7082
		6962		
		6963		
		6964		
		6965		
			7083
			7084
7034				
		6966		
	7098			
			7085
			7086


---------------------------------
plain	jelly	coconut	honey-dip
7177				
			7265
	7255			
	7256			
	7257			
		7115		
		7116		
			7266
	7258			
	7259			
		7117		
7178	

---------------------------------
plain	jelly	coconut	honey-dip
	7431			
			7423
			7424
		7303		
	7432			
			7425
7327				
	7433			
		7304		
		7305		
			7426
	7434	

---------------------------------
plain	jelly	coconut	honey-dip
		7486		
	7631			
			7612
			7613
		7487		
		7488		
	7632			
	7633			
	7634			
7511				
			7614
			7615


---------------------------------
plain	jelly	coconut	honey-dip
			7769
7643				
		7630		
	7774			
			7770
			7771
	7775			
		7631		
			7772
		7632		
		7633		
			7773


---------------------------------
plain	jelly	coconut	honey-dip
			7918
	7920			
			7919
		7759		
	7921			
			7920
	7922			
			7921
7783				
7784				
			7922
7785	

---------------------------------
plain	jelly	coconut	honey-dip
		7873		
	8036			
		7874		
		7875		
7915				
	8037			
		7876		
			8048
		7877		
7916				
7917				
			8049


---------------------------------
plain	jelly	coconut	honey-dip
	8196			
8085				
		8029		
8086				
			8222
	8197			
	8198			
	8199			
	8200			
8087				
		8030		
8088	

---------------------------------
plain	jelly	coconut	honey-dip
		8156		
	8328			
	8329			
			8351
			8352
8201				
		8157		
8202				
		8158		
	8330			
	8331			
		8159	

---------------------------------
plain	jelly	coconut	honey-dip
		8294		
			8475
	8483			
8348				
			8476
8349				
		8295		
		8296		
		8297		
	8484			
	8485			
			8477


---------------------------------
plain	jelly	coconut	honey-dip
8486				
8487				
8488				
8489				
			8613
			8614
			8615
			8616
		8430		
			8617
	8623			
8490	

---------------------------------
plain	jelly	coconut	honey-dip
			8723
		8567		
	8728			
			8724
			8725
			8726
		8568		
	8729			
		8569		
			8727
	8730			
8614	

---------------------------------
plain	jelly	coconut	honey-dip
8864				
		8835		
		8836		
8865				
			8993
	8996			
	8997			
		8837		
8866				
			8994
8867				
8868	

---------------------------------
plain	jelly	coconut	honey-dip
	9114			
		8969		
			9129
	9115			
		8970		
		8971		
			9130
8992				
	9116			
	9117			
8993				
8994	

---------------------------------
plain	jelly	coconut	honey-dip
			9324
			9325
	9306			
			9326
9189				
		9165		
		9166		
			9327
		9167		
			9328
		9168		
		9169	

---------------------------------
plain	jelly	coconut	honey-dip
			9503
9352				
			9504
		9349		
	9500			
	9501			
9353				
	9502			
	9503			
	9504			
	9505			
			9505


---------------------------------
plain	jelly	coconut	honey-dip
9477				
		9458		
		9459		
		9460		
9478				
	9607			
		9461		
9479				
		9462		
	9608			
			9618
			9619


---------------------------------
plain	jelly	coconut	honey-dip
	9760			
9648				
			9758
		9618		
	9761			
			9759
	9762			
	9763			
			9760
		9619		
			9761
		9620	

---------------------------------
plain	jelly	coconut	honey-dip
	9899			
			9888
9778				
			9889
9779				
	9900			
		9747		
			9890
	9901			
		9748		
		9749		
		9750	

---------------------------------
plain	jelly	coconut	honey-dip
	10045			
			10021
9895				
		9891		
		9892		
9896				
		9893		
			10022
9897				
			10023
	10046			
9898	

---------------------------------
plain	jelly	coconut	honey-dip
	10240			
	10241			
			10210
			10211
		10083		
10075				
10076				
			10212
		10084		
	10242			
10077				
		10085	

---------------------------------
plain	jelly	coconut	honey-dip
10200				
	10395			
		10213		
	10396			
10201				
10202				
			10340
10203				
			10341
		10214		
	10397			
		10215	

---------------------------------
plain	jelly	coconut	honey-dip
		10360		
	10541			
10335				
			10500
		10361		
	10542			
10336				
		10362		
		10363		
		10364		
	10543			
	10544	

---------------------------------
plain	jelly	coconut	honey-dip
10479				
	10688			
			10640
10480				
	10689			
		10493		
10481				
		10494		
10482				
		10495		
	10690			
10483	

---------------------------------
plain	jelly	coconut	honey-dip
			10861
		10715		
		10716		
10693				
			10862
		10717		
		10718		
		10719		
		10720		
10694				
10695				
	10895	

---------------------------------
plain	jelly	coconut	honey-dip
		10867		
	11050			
			11006
10865				
			11007
			11008
	11051			
10866				
		10868		
	11052			
			11009
		10869	

---------------------------------
plain	jelly	coconut	honey-dip
		11013		
10980				
	11182			
			11153
	11183			
		11014		
		11015		
	11184			
	11185			
	11186			
	11187			
		11016	

---------------------------------
plain	jelly	coconut	honey-dip
11132				
			11314
			11315
			11316
	11344			
	11345			
		11150		
		11151		
11133				
			11317
			11318
	11346	

---------------------------------
plain	jelly	coconut	honey-dip
		11278		
	11465			
	11466			
		11279		
			11443
11246				
	11467			
	11468			
	11469			
	11470			
	11471			
	11472	

---------------------------------
plain	jelly	coconut	honey-dip
		11401		
			11577
	11597			
			11578
	11598			
	11599			
		11402		
		11403		
		11404		
		11405		
11373				
11374	

---------------------------------
plain	jelly	coconut	honey-dip
11508				
11509				
		11549		
		11550		
	11734			
11510				
11511				
	11735			
		11551		
			11721
11512				
	11736	

---------------------------------
plain	jelly	coconut	honey-dip
			11855
			11856
	11865			
11681				
		11699		
		11700		
		11701		
11682				
11683				
11684				
11685				
			11857


---------------------------------
plain	jelly	coconut	honey-dip
	11998			
	11999			
11838				
11839				
		11842		
		11843		
11840				
		11844		
11841				
11842				
11843				
	12000	

---------------------------------
plain	jelly	coconut	honey-dip
11963				
		11968		
	12111			
	12112			
		11969		
			12150
		11970		
			12151
			12152
	12113			
			12153
11964	

---------------------------------
plain	jelly	coconut	honey-dip
	12295			
			12315
			12316
12153				
	12296			
		12149		
	12297			
12154				
			12317
		12150		
			12318
12155	

---------------------------------
plain	jelly	coconut	honey-dip
			12518
			12519
12350				
12351				
			12520
		12331		
12352				
			12521
		12332		
12353				
			12522
	12457	

---------------------------------
plain	jelly	coconut	honey-dip
			12666
			12667
			12668
		12465		
			12669
			12670
		12466		
12461				
	12568			
			12671
12462				
		12467	

---------------------------------
plain	jelly	coconut	honey-dip
12601				
12602				
	12682			
			12788
	12683			
	12684			
			12789
		12617		
	12685			
	12686			
			12790
12603	

---------------------------------
plain	jelly	coconut	honey-dip
		12703		
		12704		
			12876
12742				
		12705		
			12877
	12787			
12743				
		12706		
	12788			
			12878
12744	

---------------------------------
plain	jelly	coconut	honey-dip
	12926			
			13035
			13036
12896				
12897				
			13037
	12927			
12898				
			13038
		12863		
			13039
12899	

---------------------------------
plain	jelly	coconut	honey-dip
	13031			
			13135
	13032			
		12973		
	13033			
	13034			
			13136
		12974		
	13035			
13013				
13014				
	13036	

---------------------------------
plain	jelly	coconut	honey-dip
13125				
	13147			
13126				
			13249
	13148			
	13149			
		13099		
			13250
13127				
			13251
	13150			
	13151	

---------------------------------
plain	jelly	coconut	honey-dip
13249				
13250				
		13203		
			13365
		13204		
13251				
13252				
	13283			
13253				
			13366
			13367
13254	

---------------------------------
plain	jelly	coconut	honey-dip
			13503
		13329		
	13420			
			13504
13388				
			13505
			13506
13389				
	13421			
	13422			
13390				
	13423	

---------------------------------
plain	jelly	coconut	honey-dip
	13593			
	13594			
	13595			
		13494		
	13596			
		13495		
	13597			
			13681
			13682
			13683
13580				
			13684


---------------------------------
plain	jelly	coconut	honey-dip
	13721			
			13799
13702				
	13722			
		13606		
13703				
			13800
13704				
		13607		
13705				
13706				
		13608	

---------------------------------
plain	jelly	coconut	honey-dip
			13947
13837				
13838				
		13754		
13839				
			13948
	13866			
		13755		
		13756		
			13949
			13950
13840	

---------------------------------
plain	jelly	coconut	honey-dip
		13890		
	14007			
			14097
	14008			
			14098
			14099
	14009			
	14010			
	14011			
		13891		
		13892		
		13893	

---------------------------------
plain	jelly	coconut	honey-dip
			14240
	14142			
14089				
			14241
		14037		
14090				
		14038		
14091				
		14039		
14092				
			14242
14093	

---------------------------------
plain	jelly	coconut	honey-dip
		14168		
			14374
		14169		
14207				
14208				
14209				
14210				
			14375
			14376
		14170		
			14377
14211	

---------------------------------
plain	jelly	coconut	honey-dip
	14395			
		14319		
			14513
			14514
		14320		
	14396			
			14515
14349				
			14516
			14517
		14321		
			14518


---------------------------------
plain	jelly	coconut	honey-dip
			14667
	14538			
14492				
	14539			
14493				
14494				
14495				
14496				
		14467		
		14468		
14497				
14498	

---------------------------------
plain	jelly	coconut	honey-dip
		14616		
14606				
14607				
		14617		
		14618		
			14787
14608				
			14788
	14659			
		14619		
	14660			
		14620	

---------------------------------
plain	jelly	coconut	honey-dip
		14764		
14743				
			14954
14744				
	14819			
		14765		
	14820			
	14821			
		14766		
			14955
	14822			
14745	

---------------------------------
plain	jelly	coconut	honey-dip
			16194
			16195
16059				
			16196
	16101			
			16197
		16098		
	16102			
		16099		
			16198
			16199
	16103	

---------------------------------
plain	jelly	coconut	honey-dip
		16231		
16193				
		16232		
			16317
			16318
	16239			
			16319
			16320
			16321
16194				
	16240			
		16233	

---------------------------------
plain	jelly	coconut	honey-dip
			16480
	16378			
	16379			
	16380			
			16481
		16393		
		16394		
		16395		
	16381			
			16482
		16396		
		16397	

---------------------------------
plain	jelly	coconut	honey-dip
	16595			
			16650
	16596			
	16597			
			16651
16526				
	16598			
16527				
16528				
			16652
			16653
16529	

---------------------------------
plain	jelly	coconut	honey-dip
			16851
			16852
		16749		
16713				
	16779			
16714				
		16750		
	16780			
			16853
	16781			
		16751		
16715	

---------------------------------
plain	jelly	coconut	honey-dip
16881				
			16982
			16983
		16893		
16882				
	16912			
		16894		
			16984
	16913			
16883				
	16914			
16884	

---------------------------------
plain	jelly	coconut	honey-dip
17013				
	17044			
			17104
		17047		
		17048		
		17049		
	17045			
	17046			
	17047			
		17050		
17014				
			17105


---------------------------------
plain	jelly	coconut	honey-dip
			17249
17149				
	17188			
		17210		
			17250
			17251
	17189			
17150				
17151				
	17190			
			17252
17152	

---------------------------------
plain	jelly	coconut	honey-dip
		17333		
	17300			
17270				
17271				
		17334		
17272				
	17301			
			17373
		17335		
17273				
17274				
	17302	

---------------------------------
plain	jelly	coconut	honey-dip
17451				
17452				
	17467			
		17522		
	17468			
17453				
			17532
		17523		
	17469			
	17470			
17454				
17455	

---------------------------------
plain	jelly	coconut	honey-dip
	17604			
17560				
	17605			
		17630		
17561				
17562				
			17646
		17631		
17563				
			17647
17564				
			17648


---------------------------------
plain	jelly	coconut	honey-dip
			17787
			17788
			17789
	17730			
		17759		
	17731			
			17790
17704				
17705				
		17760		
		17761		
17706	

---------------------------------
plain	jelly	coconut	honey-dip
			17894
		17910		
	17853			
			17895
17839				
		17911		
	17854			
17840				
		17912		
			17896
		17913		
			17897


---------------------------------
plain	jelly	coconut	honey-dip
		18029		
	17985			
			18023
	17986			
		18030		
			18024
		18031		
		18032		
	17987			
			18025
17975				
			18026


---------------------------------
plain	jelly	coconut	honey-dip
		18175		
		18176		
		18177		
			18167
	18131			
		18178		
	18132			
		18179		
		18180		
18115				
18116				
18117	

---------------------------------
plain	jelly	coconut	honey-dip
			18381
			18382
18349				
	18364			
			18383
			18384
18350				
	18365			
		18406		
			18385
			18386
18351	

---------------------------------
plain	jelly	coconut	honey-dip
18469				
18470				
			18487
			18488
		18522		
		18523		
			18489
	18490			
			18490
	18491			
18471				
		18524	

---------------------------------
plain	jelly	coconut	honey-dip
18651				
		18722		
		18723		
	18660			
18652				
		18724		
			18667
			18668
			18669
18653				
		18725		
18654	

---------------------------------
plain	jelly	coconut	honey-dip
		18842		
			18817
			18818
		18843		
			18819
		18844		
		18845		
18801				
		18846		
			18820
	18792			
18802	

---------------------------------
plain	jelly	coconut	honey-dip
	18950			
			18956
		18997		
		18998		
	18951			
			18957
		18999		
	18952			
			18958
		19000		
18973				
	18953	

---------------------------------
plain	jelly	coconut	honey-dip
			19099
			19100
			19101
			19102
			19103
		19138		
			19104
19106				
19107				
19108				
			19105
19109	

---------------------------------
plain	jelly	coconut	honey-dip
	19203			
		19259		
19234				
19235				
19236				
19237				
		19260		
19238				
			19236
		19261		
		19262		
		19263	

---------------------------------
plain	jelly	coconut	honey-dip
19521				
19522				
		19534		
19523				
		19535		
19524				
19525				
	19453			
19526				
	19454			
		19536		
			19528


---------------------------------
plain	jelly	coconut	honey-dip
19678				
19679				
			19687
		19681		
	19614			
		19682		
	19615			
	19616			
	19617			
19680				
			19688
	19618	

---------------------------------
plain	jelly	coconut	honey-dip
		19824		
		19825		
	19734			
		19826		
			19806
19800				
		19827		
			19807
19801				
19802				
		19828		
			19808


---------------------------------
plain	jelly	coconut	honey-dip
19941				
		19976		
		19977		
		19978		
19942				
		19979		
	19866			
	19867			
19943				
		19980		
	19868			
	19869	

---------------------------------
plain	jelly	coconut	honey-dip
20167				
20168				
20169				
20170				
		20206		
			20214
	20125			
		20207		
20171				
			20215
		20208		
20172	

---------------------------------
plain	jelly	coconut	honey-dip
		20337		
20308				
			20336
		20338		
	20259			
			20337
	20260			
		20339		
	20261			
			20338
	20262			
			20339


---------------------------------
plain	jelly	coconut	honey-dip
	20376			
		20489		
	20377			
20437				
		20490		
	20378			
		20491		
		20492		
			20466
20438				
			20467
20439	

---------------------------------
plain	jelly	coconut	honey-dip
20609				
			20667
		20684		
	20564			
	20565			
	20566			
	20567			
	20568			
			20668
		20685		
	20569			
	20570	

---------------------------------
plain	jelly	coconut	honey-dip
		20823		
20761				
			20802
	20690			
		20824		
20762				
		20825		
20763				
20764				
			20803
	20691			
20765	

---------------------------------
plain	jelly	coconut	honey-dip
			20936
20923				
	20807			
20924				
	20808			
20925				
20926				
			20937
20927				
	20809			
20928				
		20962	

---------------------------------
plain	jelly	coconut	honey-dip
			21048
	20911			
			21049
	20912			
		21073		
		21074		
			21050
21040				
	20913			
21041				
21042				
	20914	

---------------------------------
plain	jelly	coconut	honey-dip
		21196		
			21170
	21049			
			21171
	21050			
			21172
	21051			
21149				
	21052			
			21173
21150				
21151	

---------------------------------
plain	jelly	coconut	honey-dip
	21166			
	21167			
			21300
			21301
	21168			
21272				
21273				
		21318		
21274				
			21302
		21319		
			21303


---------------------------------
plain	jelly	coconut	honey-dip
21465				
	21332			
		21491		
		21492		
21466				
			21464
21467				
21468				
	21333			
		21493		
	21334			
	21335	

---------------------------------
plain	jelly	coconut	honey-dip
			21609
21608				
	21467			
		21632		
21609				
		21633		
21610				
		21634		
	21468			
		21635		
		21636		
		21637	

---------------------------------
plain	jelly	coconut	honey-dip
21779				
21780				
	21636			
	21637			
	21638			
		21798		
21781				
	21639			
21782				
		21799		
		21800		
21783	

---------------------------------
plain	jelly	coconut	honey-dip
	21825			
21954				
			21952
			21953
21955				
21956				
			21954
	21826			
21957				
21958				
	21827			
	21828	

---------------------------------
plain	jelly	coconut	honey-dip
			22088
		22112		
22088				
	21960			
			22089
	21961			
		22113		
			22090
22089				
	21962			
	21963			
		22114	

---------------------------------
plain	jelly	coconut	honey-dip
		22328		
22276				
22277				
		22329		
		22330		
		22331		
		22332		
	22171			
		22333		
	22172			
		22334		
		22335	

---------------------------------
plain	jelly	coconut	honey-dip
		22513		
		22514		
			22424
22437				
			22425
			22426
		22515		
	22326			
		22516		
		22517		
		22518		
	22327	

---------------------------------
plain	jelly	coconut	honey-dip
22586				
22587				
22588				
		22656		
	22504			
22589				
	22505			
	22506			
			22578
			22579
		22657		
		22658	

---------------------------------
plain	jelly	coconut	honey-dip
			22717
			22718
			22719
		22784		
22717				
22718				
22719				
		22785		
22720				
			22720
22721				
	22670	

---------------------------------
plain	jelly	coconut	honey-dip
			22866
			22867
			22868
		22906		
		22907		
		22908		
			22869
22857				
22858				
22859				
			22870
		22909	

---------------------------------
plain	jelly	coconut	honey-dip
23014				
23015				
	22958			
			23026
23016				
23017				
		23078		
	22959			
			23027
			23028
	22960			
		23079	

---------------------------------
plain	jelly	coconut	honey-dip
			23141
		23199		
23155				
	23085			
	23086			
			23142
			23143
		23200		
		23201		
		23202		
			23144
23156	

---------------------------------
plain	jelly	coconut	honey-dip
		23348		
			23287
		23349		
			23288
			23289
	23233			
			23290
	23234			
	23235			
	23236			
23276				
23277	

---------------------------------
plain	jelly	coconut	honey-dip
	23346			
		23474		
	23347			
			23382
	23348			
	23349			
			23383
		23475		
			23384
			23385
23386				
23387	

---------------------------------
plain	jelly	coconut	honey-dip
		23695		
		23696		
			23588
			23589
		23697		
	23555			
23590				
			23590
		23698		
			23591
23591				
23592	

---------------------------------
plain	jelly	coconut	honey-dip
	23715			
			23778
23780				
		23875		
		23876		
			23779
			23780
			23781
		23877		
			23782
	23716			
23781	

---------------------------------
plain	jelly	coconut	honey-dip
	23856			
		24023		
		24024		
		24025		
23896				
		24026		
23897				
23898				
	23857			
	23858			
		24027		
	23859	

---------------------------------
plain	jelly	coconut	honey-dip
24044				
24045				
	24013			
			24056
			24057
	24014			
	24015			
			24058
		24187		
	24016			
		24188		
	24017	

---------------------------------
plain	jelly	coconut	honey-dip
	24158			
			24183
		24326		
	24159			
			24184
	24160			
24173				
24174				
			24185
24175				
	24161			
	24162	

---------------------------------
plain	jelly	coconut	honey-dip
		24460		
24327				
		24461		
			24304
	24313			
			24305
	24314			
			24306
24328				
		24462		
			24307
24329	

---------------------------------
plain	jelly	coconut	honey-dip
24464				
		24584		
	24431			
			24417
		24585		
24465				
		24586		
		24587		
		24588		
24466				
24467				
	24432	

---------------------------------
plain	jelly	coconut	honey-dip
			24555
	24612			
	24613			
			24556
24619				
	24614			
		24758		
			24557
	24615			
	24616			
			24558
		24759	

---------------------------------
plain	jelly	coconut	honey-dip
24774				
24775				
			24714
		24896		
		24897		
	24772			
24776				
		24898		
		24899		
24777				
			24715
	24773	

---------------------------------
plain	jelly	coconut	honey-dip
24945				
24946				
		25026		
	24920			
24947				
		25027		
		25028		
24948				
24949				
			24877
24950				
	24921	

---------------------------------
plain	jelly	coconut	honey-dip
25057				
	25068			
			25012
	25069			
25058				
	25070			
25059				
		25159		
		25160		
25060				
		25161		
		25162	

---------------------------------
plain	jelly	coconut	honey-dip
		25305		
			25146
		25306		
	25201			
25208				
	25202			
25209				
25210				
		25307		
	25203			
25211				
		25308	

---------------------------------
plain	jelly	coconut	honey-dip
			25275
		25457		
			25276
	25340			
25340				
		25458		
	25341			
		25459		
		25460		
		25461		
25341				
			25277


---------------------------------
plain	jelly	coconut	honey-dip
	25478			
25488				
25489				
	25479			
			25431
25490				
			25432
		25627		
25491				
	25480			
			25433
	25481	

---------------------------------
plain	jelly	coconut	honey-dip
			25561
25600				
			25562
	25609			
			25563
			25564
			25565
	25610			
25601				
			25566
25602				
	25611	

---------------------------------
plain	jelly	coconut	honey-dip
	25739			
25721				
25722				
		25876		
		25877		
		25878		
		25879		
25723				
		25880		
	25740			
			25696
	25741	

---------------------------------
plain	jelly	coconut	honey-dip
25876				
			25857
		26048		
		26049		
25877				
			25858
	25887			
		26050		
		26051		
		26052		
	25888			
			25859


---------------------------------
plain	jelly	coconut	honey-dip
		26177		
	26009			
			26006
		26178		
		26179		
	26010			
	26011			
			26007
	26012			
			26008
	26013			
		26180	

---------------------------------
plain	jelly	coconut	honey-dip
26338				
26339				
	26354			
26340				
26341				
		26540		
	26355			
	26356			
	26357			
		26541		
		26542		
26342	

---------------------------------
plain	jelly	coconut	honey-dip
		26684		
26440				
			26461
	26471			
	26472			
	26473			
		26685		
			26462
26441				
26442				
26443				
	26474	

---------------------------------
plain	jelly	coconut	honey-dip
		26753		
	26532			
		26754		
26526				
	26533			
26527				
	26534			
26528				
	26535			
	26536			
	26537			
26529	

---------------------------------
plain	jelly	coconut	honey-dip
26728				
	26715			
		26929		
26729				
26730				
			26704
26731				
	26716			
	26717			
		26930		
	26718			
26732	

---------------------------------
plain	jelly	coconut	honey-dip
	26846			
26843				
	26847			
	26848			
	26849			
26844				
		27051		
		27052		
			26828
	26850			
		27053		
			26829


---------------------------------
plain	jelly	coconut	honey-dip
	27014			
		27263		
			27010
	27015			
	27016			
			27011
	27017			
27049				
27050				
		27264		
			27012
27051	

---------------------------------
plain	jelly	coconut	honey-dip
			27132
27179				
			27133
			27134
			27135
			27136
27180				
27181				
	27124			
			27137
			27138
27182	

---------------------------------
plain	jelly	coconut	honey-dip
	27220			
27299				
		27482		
	27221			
	27222			
			27235
		27483		
	27223			
	27224			
			27236
			27237
	27225	

---------------------------------
plain	jelly	coconut	honey-dip
			27370
27446				
		27617		
			27371
	27343			
			27372
		27618		
			27373
		27619		
27447				
27448				
		27620	

---------------------------------
plain	jelly	coconut	honey-dip
		27714		
27563				
		27715		
	27446			
	27447			
			27461
27564				
27565				
27566				
		27716		
		27717		
			27462


---------------------------------
plain	jelly	coconut	honey-dip
	27541			
			27555
	27542			
		27797		
	27543			
	27544			
	27545			
	27546			
			27556
27663				
			27557
		27798	

---------------------------------
plain	jelly	coconut	honey-dip
			27727
		27961		
	27742			
			27728
27846				
27847				
			27729
	27743			
27848				
27849				
	27744			
27850	

---------------------------------
plain	jelly	coconut	honey-dip
		28048		
			27825
			27826
		28049		
		28050		
27925				
27926				
		28051		
		28052		
			27827
27927				
	27838	

---------------------------------
plain	jelly	coconut	honey-dip
	27970			
	27971			
	27972			
			27949
		28164		
	27973			
	27974			
28045				
		28165		
28046				
			27950
			27951


---------------------------------
plain	jelly	coconut	honey-dip
	28108			
		28276		
			28072
	28109			
			28073
	28110			
28176				
			28074
28177				
			28075
	28111			
	28112	

---------------------------------
plain	jelly	coconut	honey-dip
			28176
			28177
			28178
			28179
	28186			
	28187			
			28180
		28376		
28290				
			28181
			28182
28291	

