---------------------------------
plain	jelly	coconut	honey-dip
			1290
	1322			
		1304		
1268				
		1305		
		1306		
		1307		
	1323			
		1308		
	1324			
			1291
			1292


---------------------------------
plain	jelly	coconut	honey-dip
	1653			
		1638		
1605				
1606				
1607				
		1639		
			1644
1608				
1609				
	1654			
	1655			
1610	

---------------------------------
plain	jelly	coconut	honey-dip
1684				
			1724
1685				
	1737			
	1738			
			1725
		1719		
1686				
1687				
		1720		
1688				
			1726


---------------------------------
plain	jelly	coconut	honey-dip
1841				
1842				
		1856		
	1864			
	1865			
			1879
			1880
			1881
	1866			
	1867			
		1857		
			1882


---------------------------------
plain	jelly	coconut	honey-dip
		1924		
			1962
			1963
			1964
	1945			
1909				
			1965
			1966
	1946			
		1925		
			1967
			1968


---------------------------------
plain	jelly	coconut	honey-dip
	2047			
		2014		
			2065
2010				
2011				
			2066
2012				
		2015		
			2067
	2048			
2013				
	2049	

---------------------------------
plain	jelly	coconut	honey-dip
2094				
	2134			
		2115		
2095				
		2116		
2096				
			2153
		2117		
	2135			
		2118		
		2119		
			2154


---------------------------------
plain	jelly	coconut	honey-dip
	2269			
2214				
		2248		
			2281
2215				
	2270			
	2271			
2216				
2217				
		2249		
	2272			
			2282


---------------------------------
plain	jelly	coconut	honey-dip
2328				
	2366			
2329				
		2364		
	2367			
	2368			
2330				
			2386
	2369			
	2370			
		2365		
			2387


---------------------------------
plain	jelly	coconut	honey-dip
2452				
		2480		
		2481		
	2487			
			2493
			2494
	2488			
			2495
2453				
2454				
			2496
2455	

---------------------------------
plain	jelly	coconut	honey-dip
		2568		
			2599
2541				
	2588			
		2569		
2542				
			2600
			2601
			2602
		2570		
	2589			
	2590	

---------------------------------
plain	jelly	coconut	honey-dip
2656				
			2732
	2706			
2657				
		2694		
		2695		
2658				
			2733
2659				
2660				
2661				
2662	

---------------------------------
plain	jelly	coconut	honey-dip
		2815		
		2816		
		2817		
2770				
2771				
	2799			
	2800			
		2818		
2772				
2773				
			2848
		2819	

---------------------------------
plain	jelly	coconut	honey-dip
2933				
			2988
		2950		
	2937			
			2989
2934				
			2990
		2951		
			2991
2935				
			2992
			2993


---------------------------------
plain	jelly	coconut	honey-dip
3100				
3101				
3102				
	3087			
3103				
		3113		
	3088			
		3114		
		3115		
			3156
		3116		
3104	

---------------------------------
plain	jelly	coconut	honey-dip
			3305
			3306
	3212			
	3213			
			3307
3237				
	3214			
		3230		
	3215			
3238				
	3216			
	3217	

---------------------------------
plain	jelly	coconut	honey-dip
		3384		
		3385		
			3469
			3470
			3471
3401				
			3472
		3386		
			3473
			3474
		3387		
3402	

---------------------------------
plain	jelly	coconut	honey-dip
			3602
3531				
3532				
	3489			
	3490			
			3603
		3538		
			3604
3533				
		3539		
		3540		
	3491	

---------------------------------
plain	jelly	coconut	honey-dip
		3685		
			3723
3652				
	3628			
	3629			
			3724
	3630			
			3725
	3631			
3653				
			3726
3654	

---------------------------------
plain	jelly	coconut	honey-dip
			3836
		3783		
	3744			
3733				
		3784		
			3837
			3838
3734				
		3785		
	3745			
		3786		
			3839


---------------------------------
plain	jelly	coconut	honey-dip
	3957			
	3958			
3922				
3923				
			4034
	3959			
		3951		
	3960			
3924				
	3961			
			4035
			4036


---------------------------------
plain	jelly	coconut	honey-dip
	4076			
			4136
		4072		
			4137
4060				
			4138
	4077			
	4078			
			4139
			4140
4061				
4062	

---------------------------------
plain	jelly	coconut	honey-dip
			4237
4160				
	4160			
		4171		
			4238
	4161			
		4172		
		4173		
4161				
	4162			
		4174		
			4239


---------------------------------
plain	jelly	coconut	honey-dip
	4344			
	4345			
	4346			
			4413
4331				
			4414
		4348		
	4347			
4332				
	4348			
		4349		
	4349	

---------------------------------
plain	jelly	coconut	honey-dip
		4462		
	4466			
			4539
			4540
			4541
			4542
	4467			
4449				
4450				
			4543
	4468			
	4469	

---------------------------------
plain	jelly	coconut	honey-dip
	4675			
		4683		
4667				
4668				
4669				
			4755
		4684		
	4676			
	4677			
	4678			
4670				
	4679	

---------------------------------
plain	jelly	coconut	honey-dip
			4855
4806				
	4807			
			4856
		4780		
	4808			
4807				
	4809			
4808				
4809				
			4857
		4781	

---------------------------------
plain	jelly	coconut	honey-dip
4930				
	4939			
			4964
		4883		
		4884		
			4965
4931				
		4885		
4932				
		4886		
		4887		
		4888	

---------------------------------
plain	jelly	coconut	honey-dip
	5087			
			5137
		5056		
	5088			
			5138
		5057		
		5058		
	5089			
	5090			
			5139
5060				
5061	

---------------------------------
plain	jelly	coconut	honey-dip
			5272
			5273
		5228		
		5229		
			5274
		5230		
			5275
	5272			
5216				
		5231		
			5276
			5277


---------------------------------
plain	jelly	coconut	honey-dip
5341				
5342				
5343				
5344				
	5395			
		5346		
	5396			
5345				
	5397			
	5398			
5346				
			5398


---------------------------------
plain	jelly	coconut	honey-dip
5448				
5449				
5450				
	5494			
	5495			
		5436		
			5486
5451				
5452				
		5437		
5453				
		5438	

---------------------------------
plain	jelly	coconut	honey-dip
5571				
	5614			
	5615			
5572				
		5569		
		5570		
5573				
			5602
5574				
		5571		
			5603
			5604


---------------------------------
plain	jelly	coconut	honey-dip
		5670		
	5717			
			5691
		5671		
		5672		
		5673		
		5674		
5674				
			5692
		5675		
		5676		
		5677	

---------------------------------
plain	jelly	coconut	honey-dip
	5914			
	5915			
		5842		
5852				
5853				
		5843		
			5864
			5865
		5844		
5854				
			5866
			5867


---------------------------------
plain	jelly	coconut	honey-dip
			5998
5963				
			5999
		5961		
5964				
	6042			
			6000
5965				
		5962		
5966				
5967				
5968	

---------------------------------
plain	jelly	coconut	honey-dip
	6171			
6087				
		6075		
6088				
6089				
	6172			
			6123
6090				
			6124
		6076		
	6173			
			6125


---------------------------------
plain	jelly	coconut	honey-dip
			6260
	6314			
			6261
			6262
6207				
6208				
			6263
			6264
	6315			
	6316			
			6265
6209	

---------------------------------
plain	jelly	coconut	honey-dip
	6491			
	6492			
		6373		
		6374		
		6375		
			6430
6362				
		6376		
		6377		
	6493			
		6378		
	6494	

---------------------------------
plain	jelly	coconut	honey-dip
			6579
	6655			
			6580
			6581
6526				
		6532		
6527				
	6656			
		6533		
	6657			
			6582
6528	

---------------------------------
plain	jelly	coconut	honey-dip
	6757			
			6685
6655				
6656				
			6686
6657				
	6758			
	6759			
			6687
			6688
		6627		
		6628	

---------------------------------
plain	jelly	coconut	honey-dip
6790				
	6858			
	6859			
6791				
	6860			
6792				
	6861			
	6862			
	6863			
	6864			
			6827
			6828


---------------------------------
plain	jelly	coconut	honey-dip
			6961
		6858		
			6962
			6963
6934				
		6859		
6935				
			6964
		6860		
			6965
	6979			
	6980	

---------------------------------
plain	jelly	coconut	honey-dip
	7114			
			7106
7048				
	7115			
	7116			
		6980		
	7117			
			7107
			7108
			7109
		6981		
	7118	

---------------------------------
plain	jelly	coconut	honey-dip
	7241			
	7242			
		7097		
7163				
7164				
		7098		
			7251
			7252
		7099		
	7243			
		7100		
7165	

---------------------------------
plain	jelly	coconut	honey-dip
	7392			
		7261		
	7393			
7290				
			7385
		7262		
7291				
		7263		
7292				
7293				
	7394			
7294	

---------------------------------
plain	jelly	coconut	honey-dip
	7536			
	7537			
		7413		
	7538			
			7523
	7539			
	7540			
			7524
			7525
7420				
			7526
	7541	

---------------------------------
plain	jelly	coconut	honey-dip
			7636
7534				
		7512		
	7654			
			7637
			7638
	7655			
	7656			
	7657			
			7639
		7513		
			7640


---------------------------------
plain	jelly	coconut	honey-dip
			7791
		7644		
7655				
			7792
		7645		
			7793
			7794
	7786			
	7787			
			7795
7656				
	7788	

---------------------------------
plain	jelly	coconut	honey-dip
7895				
		7855		
		7856		
7896				
			8033
		7857		
			8034
7897				
			8035
			8036
	8017			
7898	

---------------------------------
plain	jelly	coconut	honey-dip
			8164
8019				
8020				
	8128			
	8129			
	8130			
	8131			
8021				
8022				
		7969		
	8132			
		7970	

---------------------------------
plain	jelly	coconut	honey-dip
	8248			
	8249			
			8271
		8084		
		8085		
	8250			
	8251			
		8086		
			8272
			8273
		8087		
		8088	

---------------------------------
plain	jelly	coconut	honey-dip
	8419			
	8420			
		8244		
		8245		
		8246		
		8247		
			8424
			8425
		8248		
8285				
			8426
8286	

---------------------------------
plain	jelly	coconut	honey-dip
8501				
		8440		
			8628
			8629
8502				
		8441		
			8630
8503				
	8631			
		8442		
	8632			
	8633	

---------------------------------
plain	jelly	coconut	honey-dip
8638				
8639				
8640				
	8748			
			8755
8641				
	8749			
			8756
8642				
			8757
8643				
		8587	

---------------------------------
plain	jelly	coconut	honey-dip
			8866
	8865			
	8866			
			8867
			8868
			8869
		8707		
			8870
		8708		
8734				
		8709		
8735	

---------------------------------
plain	jelly	coconut	honey-dip
8859				
			8991
	8993			
			8992
	8994			
		8833		
8860				
8861				
		8834		
8862				
8863				
	8995	

---------------------------------
plain	jelly	coconut	honey-dip
	9097			
8970				
		8944		
8971				
		8945		
			9109
	9098			
	9099			
		8946		
		8947		
		8948		
	9100	

---------------------------------
plain	jelly	coconut	honey-dip
9138				
		9107		
		9108		
		9109		
9139				
			9285
		9110		
		9111		
			9286
			9287
	9262			
		9112	

---------------------------------
plain	jelly	coconut	honey-dip
	9507			
9359				
9360				
	9508			
	9509			
		9354		
			9508
			9509
			9510
9361				
	9510			
	9511	

---------------------------------
plain	jelly	coconut	honey-dip
	9594			
	9595			
9468				
		9452		
9469				
		9453		
			9610
			9611
			9612
9470				
	9596			
			9613


---------------------------------
plain	jelly	coconut	honey-dip
9723				
9724				
			9844
			9845
			9846
9725				
		9698		
		9699		
	9843			
9726				
		9700		
	9844	

---------------------------------
plain	jelly	coconut	honey-dip
	10052			
	10053			
9902				
		9895		
			10027
			10028
			10029
		9896		
		9897		
	10054			
			10030
	10055	

---------------------------------
plain	jelly	coconut	honey-dip
10028				
10029				
			10168
		10042		
	10190			
10030				
10031				
10032				
10033				
			10169
			10170
	10191	

---------------------------------
plain	jelly	coconut	honey-dip
		10156		
10139				
10140				
		10157		
	10318			
10141				
		10158		
10142				
		10159		
	10319			
			10295
		10160	

---------------------------------
plain	jelly	coconut	honey-dip
10347				
			10516
10348				
			10517
10349				
10350				
	10560			
			10518
		10373		
		10374		
			10519
		10375	

---------------------------------
plain	jelly	coconut	honey-dip
		10498		
10485				
10486				
	10695			
10487				
10488				
	10696			
		10499		
	10697			
	10698			
			10646
		10500	

---------------------------------
plain	jelly	coconut	honey-dip
		10631		
		10632		
			10803
		10633		
10631				
		10634		
10632				
10633				
			10804
		10635		
			10805
10634	

---------------------------------
plain	jelly	coconut	honey-dip
	10968			
10783				
		10794		
			10931
		10795		
	10969			
			10932
			10933
	10970			
10784				
			10934
	10971	

---------------------------------
plain	jelly	coconut	honey-dip
		10923		
		10924		
			11066
10916				
10917				
		10925		
			11067
			11068
			11069
			11070
		10926		
			11071


---------------------------------
plain	jelly	coconut	honey-dip
		11064		
11042				
		11065		
			11211
			11212
11043				
	11251			
	11252			
			11213
			11214
		11066		
		11067	

---------------------------------
plain	jelly	coconut	honey-dip
	11400			
	11401			
		11215		
	11402			
11178				
		11216		
		11217		
11179				
11180				
		11218		
	11403			
11181	

---------------------------------
plain	jelly	coconut	honey-dip
			11521
11331				
11332				
	11541			
	11542			
		11363		
		11364		
			11522
	11543			
11333				
			11523
			11524


---------------------------------
plain	jelly	coconut	honey-dip
11672				
		11694		
	11859			
	11860			
			11851
11673				
	11861			
			11852
		11695		
	11862			
11674				
			11853


---------------------------------
plain	jelly	coconut	honey-dip
	11978			
			12001
		11819		
			12002
		11820		
11818				
11819				
		11821		
	11979			
	11980			
		11822		
		11823	

---------------------------------
plain	jelly	coconut	honey-dip
		11961		
11955				
11956				
	12096			
	12097			
11957				
		11962		
	12098			
		11963		
11958				
11959				
		11964	

---------------------------------
plain	jelly	coconut	honey-dip
	12260			
			12282
12128				
		12110		
	12261			
		12111		
		12112		
			12283
12129				
12130				
	12262			
	12263	

---------------------------------
plain	jelly	coconut	honey-dip
		12236		
			12398
12241				
		12237		
			12399
			12400
	12373			
12242				
12243				
	12374			
			12401
			12402


---------------------------------
plain	jelly	coconut	honey-dip
		12355		
		12356		
			12550
	12474			
		12357		
		12358		
	12475			
		12359		
12373				
12374				
	12476			
12375	

---------------------------------
plain	jelly	coconut	honey-dip
			12710
12507				
12508				
			12711
			12712
12509				
	12617			
		12518		
		12519		
12510				
12511				
12512	

---------------------------------
plain	jelly	coconut	honey-dip
	12724			
12657				
		12658		
			12829
		12659		
12658				
12659				
			12830
12660				
	12725			
		12660		
	12726	

---------------------------------
plain	jelly	coconut	honey-dip
			12936
			12937
	12865			
		12765		
		12766		
			12938
	12866			
12794				
			12939
		12767		
	12867			
	12868	

---------------------------------
plain	jelly	coconut	honey-dip
	12969			
			13077
12941				
			13078
	12970			
		12901		
12942				
12943				
			13079
		12902		
			13080
		12903	

---------------------------------
plain	jelly	coconut	honey-dip
	13108			
		13060		
		13061		
			13208
		13062		
	13109			
			13209
			13210
	13110			
13088				
			13211
			13212


---------------------------------
plain	jelly	coconut	honey-dip
	13267			
13220				
13221				
			13350
	13268			
	13269			
	13270			
			13351
	13271			
	13272			
13222				
13223	

---------------------------------
plain	jelly	coconut	honey-dip
			13464
		13281		
	13369			
		13282		
13334				
13335				
	13370			
	13371			
13336				
			13465
		13283		
	13372	

---------------------------------
plain	jelly	coconut	honey-dip
	13510			
		13417		
			13592
			13593
13481				
13482				
13483				
			13594
		13418		
13484				
		13419		
13485	

---------------------------------
plain	jelly	coconut	honey-dip
	13650			
13635				
	13651			
		13547		
13636				
		13548		
13637				
13638				
	13652			
13639				
			13732
	13653	

---------------------------------
plain	jelly	coconut	honey-dip
		13653		
		13654		
13749				
	13769			
			13849
			13850
13750				
		13655		
	13770			
13751				
13752				
13753	

---------------------------------
plain	jelly	coconut	honey-dip
	13921			
13894				
			14007
			14008
	13922			
		13810		
			14009
			14010
13895				
13896				
	13923			
			14011


---------------------------------
plain	jelly	coconut	honey-dip
	14039			
			14140
			14141
			14142
		13926		
13995				
	14040			
			14143
			14144
	14041			
13996				
	14042	

---------------------------------
plain	jelly	coconut	honey-dip
		14049		
	14147			
		14050		
		14051		
		14052		
14099				
			14249
		14053		
			14250
14100				
	14148			
			14251


---------------------------------
plain	jelly	coconut	honey-dip
	14303			
		14214		
14252				
	14304			
	14305			
	14306			
14253				
14254				
		14215		
		14216		
			14423
	14307	

---------------------------------
plain	jelly	coconut	honey-dip
		14356		
	14434			
14383				
		14357		
14384				
			14559
		14358		
		14359		
		14360		
	14435			
			14560
	14436	

---------------------------------
plain	jelly	coconut	honey-dip
			14703
	14578			
14528				
		14523		
		14524		
14529				
		14525		
			14704
			14705
14530				
			14706
	14579	

---------------------------------
plain	jelly	coconut	honey-dip
14725				
			14929
			14930
		14735		
	14795			
	14796			
			14931
			14932
	14797			
14726				
			14933
			14934


---------------------------------
plain	jelly	coconut	honey-dip
14855				
		14868		
14856				
			15052
		14869		
	14913			
	14914			
			15053
	14915			
		14870		
			15054
			15055


---------------------------------
plain	jelly	coconut	honey-dip
			15215
			15216
	15091			
		15053		
			15217
15037				
	15092			
15038				
		15054		
	15093			
	15094			
15039	

---------------------------------
plain	jelly	coconut	honey-dip
			15335
			15336
		15188		
	15195			
15170				
15171				
			15337
			15338
	15196			
	15197			
			15339
15172	

---------------------------------
plain	jelly	coconut	honey-dip
		15296		
			15432
15278				
15279				
15280				
	15326			
15281				
		15297		
	15327			
		15298		
		15299		
		15300	

---------------------------------
plain	jelly	coconut	honey-dip
	15495			
		15466		
			15611
	15496			
		15467		
15420				
			15612
15421				
15422				
15423				
		15468		
	15497	

---------------------------------
plain	jelly	coconut	honey-dip
		15620		
		15621		
			15742
15576				
	15618			
15577				
15578				
		15622		
		15623		
			15743
	15619			
15579	

---------------------------------
plain	jelly	coconut	honey-dip
15706				
	15758			
15707				
		15759		
15708				
15709				
		15760		
		15761		
	15759			
			15873
			15874
15710	

---------------------------------
plain	jelly	coconut	honey-dip
15839				
			16000
15840				
	15894			
15841				
15842				
		15903		
		15904		
			16001
		15905		
15843				
			16002


---------------------------------
plain	jelly	coconut	honey-dip
	16035			
			16122
	16036			
15985				
			16123
			16124
15986				
		16022		
	16037			
			16125
	16038			
			16126


---------------------------------
plain	jelly	coconut	honey-dip
16098				
		16128		
	16148			
	16149			
		16129		
		16130		
			16234
		16131		
16099				
			16235
	16150			
		16132	

---------------------------------
plain	jelly	coconut	honey-dip
		16407		
16355				
		16408		
	16405			
16356				
			16497
	16406			
16357				
	16407			
		16409		
16358				
		16410	

---------------------------------
plain	jelly	coconut	honey-dip
16498				
16499				
16500				
16501				
		16565		
	16573			
16502				
		16566		
		16567		
16503				
		16568		
	16574	

---------------------------------
plain	jelly	coconut	honey-dip
	16768			
			16838
	16769			
			16839
			16840
16700				
		16738		
	16770			
16701				
		16739		
	16771			
16702	

---------------------------------
plain	jelly	coconut	honey-dip
16858				
		16866		
			16959
		16867		
16859				
		16868		
			16960
	16889			
	16890			
	16891			
		16869		
16860	

---------------------------------
plain	jelly	coconut	honey-dip
17000				
	17030			
		17024		
		17025		
	17031			
	17032			
		17026		
17001				
		17027		
		17028		
			17094
	17033	

---------------------------------
plain	jelly	coconut	honey-dip
17145				
		17208		
	17186			
17146				
17147				
17148				
	17187			
			17245
			17246
			17247
		17209		
			17248


---------------------------------
plain	jelly	coconut	honey-dip
17282				
	17309			
17283				
	17310			
			17376
17284				
	17311			
17285				
			17377
		17345		
	17312			
17286	

---------------------------------
plain	jelly	coconut	honey-dip
	17412			
		17473		
17393				
			17478
	17413			
			17479
			17480
		17474		
			17481
17394				
	17414			
	17415	

---------------------------------
plain	jelly	coconut	honey-dip
		17583		
	17548			
	17549			
17504				
	17550			
	17551			
	17552			
		17584		
			17601
	17553			
	17554			
	17555	

---------------------------------
plain	jelly	coconut	honey-dip
	17675			
		17711		
		17712		
		17713		
			17730
			17731
			17732
			17733
			17734
			17735
	17676			
		17714	

---------------------------------
plain	jelly	coconut	honey-dip
	17814			
		17859		
			17867
		17860		
17800				
		17861		
17801				
		17862		
17802				
	17815			
	17816			
		17863	

---------------------------------
plain	jelly	coconut	honey-dip
			17983
	17951			
17943				
		18003		
		18004		
	17952			
17944				
	17953			
			17984
			17985
17945				
			17986


---------------------------------
plain	jelly	coconut	honey-dip
			18195
			18196
		18207		
			18197
		18208		
			18198
18146				
	18172			
18147				
18148				
	18173			
18149	

---------------------------------
plain	jelly	coconut	honey-dip
18288				
		18330		
		18331		
18289				
18290				
18291				
	18308			
		18332		
18292				
			18310
18293				
	18309	

---------------------------------
plain	jelly	coconut	honey-dip
18430				
	18449			
			18462
	18450			
	18451			
		18483		
18431				
			18463
18432				
			18464
			18465
	18452	

---------------------------------
plain	jelly	coconut	honey-dip
		18599		
			18552
		18600		
18549				
18550				
			18553
			18554
18551				
		18601		
		18602		
18552				
			18555


---------------------------------
plain	jelly	coconut	honey-dip
18731				
		18790		
	18738			
		18791		
18732				
			18753
	18739			
	18740			
			18754
	18741			
18733				
		18792	

---------------------------------
plain	jelly	coconut	honey-dip
18894				
18895				
	18897			
		18930		
		18931		
18896				
			18891
18897				
			18892
			18893
		18932		
			18894


---------------------------------
plain	jelly	coconut	honey-dip
		19074		
	19018			
19049				
			19035
			19036
			19037
		19075		
			19038
	19019			
19050				
	19020			
		19076	

---------------------------------
plain	jelly	coconut	honey-dip
19180				
19181				
		19211		
19182				
	19168			
	19169			
		19212		
19183				
			19181
	19170			
19184				
19185	

---------------------------------
plain	jelly	coconut	honey-dip
	19265			
			19314
	19266			
	19267			
		19342		
		19343		
	19268			
		19344		
	19269			
	19270			
			19315
19311	

---------------------------------
plain	jelly	coconut	honey-dip
	19390			
19448				
			19455
19449				
		19467		
19450				
	19391			
	19392			
			19456
		19468		
			19457
19451	

---------------------------------
plain	jelly	coconut	honey-dip
			19586
		19589		
19583				
		19590		
		19591		
19584				
19585				
	19518			
	19519			
		19592		
19586				
			19587


---------------------------------
plain	jelly	coconut	honey-dip
		19811		
	19718			
		19812		
19788				
			19799
			19800
		19813		
			19801
		19814		
		19815		
19789				
		19816	

---------------------------------
plain	jelly	coconut	honey-dip
		19966		
19937				
	19857			
			19944
	19858			
			19945
	19859			
		19967		
	19860			
			19946
19938				
19939	

---------------------------------
plain	jelly	coconut	honey-dip
		20082		
		20083		
		20084		
20057				
	20001			
			20104
		20085		
			20105
			20106
20058				
		20086		
			20107


---------------------------------
plain	jelly	coconut	honey-dip
		20243		
			20242
20212				
	20171			
	20172			
	20173			
20213				
20214				
20215				
			20243
		20244		
	20174	

---------------------------------
plain	jelly	coconut	honey-dip
		20384		
	20300			
20347				
		20385		
		20386		
20348				
	20301			
			20377
		20387		
		20388		
	20302			
			20378


---------------------------------
plain	jelly	coconut	honey-dip
		20549		
	20440			
	20441			
			20541
		20550		
		20551		
20490				
	20442			
			20542
		20552		
20491				
		20553	

---------------------------------
plain	jelly	coconut	honey-dip
			20750
20708				
20709				
20710				
	20650			
	20651			
		20776		
		20777		
			20751
20711				
			20752
20712	

---------------------------------
plain	jelly	coconut	honey-dip
20857				
	20761			
			20880
		20902		
		20903		
	20762			
		20904		
	20763			
20858				
20859				
			20881
		20905	

---------------------------------
plain	jelly	coconut	honey-dip
		21030		
20996				
	20877			
20997				
		21031		
		21032		
20998				
	20878			
			21013
20999				
			21014
21000	

---------------------------------
plain	jelly	coconut	honey-dip
	21026			
		21171		
		21172		
		21173		
			21149
	21027			
			21150
21134				
	21028			
		21174		
		21175		
	21029	

---------------------------------
plain	jelly	coconut	honey-dip
		21333		
			21316
	21179			
	21180			
			21317
	21181			
			21318
	21182			
			21319
		21334		
	21183			
		21335	

---------------------------------
plain	jelly	coconut	honey-dip
		21471		
	21318			
			21453
		21472		
	21319			
	21320			
	21321			
		21473		
			21454
			21455
		21474		
		21475	

---------------------------------
plain	jelly	coconut	honey-dip
		21760		
21745				
			21740
	21599			
		21761		
			21741
	21600			
	21601			
			21742
21746				
	21602			
21747	

---------------------------------
plain	jelly	coconut	honey-dip
		21887		
		21888		
	21731			
			21865
	21732			
			21866
			21867
21865				
21866				
		21889		
	21733			
	21734	

---------------------------------
plain	jelly	coconut	honey-dip
	21867			
		22042		
22000				
22001				
	21868			
		22043		
		22044		
	21869			
	21870			
	21871			
22002				
	21872	

---------------------------------
plain	jelly	coconut	honey-dip
			22118
22128				
		22166		
	22016			
22129				
			22119
		22167		
			22120
			22121
	22017			
22130				
	22018	

---------------------------------
plain	jelly	coconut	honey-dip
	22146			
22248				
			22244
		22306		
	22147			
	22148			
		22307		
			22245
22249				
22250				
		22308		
			22246


---------------------------------
plain	jelly	coconut	honey-dip
	22284			
	22285			
			22361
22381				
		22458		
			22362
	22286			
		22459		
			22363
		22460		
22382				
		22461	

---------------------------------
plain	jelly	coconut	honey-dip
	22431			
	22432			
		22593		
22534				
22535				
	22433			
		22594		
	22434			
		22595		
	22435			
			22526
22536	

---------------------------------
plain	jelly	coconut	honey-dip
		22734		
		22735		
		22736		
22670				
	22597			
			22659
			22660
			22661
22671				
			22662
			22663
		22737	

---------------------------------
plain	jelly	coconut	honey-dip
			22801
			22802
			22803
		22867		
			22804
22816				
			22805
			22806
			22807
	22764			
		22868		
22817	

---------------------------------
plain	jelly	coconut	honey-dip
		22971		
		22972		
		22973		
		22974		
22929				
	22873			
22930				
		22975		
		22976		
		22977		
	22874			
		22978	

---------------------------------
plain	jelly	coconut	honey-dip
23174				
		23229		
23175				
23176				
		23230		
23177				
			23165
23178				
23179				
	23108			
		23231		
			23166


---------------------------------
plain	jelly	coconut	honey-dip
			23310
		23369		
			23311
23298				
23299				
23300				
23301				
			23312
23302				
23303				
23304				
	23263	

---------------------------------
plain	jelly	coconut	honey-dip
			23397
	23362			
23399				
23400				
23401				
			23398
			23399
23402				
	23363			
		23490		
23403				
		23491	

---------------------------------
plain	jelly	coconut	honey-dip
		23592		
23500				
23501				
	23458			
			23494
23502				
	23459			
		23593		
			23495
23503				
23504				
		23594	

---------------------------------
plain	jelly	coconut	honey-dip
		23736		
		23737		
23635				
	23597			
23636				
			23628
23637				
	23598			
23638				
23639				
			23629
		23738	

---------------------------------
plain	jelly	coconut	honey-dip
			23838
			23839
23832				
			23840
	23775			
			23841
23833				
	23776			
	23777			
			23842
23834				
	23778	

---------------------------------
plain	jelly	coconut	honey-dip
		24102		
	23941			
23968				
23969				
			23989
		24103		
		24104		
	23942			
	23943			
		24105		
	23944			
	23945	

---------------------------------
plain	jelly	coconut	honey-dip
24107				
			24119
		24249		
			24120
		24250		
24108				
24109				
			24121
24110				
	24089			
24111				
	24090	

---------------------------------
plain	jelly	coconut	honey-dip
			24275
24282				
24283				
24284				
			24276
		24405		
	24274			
	24275			
	24276			
			24277
24285				
			24278


---------------------------------
plain	jelly	coconut	honey-dip
		24531		
	24388			
	24389			
			24366
			24367
	24390			
24419				
	24391			
	24392			
	24393			
		24532		
	24394	

---------------------------------
plain	jelly	coconut	honey-dip
		24696		
			24500
24552				
	24532			
			24501
	24533			
			24502
		24697		
			24503
		24698		
			24504
	24534	

---------------------------------
plain	jelly	coconut	honey-dip
24682				
			24629
	24691			
24683				
		24818		
24684				
	24692			
24685				
	24693			
			24630
	24694			
		24819	

---------------------------------
plain	jelly	coconut	honey-dip
		25019		
			24863
24935				
			24864
			24865
24936				
24937				
		25020		
		25021		
	24915			
		25022		
		25023	

---------------------------------
plain	jelly	coconut	honey-dip
			25027
			25028
	25083			
25072				
		25174		
25073				
	25084			
			25029
25074				
25075				
		25175		
		25176	

---------------------------------
plain	jelly	coconut	honey-dip
			25156
	25216			
		25315		
		25316		
25221				
		25317		
			25157
		25318		
		25319		
25222				
		25320		
	25217	

---------------------------------
plain	jelly	coconut	honey-dip
	25361			
25365				
25366				
25367				
25368				
			25306
			25307
			25308
	25362			
			25309
		25488		
		25489	

---------------------------------
plain	jelly	coconut	honey-dip
			25434
			25435
			25436
	25482			
		25628		
25492				
		25629		
25493				
			25437
	25483			
			25438
			25439


---------------------------------
plain	jelly	coconut	honey-dip
			25569
	25626			
	25627			
		25767		
	25628			
			25570
	25629			
	25630			
25614				
	25631			
		25768		
			25571


---------------------------------
plain	jelly	coconut	honey-dip
			25729
	25767			
		25913		
	25768			
		25914		
	25769			
		25915		
	25770			
		25916		
			25730
	25771			
25755	

---------------------------------
plain	jelly	coconut	honey-dip
25908				
			25899
			25900
		26076		
		26077		
		26078		
	25917			
		26079		
		26080		
25909				
25910				
		26081	

---------------------------------
plain	jelly	coconut	honey-dip
	26059			
26039				
		26225		
	26060			
26040				
			26029
		26226		
			26030
26041				
			26031
26042				
		26227	

---------------------------------
plain	jelly	coconut	honey-dip
			26148
		26354		
		26355		
			26149
			26150
26145				
		26356		
	26149			
26146				
		26357		
			26151
		26358	

---------------------------------
plain	jelly	coconut	honey-dip
	26250			
	26251			
26244				
			26254
26245				
			26255
26246				
			26256
	26252			
	26253			
	26254			
			26257


---------------------------------
plain	jelly	coconut	honey-dip
	26497			
		26714		
26480				
	26498			
		26715		
26481				
	26499			
			26485
			26486
	26500			
26482				
26483	

---------------------------------
plain	jelly	coconut	honey-dip
			26593
	26617			
			26594
		26830		
		26831		
			26595
26628				
			26596
			26597
	26618			
			26598
	26619	

---------------------------------
plain	jelly	coconut	honey-dip
		26939		
		26940		
	26723			
26738				
	26724			
26739				
	26725			
26740				
			26712
			26713
26741				
	26726	

---------------------------------
plain	jelly	coconut	honey-dip
	26839			
	26840			
26837				
26838				
	26841			
		27048		
	26842			
			26820
	26843			
			26821
			26822
26839	

---------------------------------
plain	jelly	coconut	honey-dip
26988				
26989				
	26982			
		27211		
26990				
26991				
			26975
	26983			
26992				
		27212		
26993				
		27213	

---------------------------------
plain	jelly	coconut	honey-dip
		27354		
	27097			
		27355		
27147				
	27098			
27148				
		27356		
	27099			
	27100			
	27101			
	27102			
	27103	

---------------------------------
plain	jelly	coconut	honey-dip
27307				
	27233			
	27234			
27308				
	27235			
	27236			
			27252
			27253
27309				
			27254
	27237			
	27238	

---------------------------------
plain	jelly	coconut	honey-dip
27474				
			27394
			27395
27475				
	27370			
	27371			
			27396
27476				
			27397
		27646		
	27372			
			27398


---------------------------------
plain	jelly	coconut	honey-dip
	27481			
			27484
		27743		
27596				
			27485
	27482			
	27483			
	27484			
	27485			
		27744		
	27486			
			27486


---------------------------------
plain	jelly	coconut	honey-dip
27728				
	27606			
		27835		
			27615
			27616
		27836		
		27837		
			27617
27729				
	27607			
27730				
27731	

---------------------------------
plain	jelly	coconut	honey-dip
			27700
	27717			
			27701
		27942		
27833				
	27718			
	27719			
	27720			
	27721			
			27702
	27722			
			27703


---------------------------------
plain	jelly	coconut	honey-dip
	27844			
	27845			
27935				
		28058		
27936				
	27846			
			27835
	27847			
27937				
27938				
	27848			
			27836


---------------------------------
plain	jelly	coconut	honey-dip
	28034			
28094				
			28005
	28035			
			28006
28095				
	28036			
		28211		
28096				
	28037			
	28038			
	28039	

---------------------------------
plain	jelly	coconut	honey-dip
	28211			
		28403		
28322				
	28212			
	28213			
28323				
	28214			
28324				
		28404		
28325				
	28215			
			28212


---------------------------------
plain	jelly	coconut	honey-dip
28477				
			28327
	28356			
		28528		
28478				
	28357			
			28328
	28358			
		28529		
	28359			
28479				
		28530	

---------------------------------
plain	jelly	coconut	honey-dip
	28431			
	28432			
			28408
		28633		
	28433			
	28434			
			28409
28576				
			28410
			28411
			28412
	28435	

---------------------------------
plain	jelly	coconut	honey-dip
			28494
		28732		
			28495
			28496
			28497
			28498
28669				
			28499
			28500
			28501
	28525			
	28526	

---------------------------------
plain	jelly	coconut	honey-dip
	28613			
		28828		
	28614			
28778				
	28615			
		28829		
28779				
			28597
			28598
			28599
	28616			
28780	

---------------------------------
plain	jelly	coconut	honey-dip
		28916		
		28917		
			28684
			28685
	28698			
		28918		
28866				
28867				
	28699			
		28919		
28868				
		28920	

---------------------------------
plain	jelly	coconut	honey-dip
		28996		
		28997		
		28998		
			28763
			28764
	28770			
	28771			
		28999		
	28772			
28935				
		29000		
			28765


---------------------------------
plain	jelly	coconut	honey-dip
29001				
	28842			
	28843			
			28835
29002				
			28836
29003				
29004				
		29086		
		29087		
			28837
			28838


---------------------------------
plain	jelly	coconut	honey-dip
			28945
			28946
			28947
	28920			
29084				
			28948
		29151		
29085				
		29152		
	28921			
			28949
29086	

---------------------------------
plain	jelly	coconut	honey-dip
	28974			
	28975			
			29012
		29212		
			29013
		29213		
			29014
29154				
	28976			
29155				
		29214		
		29215	

---------------------------------
plain	jelly	coconut	honey-dip
29295				
	29122			
			29176
		29359		
			29177
			29178
	29123			
29296				
		29360		
			29179
			29180
	29124	

---------------------------------
plain	jelly	coconut	honey-dip
29378				
29379				
		29425		
		29426		
			29247
			29248
		29427		
29380				
	29178			
			29249
	29179			
29381	

---------------------------------
plain	jelly	coconut	honey-dip
			29307
	29232			
			29308
	29233			
29441				
		29476		
			29309
	29234			
			29310
29442				
			29311
	29235	

