---------------------------------
plain	jelly	coconut	honey-dip
2159				
		2190		
	2202			
			2221
	2203			
	2204			
			2222
	2205			
2160				
2161				
			2223
		2191	

---------------------------------
plain	jelly	coconut	honey-dip
		2527		
	2546			
			2553
			2554
			2555
			2556
		2528		
	2547			
2502				
2503				
			2557
		2529	

---------------------------------
plain	jelly	coconut	honey-dip
		2648		
			2679
2602				
2603				
2604				
		2649		
		2650		
		2651		
			2680
2605				
	2655			
	2656	

---------------------------------
plain	jelly	coconut	honey-dip
	2766			
			2796
			2797
		2770		
			2798
		2771		
		2772		
			2799
	2767			
		2773		
	2768			
			2800


---------------------------------
plain	jelly	coconut	honey-dip
2869				
			2933
2870				
2871				
2872				
		2895		
2873				
2874				
2875				
	2883			
		2896		
2876	

---------------------------------
plain	jelly	coconut	honey-dip
		3073		
			3108
	3048			
		3074		
3059				
		3075		
			3109
	3049			
	3050			
			3110
	3051			
			3111


---------------------------------
plain	jelly	coconut	honey-dip
		3189		
	3162			
			3246
			3247
3195				
			3248
			3249
3196				
		3190		
3197				
		3191		
			3250


---------------------------------
plain	jelly	coconut	honey-dip
3317				
	3287			
	3288			
	3289			
3318				
		3282		
	3290			
	3291			
		3283		
	3292			
		3284		
	3293	

---------------------------------
plain	jelly	coconut	honey-dip
3433				
3434				
			3498
			3499
			3500
		3423		
		3424		
	3398			
3435				
		3425		
3436				
		3426	

---------------------------------
plain	jelly	coconut	honey-dip
			3623
			3624
			3625
			3626
	3525			
3558				
3559				
	3526			
		3574		
3560				
		3575		
3561	

---------------------------------
plain	jelly	coconut	honey-dip
	3659			
		3715		
	3660			
			3773
	3661			
3673				
3674				
	3662			
		3716		
		3717		
3675				
3676	

---------------------------------
plain	jelly	coconut	honey-dip
	3853			
			3942
	3854			
			3943
	3855			
			3944
			3945
3833				
		3864		
			3946
			3947
3834	

---------------------------------
plain	jelly	coconut	honey-dip
3992				
	4012			
		4019		
	4013			
	4014			
3993				
			4093
			4094
3994				
	4015			
	4016			
		4020	

---------------------------------
plain	jelly	coconut	honey-dip
	4140			
	4141			
			4188
4125				
			4189
4126				
			4190
		4119		
	4142			
		4120		
		4121		
		4122	

---------------------------------
plain	jelly	coconut	honey-dip
		4315		
	4308			
	4309			
	4310			
	4311			
		4316		
			4378
		4317		
			4379
	4312			
			4380
4291	

---------------------------------
plain	jelly	coconut	honey-dip
4417				
4418				
	4433			
4419				
4420				
			4503
		4431		
			4504
4421				
4422				
			4505
		4432	

---------------------------------
plain	jelly	coconut	honey-dip
		4539		
		4540		
4543				
			4628
	4554			
4544				
	4555			
		4541		
			4629
4545				
		4542		
	4556	

---------------------------------
plain	jelly	coconut	honey-dip
4676				
4677				
	4691			
		4689		
			4760
		4690		
	4692			
			4761
	4693			
4678				
			4762
			4763


---------------------------------
plain	jelly	coconut	honey-dip
		4832		
4880				
4881				
4882				
4883				
			4924
	4888			
	4889			
4884				
4885				
		4833		
		4834	

---------------------------------
plain	jelly	coconut	honey-dip
4993				
4994				
			5058
		4978		
			5059
4995				
		4979		
	5011			
			5060
		4980		
			5061
4996	

---------------------------------
plain	jelly	coconut	honey-dip
5138				
	5184			
		5148		
			5206
			5207
	5185			
	5186			
	5187			
		5149		
5139				
		5150		
			5208


---------------------------------
plain	jelly	coconut	honey-dip
			5313
5262				
5263				
			5314
5264				
	5319			
			5315
			5316
		5274		
		5275		
			5317
			5318


---------------------------------
plain	jelly	coconut	honey-dip
			5451
5403				
	5447			
5404				
		5395		
5405				
5406				
			5452
	5448			
		5396		
		5397		
		5398	

---------------------------------
plain	jelly	coconut	honey-dip
	5600			
		5535		
5547				
		5536		
			5578
			5579
		5537		
			5580
5548				
			5581
5549				
5550	

---------------------------------
plain	jelly	coconut	honey-dip
			5686
			5687
	5710			
			5688
		5663		
			5689
	5711			
	5712			
		5664		
		5665		
		5666		
		5667	

---------------------------------
plain	jelly	coconut	honey-dip
	6046			
5971				
5972				
5973				
			6015
	6047			
			6016
		5968		
	6048			
5974				
			6017
		5969	

---------------------------------
plain	jelly	coconut	honey-dip
	6243			
6143				
		6133		
6144				
		6134		
			6201
		6135		
		6136		
	6244			
6145				
	6245			
6146	

---------------------------------
plain	jelly	coconut	honey-dip
		6286		
			6339
	6393			
			6340
6278				
6279				
		6287		
			6341
6280				
6281				
6282				
			6342


---------------------------------
plain	jelly	coconut	honey-dip
	6539			
		6409		
			6465
		6410		
		6411		
		6412		
		6413		
6399				
	6540			
	6541			
			6466
		6414	

---------------------------------
plain	jelly	coconut	honey-dip
			6604
6554				
6555				
			6605
	6679			
		6563		
			6606
6556				
	6680			
6557				
6558				
		6564	

---------------------------------
plain	jelly	coconut	honey-dip
			6755
6712				
	6809			
			6756
			6757
6713				
			6758
			6759
6714				
	6810			
6715				
		6688	

---------------------------------
plain	jelly	coconut	honey-dip
6836				
6837				
	6902			
	6903			
		6783		
6838				
6839				
	6904			
		6784		
			6875
	6905			
			6876


---------------------------------
plain	jelly	coconut	honey-dip
			7078
			7079
		6953		
	7090			
			7080
	7091			
	7092			
		6954		
7031				
7032				
		6955		
		6956	

---------------------------------
plain	jelly	coconut	honey-dip
		7085		
			7237
	7228			
	7229			
			7238
		7086		
			7239
			7240
		7087		
			7241
	7230			
7154	

---------------------------------
plain	jelly	coconut	honey-dip
	7371			
			7365
			7366
		7235		
		7236		
			7367
		7237		
7273				
7274				
7275				
7276				
	7372	

---------------------------------
plain	jelly	coconut	honey-dip
7393				
			7505
	7502			
		7384		
		7385		
		7386		
			7506
	7503			
		7387		
	7504			
			7507
	7505	

---------------------------------
plain	jelly	coconut	honey-dip
			7650
7542				
			7651
			7652
		7520		
			7653
	7672			
		7521		
		7522		
7543				
		7523		
			7654


---------------------------------
plain	jelly	coconut	honey-dip
	7805			
7674				
	7806			
			7819
7675				
	7807			
			7820
			7821
			7822
7676				
		7662		
			7823


---------------------------------
plain	jelly	coconut	honey-dip
			7940
7803				
		7776		
			7941
	7933			
			7942
7804				
		7777		
			7943
	7934			
			7944
7805	

---------------------------------
plain	jelly	coconut	honey-dip
			8056
		7888		
	8046			
			8057
7930				
7931				
		7889		
		7890		
		7891		
			8058
	8047			
			8059


---------------------------------
plain	jelly	coconut	honey-dip
		8038		
		8039		
8096				
			8231
		8040		
			8232
		8041		
	8203			
			8233
			8234
8097				
8098	

---------------------------------
plain	jelly	coconut	honey-dip
8237				
8238				
8239				
	8362			
8240				
			8379
		8190		
	8363			
	8364			
		8191		
		8192		
			8380


---------------------------------
plain	jelly	coconut	honey-dip
8366				
			8497
			8498
		8314		
	8507			
			8499
		8315		
		8316		
		8317		
			8500
		8318		
		8319	

---------------------------------
plain	jelly	coconut	honey-dip
8543				
	8669			
8544				
			8665
			8666
			8667
	8670			
8545				
8546				
8547				
			8668
		8479	

---------------------------------
plain	jelly	coconut	honey-dip
	8770			
8663				
	8771			
	8772			
8664				
			8772
		8607		
	8773			
	8774			
	8775			
	8776			
			8773


---------------------------------
plain	jelly	coconut	honey-dip
		8768		
	8939			
8799				
	8940			
		8769		
8800				
			8930
		8770		
	8941			
	8942			
	8943			
		8771	

---------------------------------
plain	jelly	coconut	honey-dip
		8966		
8987				
8988				
			9125
			9126
8989				
		8967		
8990				
			9127
		8968		
8991				
			9128


---------------------------------
plain	jelly	coconut	honey-dip
9124				
9125				
			9268
	9250			
			9269
		9090		
			9270
	9251			
	9252			
9126				
9127				
9128	

---------------------------------
plain	jelly	coconut	honey-dip
			9452
	9456			
	9457			
	9458			
	9459			
9306				
			9453
		9298		
	9460			
		9299		
		9300		
	9461	

---------------------------------
plain	jelly	coconut	honey-dip
		9517		
			9663
9536				
9537				
		9518		
		9519		
		9520		
9538				
	9660			
	9661			
	9662			
	9663	

---------------------------------
plain	jelly	coconut	honey-dip
9741				
		9719		
		9720		
	9868			
	9869			
	9870			
	9871			
		9721		
			9864
	9872			
	9873			
		9722	

---------------------------------
plain	jelly	coconut	honey-dip
9872				
	10020			
9873				
		9870		
9874				
9875				
			10006
			10007
		9871		
		9872		
	10021			
	10022	

---------------------------------
plain	jelly	coconut	honey-dip
	10159			
10001				
	10160			
	10161			
			10133
			10134
		10003		
			10135
	10162			
10002				
		10004		
	10163	

---------------------------------
plain	jelly	coconut	honey-dip
10121				
			10272
			10273
10122				
		10137		
		10138		
			10274
	10294			
			10275
10123				
10124				
			10276


---------------------------------
plain	jelly	coconut	honey-dip
		10263		
10245				
			10393
			10394
	10439			
10246				
	10440			
10247				
10248				
10249				
			10395
			10396


---------------------------------
plain	jelly	coconut	honey-dip
		10381		
	10568			
10356				
10357				
	10569			
		10382		
			10527
			10528
	10570			
		10383		
			10529
	10571	

---------------------------------
plain	jelly	coconut	honey-dip
			10661
		10512		
		10513		
		10514		
10502				
		10515		
	10709			
10503				
			10662
10504				
		10516		
			10663


---------------------------------
plain	jelly	coconut	honey-dip
	10860			
		10663		
	10861			
	10862			
10663				
		10664		
	10863			
	10864			
			10822
			10823
			10824
			10825


---------------------------------
plain	jelly	coconut	honey-dip
	11025			
		10851		
10838				
		10852		
10839				
			10978
10840				
			10979
			10980
		10853		
10841				
	11026	

---------------------------------
plain	jelly	coconut	honey-dip
10957				
		10986		
	11148			
			11129
10958				
		10987		
			11130
		10988		
10959				
			11131
10960				
10961	

---------------------------------
plain	jelly	coconut	honey-dip
	11281			
		11105		
			11259
		11106		
11079				
		11107		
	11282			
	11283			
11080				
		11108		
			11260
		11109	

---------------------------------
plain	jelly	coconut	honey-dip
	11458			
	11459			
		11269		
			11425
		11270		
			11426
			11427
			11428
			11429
	11460			
			11430
	11461	

---------------------------------
plain	jelly	coconut	honey-dip
	11589			
11361				
			11566
11362				
11363				
			11567
		11396		
11364				
		11397		
			11568
11365				
11366	

---------------------------------
plain	jelly	coconut	honey-dip
		11521		
		11522		
11480				
		11523		
11481				
11482				
		11524		
			11698
	11717			
11483				
		11525		
11484	

---------------------------------
plain	jelly	coconut	honey-dip
		11684		
			11838
11661				
		11685		
	11845			
		11686		
11662				
	11846			
	11847			
			11839
		11687		
	11848	

---------------------------------
plain	jelly	coconut	honey-dip
11823				
			12006
11824				
		11829		
11825				
			12007
		11830		
			12008
	11982			
	11983			
			12009
	11984	

---------------------------------
plain	jelly	coconut	honey-dip
	12072			
	12073			
		11921		
		11922		
		11923		
	12074			
		11924		
11918				
		11925		
			12113
		11926		
11919	

---------------------------------
plain	jelly	coconut	honey-dip
		12085		
		12086		
		12087		
	12232			
	12233			
			12254
12101				
		12088		
			12255
		12089		
	12234			
	12235	

---------------------------------
plain	jelly	coconut	honey-dip
		12232		
	12361			
			12394
	12362			
	12363			
	12364			
		12233		
			12395
12237				
	12365			
		12234		
	12366	

---------------------------------
plain	jelly	coconut	honey-dip
	12477			
12376				
12377				
12378				
12379				
			12551
			12552
12380				
			12553
			12554
			12555
		12360	

---------------------------------
plain	jelly	coconut	honey-dip
12483				
	12591			
	12592			
	12593			
			12688
	12594			
	12595			
		12494		
12484				
12485				
			12689
			12690


---------------------------------
plain	jelly	coconut	honey-dip
			12794
		12622		
		12623		
12617				
12618				
12619				
12620				
		12624		
		12625		
12621				
12622				
			12795


---------------------------------
plain	jelly	coconut	honey-dip
12865				
			13013
	12913			
		12845		
		12846		
12866				
			13014
			13015
		12847		
			13016
12867				
12868	

---------------------------------
plain	jelly	coconut	honey-dip
			13137
			13138
	13037			
	13038			
13015				
	13039			
13016				
		12975		
	13040			
			13139
		12976		
			13140


---------------------------------
plain	jelly	coconut	honey-dip
		13145		
		13146		
		13147		
13176				
	13206			
	13207			
13177				
		13148		
			13309
		13149		
	13208			
		13150	

---------------------------------
plain	jelly	coconut	honey-dip
13338				
		13287		
13339				
		13288		
	13377			
	13378			
		13289		
		13290		
		13291		
13340				
			13470
		13292	

---------------------------------
plain	jelly	coconut	honey-dip
			13635
13530				
	13548			
	13549			
13531				
13532				
		13455		
	13550			
		13456		
			13636
	13551			
		13457	

---------------------------------
plain	jelly	coconut	honey-dip
		13618		
			13809
		13619		
	13731			
	13732			
		13620		
			13810
	13733			
		13621		
			13811
13718				
13719	

---------------------------------
plain	jelly	coconut	honey-dip
			13968
	13883			
			13969
			13970
		13768		
	13884			
	13885			
13857				
13858				
		13769		
	13886			
13859	

---------------------------------
plain	jelly	coconut	honey-dip
	14019			
		13897		
		13898		
		13899		
			14116
			14117
	14020			
			14118
		13900		
			14119
	14021			
13984	

---------------------------------
plain	jelly	coconut	honey-dip
	14145			
		14044		
		14045		
	14146			
		14046		
			14246
		14047		
14097				
14098				
		14048		
			14247
			14248


---------------------------------
plain	jelly	coconut	honey-dip
		14196		
	14280			
			14407
			14408
	14281			
	14282			
	14283			
			14409
		14197		
14237				
			14410
	14284	

---------------------------------
plain	jelly	coconut	honey-dip
		14340		
	14412			
	14413			
14360				
			14536
	14414			
		14341		
		14342		
			14537
	14415			
14361				
14362	

---------------------------------
plain	jelly	coconut	honey-dip
		14476		
	14554			
		14477		
14510				
	14555			
			14672
	14556			
			14673
		14478		
	14557			
			14674
	14558	

---------------------------------
plain	jelly	coconut	honey-dip
		14643		
		14644		
14626				
		14645		
	14679			
			14804
14627				
			14805
		14646		
			14806
			14807
		14647	

---------------------------------
plain	jelly	coconut	honey-dip
		14804		
			14983
			14984
			14985
	14847			
14778				
			14986
	14848			
14779				
	14849			
	14850			
	14851	

---------------------------------
plain	jelly	coconut	honey-dip
	14948			
		14908		
		14909		
	14949			
		14910		
14893				
			15083
14894				
14895				
14896				
14897				
		14911	

---------------------------------
plain	jelly	coconut	honey-dip
15043				
		15056		
		15057		
15044				
			15223
			15224
	15098			
		15058		
15045				
15046				
		15059		
	15099	

---------------------------------
plain	jelly	coconut	honey-dip
15230				
15231				
15232				
15233				
		15257		
15234				
		15258		
		15259		
	15277			
	15278			
		15260		
			15388


---------------------------------
plain	jelly	coconut	honey-dip
	15437			
		15408		
		15409		
	15438			
		15410		
	15439			
			15540
	15440			
	15441			
	15442			
			15541
			15542


---------------------------------
plain	jelly	coconut	honey-dip
		15541		
			15682
15503				
			15683
			15684
	15566			
			15685
		15542		
		15543		
			15686
			15687
	15567	

---------------------------------
plain	jelly	coconut	honey-dip
		15686		
	15676			
	15677			
15625				
15626				
		15687		
	15678			
15627				
	15679			
15628				
	15680			
			15797


---------------------------------
plain	jelly	coconut	honey-dip
	15854			
15806				
		15859		
	15855			
		15860		
	15856			
	15857			
	15858			
			15973
	15859			
			15974
	15860	

---------------------------------
plain	jelly	coconut	honey-dip
	15996			
15952				
15953				
			16087
			16088
		15985		
			16089
15954				
		15986		
15955				
			16090
			16091


---------------------------------
plain	jelly	coconut	honey-dip
			16220
			16221
			16222
16079				
	16127			
	16128			
		16110		
			16223
	16129			
16080				
	16130			
	16131	

---------------------------------
plain	jelly	coconut	honey-dip
	16342			
	16343			
			16439
		16347		
	16344			
		16348		
16296				
16297				
16298				
	16345			
			16440
			16441


---------------------------------
plain	jelly	coconut	honey-dip
		16544		
	16541			
	16542			
		16545		
16476				
		16546		
			16607
			16608
		16547		
	16543			
			16609
			16610


---------------------------------
plain	jelly	coconut	honey-dip
	16690			
		16674		
			16752
	16691			
	16692			
			16753
16616				
	16693			
16617				
		16675		
		16676		
	16694	

---------------------------------
plain	jelly	coconut	honey-dip
	16826			
		16796		
	16827			
16764				
	16828			
			16886
			16887
			16888
16765				
16766				
		16797		
	16829	

---------------------------------
plain	jelly	coconut	honey-dip
		16924		
		16925		
	16942			
			17016
16918				
16919				
		16926		
	16943			
	16944			
		16927		
16920				
16921	

---------------------------------
plain	jelly	coconut	honey-dip
	17089			
			17151
			17152
	17090			
	17091			
			17153
17056				
			17154
		17092		
	17092			
			17155
	17093	

---------------------------------
plain	jelly	coconut	honey-dip
	17238			
		17280		
	17239			
			17306
17212				
			17307
			17308
			17309
			17310
	17240			
	17241			
			17311


---------------------------------
plain	jelly	coconut	honey-dip
	17354			
17340				
17341				
			17427
	17355			
	17356			
			17428
	17357			
		17407		
	17358			
	17359			
		17408	

---------------------------------
plain	jelly	coconut	honey-dip
			17546
17471				
			17547
			17548
	17490			
			17549
		17537		
17472				
			17550
		17538		
			17551
		17539	

---------------------------------
plain	jelly	coconut	honey-dip
			17739
		17718		
			17740
			17741
		17719		
		17720		
17662				
	17681			
			17742
	17682			
	17683			
			17743


---------------------------------
plain	jelly	coconut	honey-dip
	17812			
17797				
		17854		
17798				
17799				
		17855		
			17865
		17856		
	17813			
		17857		
			17866
		17858	

---------------------------------
plain	jelly	coconut	honey-dip
		18000		
17939				
		18001		
17940				
		18002		
	17947			
			17982
	17948			
	17949			
17941				
17942				
	17950	

---------------------------------
plain	jelly	coconut	honey-dip
	18133			
		18181		
	18134			
			18168
			18169
		18182		
18118				
			18170
	18135			
		18183		
18119				
18120	

---------------------------------
plain	jelly	coconut	honey-dip
		18321		
18271				
	18297			
			18299
	18298			
18272				
		18322		
18273				
18274				
			18300
		18323		
18275	

---------------------------------
plain	jelly	coconut	honey-dip
18418				
18419				
	18438			
18420				
	18439			
			18453
18421				
	18440			
			18454
18422				
18423				
	18441	

---------------------------------
plain	jelly	coconut	honey-dip
			18538
	18526			
			18539
		18575		
		18576		
18533				
	18527			
		18577		
	18528			
18534				
		18578		
18535	

---------------------------------
plain	jelly	coconut	honey-dip
		18738		
			18688
		18739		
	18666			
			18689
		18740		
			18690
		18741		
			18691
	18667			
			18692
		18742	

---------------------------------
plain	jelly	coconut	honey-dip
			18846
	18821			
	18822			
18834				
			18847
18835				
	18823			
	18824			
			18848
	18825			
18836				
18837	

---------------------------------
plain	jelly	coconut	honey-dip
		18978		
	18935			
		18979		
		18980		
18952				
		18981		
18953				
	18936			
18954				
		18982		
		18983		
18955	

---------------------------------
plain	jelly	coconut	honey-dip
19110				
			19106
	19085			
		19139		
	19086			
			19107
			19108
19111				
19112				
19113				
			19109
19114	

---------------------------------
plain	jelly	coconut	honey-dip
			19237
			19238
	19204			
	19205			
		19264		
	19206			
19239				
	19207			
		19265		
		19266		
		19267		
			19239


---------------------------------
plain	jelly	coconut	honey-dip
19390				
	19344			
	19345			
		19425		
			19397
	19346			
		19426		
		19427		
		19428		
19391				
19392				
		19429	

---------------------------------
plain	jelly	coconut	honey-dip
	19588			
			19656
19648				
		19648		
			19657
		19649		
19649				
			19658
		19650		
19650				
			19659
	19589	

---------------------------------
plain	jelly	coconut	honey-dip
	19882			
		19987		
		19988		
		19989		
		19990		
	19883			
	19884			
		19991		
19952				
			19967
		19992		
			19968


---------------------------------
plain	jelly	coconut	honey-dip
		20140		
	20059			
			20150
		20141		
		20142		
			20151
			20152
			20153
			20154
20111				
		20143		
			20155


---------------------------------
plain	jelly	coconut	honey-dip
	20218			
20265				
		20292		
20266				
20267				
20268				
			20297
			20298
			20299
	20219			
20269				
	20220	

---------------------------------
plain	jelly	coconut	honey-dip
		20413		
	20322			
20384				
			20409
	20323			
			20410
		20414		
	20324			
			20411
		20415		
20385				
	20325	

---------------------------------
plain	jelly	coconut	honey-dip
20499				
	20451			
20500				
		20559		
		20560		
		20561		
		20562		
20501				
		20563		
		20564		
		20565		
			20547


---------------------------------
plain	jelly	coconut	honey-dip
	20628			
		20748		
		20749		
	20629			
	20630			
20678				
20679				
20680				
			20722
			20723
		20750		
	20631	

---------------------------------
plain	jelly	coconut	honey-dip
		20894		
20844				
			20865
		20895		
	20749			
		20896		
	20750			
			20866
			20867
			20868
	20751			
		20897	

---------------------------------
plain	jelly	coconut	honey-dip
20990				
		21026		
			21005
20991				
	20871			
20992				
20993				
20994				
	20872			
		21027		
			21006
			21007


---------------------------------
plain	jelly	coconut	honey-dip
		21163		
21129				
			21143
		21164		
			21144
		21165		
			21145
	21021			
21130				
21131				
			21146
21132	

---------------------------------
plain	jelly	coconut	honey-dip
21252				
			21268
			21269
21253				
21254				
			21270
		21306		
			21271
21255				
21256				
	21146			
	21147	

---------------------------------
plain	jelly	coconut	honey-dip
			21398
		21414		
21376				
21377				
21378				
	21264			
		21415		
			21399
			21400
	21265			
21379				
			21401


---------------------------------
plain	jelly	coconut	honey-dip
			21581
			21582
			21583
		21611		
		21612		
	21443			
			21584
		21613		
21585				
	21444			
	21445			
			21585


---------------------------------
plain	jelly	coconut	honey-dip
		21738		
		21739		
	21577			
	21578			
		21740		
		21741		
	21579			
	21580			
			21713
21720				
	21581			
	21582	

---------------------------------
plain	jelly	coconut	honey-dip
		21927		
		21928		
			21896
			21897
21894				
			21898
	21763			
			21899
21895				
21896				
			21900
		21929	

---------------------------------
plain	jelly	coconut	honey-dip
	21916			
22054				
			22035
22055				
	21917			
			22036
			22037
	21918			
		22075		
			22038
22056				
22057	

---------------------------------
plain	jelly	coconut	honey-dip
		22243		
		22244		
		22245		
22202				
		22246		
	22092			
	22093			
	22094			
			22191
		22247		
			22192
			22193


---------------------------------
plain	jelly	coconut	honey-dip
22453				
		22530		
22454				
		22531		
22455				
22456				
		22532		
			22450
	22351			
	22352			
			22451
		22533	

---------------------------------
plain	jelly	coconut	honey-dip
			22624
	22565			
	22566			
	22567			
			22625
22642				
	22568			
22643				
22644				
22645				
22646				
			22626


---------------------------------
plain	jelly	coconut	honey-dip
			22731
			22732
		22796		
			22733
			22734
22736				
	22685			
22737				
			22735
	22686			
		22797		
	22687	

---------------------------------
plain	jelly	coconut	honey-dip
	22813			
22870				
22871				
	22814			
	22815			
	22816			
		22919		
	22817			
		22920		
22872				
22873				
22874	

---------------------------------
plain	jelly	coconut	honey-dip
	22950			
23004				
		23062		
		23063		
23005				
			23012
			23013
		23064		
		23065		
	22951			
23006				
			23014


---------------------------------
plain	jelly	coconut	honey-dip
		23208		
23160				
	23088			
		23209		
		23210		
		23211		
			23148
			23149
	23089			
			23150
	23090			
	23091	

---------------------------------
plain	jelly	coconut	honey-dip
	23303			
		23414		
	23304			
			23348
		23415		
			23349
			23350
		23416		
		23417		
		23418		
			23351
	23305	

---------------------------------
plain	jelly	coconut	honey-dip
		23622		
			23529
23534				
	23491			
	23492			
		23623		
	23493			
	23494			
23535				
			23530
23536				
	23495	

---------------------------------
plain	jelly	coconut	honey-dip
	23601			
23646				
			23632
			23633
		23741		
		23742		
		23743		
			23634
		23744		
23647				
23648				
		23745	

---------------------------------
plain	jelly	coconut	honey-dip
23811				
		23906		
		23907		
		23908		
23812				
23813				
		23909		
	23745			
		23910		
	23746			
	23747			
			23818


---------------------------------
plain	jelly	coconut	honey-dip
		24074		
			23955
			23956
	23910			
	23911			
23941				
	23912			
23942				
			23957
		24075		
	23913			
			23958


---------------------------------
plain	jelly	coconut	honey-dip
		24202		
24060				
		24203		
			24074
24061				
	24036			
			24075
	24037			
		24204		
		24205		
	24038			
	24039	

---------------------------------
plain	jelly	coconut	honey-dip
			24234
24219				
	24210			
		24357		
24220				
24221				
	24211			
	24212			
	24213			
	24214			
			24235
24222	

---------------------------------
plain	jelly	coconut	honey-dip
	24348			
24353				
24354				
24355				
24356				
	24349			
		24480		
		24481		
			24331
	24350			
	24351			
24357	

---------------------------------
plain	jelly	coconut	honey-dip
		24607		
24473				
	24443			
24474				
	24444			
			24433
	24445			
			24434
24475				
24476				
	24446			
24477	

---------------------------------
plain	jelly	coconut	honey-dip
24596				
	24575			
	24576			
		24728		
			24537
		24729		
	24577			
24597				
	24578			
		24730		
	24579			
	24580	

---------------------------------
plain	jelly	coconut	honey-dip
	24770			
		24893		
		24894		
	24771			
			24711
		24895		
24770				
			24712
24771				
24772				
24773				
			24713


---------------------------------
plain	jelly	coconut	honey-dip
	24959			
			24907
	24960			
			24908
		25059		
		25060		
		25061		
			24909
		25062		
			24910
			24911
			24912


---------------------------------
plain	jelly	coconut	honey-dip
			25061
			25062
	25117			
			25063
			25064
		25212		
	25118			
		25213		
		25214		
			25065
	25119			
		25215	

---------------------------------
plain	jelly	coconut	honey-dip
25316				
		25421		
		25422		
			25245
25317				
			25246
		25423		
		25424		
		25425		
25318				
		25426		
		25427	

---------------------------------
plain	jelly	coconut	honey-dip
		25601		
			25405
25453				
25454				
		25602		
		25603		
		25604		
25455				
		25605		
25456				
		25606		
25457	

---------------------------------
plain	jelly	coconut	honey-dip
25627				
	25641			
			25592
25628				
		25788		
	25642			
			25593
			25594
	25643			
	25644			
			25595
	25645	

---------------------------------
plain	jelly	coconut	honey-dip
			25779
			25780
25782				
		25958		
	25801			
		25959		
		25960		
25783				
			25781
			25782
		25961		
	25802	

---------------------------------
plain	jelly	coconut	honey-dip
26053				
			26043
		26241		
	26063			
26054				
	26064			
		26242		
			26044
	26065			
		26243		
			26045
		26244	

---------------------------------
plain	jelly	coconut	honey-dip
		26413		
26206				
			26208
		26414		
	26209			
26207				
26208				
	26210			
			26209
		26415		
	26211			
		26416	

---------------------------------
plain	jelly	coconut	honey-dip
26345				
26346				
			26335
26347				
		26548		
		26549		
	26360			
26348				
26349				
	26361			
26350				
	26362	

---------------------------------
plain	jelly	coconut	honey-dip
26449				
	26482			
			26467
26450				
26451				
		26694		
		26695		
	26483			
	26484			
26452				
		26696		
	26485	

---------------------------------
plain	jelly	coconut	honey-dip
		26809		
			26575
			26576
		26810		
26593				
		26811		
			26577
	26595			
26594				
		26812		
26595				
			26578


---------------------------------
plain	jelly	coconut	honey-dip
			26743
26766				
	26766			
26767				
			26744
	26767			
			26745
	26768			
		26981		
		26982		
		26983		
26768	

---------------------------------
plain	jelly	coconut	honey-dip
		27074		
26865				
			26856
	26869			
26866				
26867				
26868				
			26857
			26858
	26870			
		27075		
		27076	

---------------------------------
plain	jelly	coconut	honey-dip
		27175		
26953				
26954				
	26958			
		27176		
	26959			
		27177		
	26960			
	26961			
26955				
		27178		
	26962	

---------------------------------
plain	jelly	coconut	honey-dip
			27081
		27325		
			27082
27108				
			27083
			27084
		27326		
	27074			
27109				
27110				
		27327		
		27328	

---------------------------------
plain	jelly	coconut	honey-dip
		27419		
		27420		
	27162			
	27163			
27228				
		27421		
	27164			
		27422		
			27175
27229				
	27165			
	27166	

---------------------------------
plain	jelly	coconut	honey-dip
27511				
27512				
			27423
	27401			
	27402			
27513				
27514				
27515				
	27403			
27516				
27517				
			27424


---------------------------------
plain	jelly	coconut	honey-dip
			27547
			27548
	27533			
	27534			
27658				
			27549
			27550
			27551
27659				
	27535			
27660				
	27536	

---------------------------------
plain	jelly	coconut	honey-dip
27787				
		27884		
		27885		
	27672			
		27886		
		27887		
		27888		
		27889		
27788				
27789				
	27673			
27790	

---------------------------------
plain	jelly	coconut	honey-dip
		27987		
		27988		
		27989		
			27761
		27990		
27876				
			27762
		27991		
	27784			
			27763
	27785			
			27764


---------------------------------
plain	jelly	coconut	honey-dip
27959				
	27860			
			27855
27960				
		28070		
27961				
		28071		
27962				
	27861			
		28072		
			27856
	27862	

---------------------------------
plain	jelly	coconut	honey-dip
	27986			
		28174		
		28175		
		28176		
28055				
28056				
28057				
		28177		
28058				
28059				
	27987			
28060	

---------------------------------
plain	jelly	coconut	honey-dip
28150				
	28087			
			28044
28151				
	28088			
28152				
			28045
			28046
		28255		
28153				
	28089			
			28047


---------------------------------
plain	jelly	coconut	honey-dip
			28143
28254				
			28144
			28145
		28345		
		28346		
			28146
			28147
28255				
28256				
		28347		
			28148


---------------------------------
plain	jelly	coconut	honey-dip
		28411		
28349				
		28412		
		28413		
	28226			
28350				
	28227			
	28228			
28351				
28352				
28353				
		28414	

---------------------------------
plain	jelly	coconut	honey-dip
	28331			
28461				
		28519		
	28332			
28462				
		28520		
	28333			
		28521		
			28305
		28522		
			28306
	28334	

---------------------------------
plain	jelly	coconut	honey-dip
			28425
	28450			
			28426
		28648		
28585				
			28427
			28428
28586				
28587				
	28451			
	28452			
	28453	

---------------------------------
plain	jelly	coconut	honey-dip
		28733		
			28502
		28734		
28670				
			28503
28671				
			28504
28672				
		28735		
28673				
28674				
	28527	

---------------------------------
plain	jelly	coconut	honey-dip
28736				
			28568
28737				
		28798		
			28569
28738				
		28799		
		28800		
28739				
			28570
	28582			
			28571


---------------------------------
plain	jelly	coconut	honey-dip
28835				
	28665			
			28655
28836				
28837				
		28889		
28838				
			28656
	28666			
		28890		
			28657
28839	

---------------------------------
plain	jelly	coconut	honey-dip
			28719
	28734			
			28720
	28735			
			28721
28896				
			28722
28897				
28898				
		28959		
28899				
		28960	

---------------------------------
plain	jelly	coconut	honey-dip
		29122		
			28892
			28893
		29123		
	28888			
	28889			
			28894
		29124		
	28890			
29042				
		29125		
		29126	

---------------------------------
plain	jelly	coconut	honey-dip
29119				
29120				
29121				
			28985
		29183		
			28986
		29184		
		29185		
		29186		
29122				
29123				
		29187	

---------------------------------
plain	jelly	coconut	honey-dip
	29014			
29183				
29184				
29185				
		29246		
			29053
			29054
			29055
	29015			
			29056
			29057
	29016	

---------------------------------
plain	jelly	coconut	honey-dip
		29331		
		29332		
	29106			
		29333		
			29151
		29334		
		29335		
			29152
		29336		
		29337		
29268				
		29338	

---------------------------------
plain	jelly	coconut	honey-dip
	29140			
			29199
	29141			
29325				
		29384		
29326				
		29385		
			29200
			29201
29327				
			29202
			29203


---------------------------------
plain	jelly	coconut	honey-dip
29404				
			29273
	29199			
	29200			
29405				
29406				
		29448		
29407				
			29274
		29449		
	29201			
29408	

---------------------------------
plain	jelly	coconut	honey-dip
	29267			
	29268			
	29269			
29485				
	29270			
29486				
29487				
			29351
29488				
		29509		
29489				
29490	

---------------------------------
plain	jelly	coconut	honey-dip
	29323			
		29573		
		29574		
			29414
			29415
			29416
29554				
29555				
	29324			
	29325			
29556				
			29417


---------------------------------
plain	jelly	coconut	honey-dip
		29621		
		29622		
29605				
		29623		
29606				
		29624		
	29367			
29607				
29608				
		29625		
29609				
		29626	

---------------------------------
plain	jelly	coconut	honey-dip
29645				
			29513
29646				
29647				
		29679		
			29514
	29411			
29648				
	29412			
	29413			
			29515
			29516


---------------------------------
plain	jelly	coconut	honey-dip
	29453			
			29548
		29713		
			29549
29690				
	29454			
		29714		
		29715		
29691				
	29455			
29692				
		29716	

---------------------------------
plain	jelly	coconut	honey-dip
	29504			
	29505			
29736				
	29506			
			29588
	29507			
			29589
			29590
	29508			
		29768		
29737				
		29769	

---------------------------------
plain	jelly	coconut	honey-dip
	29554			
29781				
		29807		
		29808		
29782				
	29555			
	29556			
			29646
		29809		
			29647
		29810		
29783	

---------------------------------
plain	jelly	coconut	honey-dip
			29670
29813				
		29837		
		29838		
	29576			
29814				
29815				
		29839		
		29840		
29816				
		29841		
29817	

---------------------------------
plain	jelly	coconut	honey-dip
		29855		
		29856		
	29597			
	29598			
			29684
		29857		
	29599			
29832				
	29600			
29833				
29834				
	29601	

---------------------------------
plain	jelly	coconut	honey-dip
	29623			
			29701
	29624			
		29874		
	29625			
		29875		
29854				
29855				
	29626			
		29876		
	29627			
		29877	

---------------------------------
plain	jelly	coconut	honey-dip
		29904		
	29658			
		29905		
	29659			
			29735
		29906		
29887				
	29660			
			29736
	29661			
29888				
			29737


---------------------------------
plain	jelly	coconut	honey-dip
		29936		
		29937		
		29938		
29921				
			29775
		29939		
			29776
	29696			
			29777
		29940		
	29697			
	29698	

