---------------------------------
plain	jelly	coconut	honey-dip
			2772
2707				
	2740			
2708				
	2741			
2709				
2710				
			2773
2711				
		2749		
			2774
		2750	

---------------------------------
plain	jelly	coconut	honey-dip
		3134		
	3117			
3128				
			3185
3129				
			3186
			3187
		3135		
3130				
	3118			
		3136		
3131	

---------------------------------
plain	jelly	coconut	honey-dip
			3340
		3260		
3283				
	3257			
			3341
	3258			
		3261		
			3342
		3262		
3284				
		3263		
		3264	

---------------------------------
plain	jelly	coconut	honey-dip
		3428		
3442				
3443				
		3429		
	3402			
3444				
		3430		
			3504
	3403			
	3404			
		3431		
		3432	

---------------------------------
plain	jelly	coconut	honey-dip
3565				
		3576		
3566				
3567				
	3530			
			3633
			3634
3568				
3569				
3570				
		3577		
		3578	

---------------------------------
plain	jelly	coconut	honey-dip
3716				
	3721			
3717				
			3821
	3722			
3718				
			3822
	3723			
3719				
	3724			
			3823
			3824


---------------------------------
plain	jelly	coconut	honey-dip
			3939
		3859		
			3940
		3860		
	3852			
3830				
		3861		
3831				
		3862		
3832				
			3941
		3863	

---------------------------------
plain	jelly	coconut	honey-dip
	3996			
3966				
		4002		
3967				
			4080
	3997			
			4081
	3998			
		4003		
3968				
		4004		
3969	

---------------------------------
plain	jelly	coconut	honey-dip
		4154		
	4158			
		4155		
		4156		
			4227
4153				
		4157		
			4228
4154				
			4229
		4158		
	4159	

---------------------------------
plain	jelly	coconut	honey-dip
4277				
	4295			
		4302		
	4296			
4278				
	4297			
		4303		
4279				
	4298			
4280				
		4304		
	4299	

---------------------------------
plain	jelly	coconut	honey-dip
4413				
		4426		
	4431			
4414				
4415				
4416				
	4432			
			4502
		4427		
		4428		
		4429		
		4430	

---------------------------------
plain	jelly	coconut	honey-dip
	4579			
			4667
	4580			
		4578		
	4581			
		4579		
			4668
			4669
		4580		
	4582			
			4670
		4581	

---------------------------------
plain	jelly	coconut	honey-dip
			4821
	4766			
4758				
		4747		
4759				
4760				
4761				
			4822
		4748		
			4823
			4824
	4767	

---------------------------------
plain	jelly	coconut	honey-dip
		4857		
4905				
4906				
			4943
	4915			
	4916			
			4944
			4945
			4946
4907				
			4947
			4948


---------------------------------
plain	jelly	coconut	honey-dip
		5048		
		5049		
			5131
			5132
		5050		
			5133
5057				
		5051		
			5134
			5135
	5080			
5058	

---------------------------------
plain	jelly	coconut	honey-dip
			5246
			5247
5184				
	5241			
			5248
5185				
	5242			
		5197		
5186				
	5243			
	5244			
	5245	

---------------------------------
plain	jelly	coconut	honey-dip
			5345
5290				
	5350			
			5346
			5347
		5303		
	5351			
			5348
			5349
5291				
5292				
			5350


---------------------------------
plain	jelly	coconut	honey-dip
5382				
			5432
		5375		
			5433
5383				
5384				
		5376		
		5377		
	5423			
	5424			
	5425			
			5434


---------------------------------
plain	jelly	coconut	honey-dip
	5583			
5525				
			5554
	5584			
			5555
	5585			
	5586			
5526				
5527				
5528				
	5587			
5529	

---------------------------------
plain	jelly	coconut	honey-dip
5653				
	5685			
			5667
		5639		
5654				
5655				
5656				
	5686			
	5687			
	5688			
	5689			
		5640	

---------------------------------
plain	jelly	coconut	honey-dip
		5746		
5749				
	5794			
5750				
		5747		
			5763
5751				
		5748		
	5795			
5752				
	5796			
	5797	

---------------------------------
plain	jelly	coconut	honey-dip
			5885
		5864		
5871				
	5936			
5872				
	5937			
	5938			
5873				
			5886
		5865		
5874				
		5866	

---------------------------------
plain	jelly	coconut	honey-dip
5985				
		5982		
		5983		
			6029
5986				
		5984		
5987				
	6064			
	6065			
			6030
5988				
		5985	

---------------------------------
plain	jelly	coconut	honey-dip
			6227
6179				
	6286			
		6172		
6180				
6181				
6182				
	6287			
			6228
6183				
	6288			
			6229


---------------------------------
plain	jelly	coconut	honey-dip
			6426
			6427
			6428
		6370		
			6429
6360				
	6488			
		6371		
	6489			
	6490			
		6372		
6361	

---------------------------------
plain	jelly	coconut	honey-dip
		6593		
	6719			
6604				
6605				
	6720			
6606				
	6721			
6607				
6608				
6609				
			6640
		6594	

---------------------------------
plain	jelly	coconut	honey-dip
6765				
6766				
			6799
			6800
			6801
	6840			
	6841			
			6802
	6842			
	6843			
		6716		
	6844	

---------------------------------
plain	jelly	coconut	honey-dip
6880				
			6919
		6809		
6881				
		6810		
		6811		
6882				
6883				
	6944			
		6812		
	6945			
		6813	

---------------------------------
plain	jelly	coconut	honey-dip
		6967		
	7099			
		6968		
		6969		
			7087
			7088
			7089
			7090
		6970		
7035				
	7100			
		6971	

---------------------------------
plain	jelly	coconut	honey-dip
7173				
			7261
			7262
	7253			
	7254			
7174				
		7113		
			7263
			7264
7175				
		7114		
7176	

---------------------------------
plain	jelly	coconut	honey-dip
		7256		
	7387			
	7388			
		7257		
7284				
	7389			
		7258		
7285				
			7377
7286				
		7259		
7287	

---------------------------------
plain	jelly	coconut	honey-dip
		7407		
		7408		
	7528			
7412				
		7409		
			7521
7413				
		7410		
	7529			
	7530			
	7531			
7414	

---------------------------------
plain	jelly	coconut	honey-dip
	7680			
7553				
			7668
		7531		
			7669
		7532		
		7533		
			7670
		7534		
		7535		
			7671
7554	

---------------------------------
plain	jelly	coconut	honey-dip
	7820			
			7836
7686				
	7821			
		7678		
		7679		
		7680		
		7681		
	7822			
7687				
7688				
		7682	

---------------------------------
plain	jelly	coconut	honey-dip
			7996
		7819		
7848				
		7820		
		7821		
7849				
7850				
7851				
			7997
	7981			
	7982			
7852	

---------------------------------
plain	jelly	coconut	honey-dip
	8107			
	8108			
		7947		
	8109			
			8135
7995				
7996				
	8110			
7997				
			8136
			8137
		7948	

---------------------------------
plain	jelly	coconut	honey-dip
	8238			
		8074		
8135				
	8239			
			8265
	8240			
	8241			
8136				
			8266
	8242			
			8267
8137	

---------------------------------
plain	jelly	coconut	honey-dip
8247				
		8205		
			8389
		8206		
	8375			
		8207		
	8376			
8248				
8249				
	8377			
	8378			
	8379	

---------------------------------
plain	jelly	coconut	honey-dip
			8575
	8580			
			8576
	8581			
	8582			
		8383		
		8384		
		8385		
	8583			
		8386		
		8387		
			8577


---------------------------------
plain	jelly	coconut	honey-dip
8610				
		8557		
8611				
			8719
	8722			
8612				
		8558		
			8720
		8559		
	8723			
8613				
		8560	

---------------------------------
plain	jelly	coconut	honey-dip
	8861			
	8862			
	8863			
		8706		
	8864			
			8862
8731				
			8863
			8864
			8865
8732				
8733	

---------------------------------
plain	jelly	coconut	honey-dip
	8971			
		8798		
		8799		
		8800		
		8801		
8832				
		8802		
	8972			
	8973			
	8974			
8833				
		8803	

---------------------------------
plain	jelly	coconut	honey-dip
9013				
		8994		
		8995		
			9150
	9143			
	9144			
9014				
			9151
9015				
9016				
			9152
	9145	

---------------------------------
plain	jelly	coconut	honey-dip
		9117		
		9118		
		9119		
9142				
			9289
			9290
			9291
		9120		
9143				
	9268			
			9292
	9269	

---------------------------------
plain	jelly	coconut	honey-dip
9278				
	9409			
		9253		
			9416
	9410			
9279				
		9254		
		9255		
		9256		
	9411			
		9257		
9280	

---------------------------------
plain	jelly	coconut	honey-dip
9434				
9435				
		9411		
	9561			
		9412		
			9574
		9413		
			9575
		9414		
		9415		
	9562			
9436	

---------------------------------
plain	jelly	coconut	honey-dip
			9706
9586				
	9712			
			9707
9587				
		9564		
9588				
9589				
			9708
9590				
	9713			
		9565	

---------------------------------
plain	jelly	coconut	honey-dip
9734				
			9851
	9848			
		9711		
	9849			
			9852
		9712		
		9713		
			9853
9735				
			9854
	9850	

---------------------------------
plain	jelly	coconut	honey-dip
			9984
9859				
		9853		
			9985
			9986
			9987
			9988
		9854		
			9989
9860				
9861				
			9990


---------------------------------
plain	jelly	coconut	honey-dip
10115				
		10128		
		10129		
		10130		
			10260
			10261
			10262
10116				
			10263
10117				
			10264
			10265


---------------------------------
plain	jelly	coconut	honey-dip
		10264		
10250				
		10265		
	10441			
			10397
10251				
			10398
			10399
			10400
	10442			
			10401
	10443	

---------------------------------
plain	jelly	coconut	honey-dip
	10564			
		10377		
10354				
			10525
		10378		
	10565			
		10379		
		10380		
	10566			
			10526
	10567			
10355	

---------------------------------
plain	jelly	coconut	honey-dip
10512				
10513				
	10717			
			10671
	10718			
	10719			
		10520		
	10720			
	10721			
		10521		
		10522		
	10722	

---------------------------------
plain	jelly	coconut	honey-dip
10655				
10656				
		10653		
		10654		
		10655		
10657				
		10656		
	10856			
10658				
		10657		
	10857			
		10658	

---------------------------------
plain	jelly	coconut	honey-dip
		10829		
10811				
		10830		
10812				
	11001			
			10967
10813				
		10831		
		10832		
10814				
	11002			
	11003	

---------------------------------
plain	jelly	coconut	honey-dip
			11114
		10978		
		10979		
			11115
		10980		
			11116
			11117
		10981		
10951				
	11141			
			11118
			11119


---------------------------------
plain	jelly	coconut	honey-dip
			11264
			11265
	11287			
			11266
	11288			
11085				
		11112		
11086				
	11289			
	11290			
11087				
	11291	

---------------------------------
plain	jelly	coconut	honey-dip
11190				
		11232		
11191				
			11387
11192				
			11388
	11419			
			11389
11193				
	11420			
11194				
	11421	

---------------------------------
plain	jelly	coconut	honey-dip
	11600			
	11601			
			11579
11375				
	11602			
		11406		
		11407		
	11603			
11376				
		11408		
		11409		
			11580


---------------------------------
plain	jelly	coconut	honey-dip
			11722
		11552		
			11723
11513				
	11737			
			11724
11514				
	11738			
11515				
		11553		
11516				
			11725


---------------------------------
plain	jelly	coconut	honey-dip
11675				
	11863			
11676				
		11696		
	11864			
11677				
11678				
11679				
		11697		
		11698		
11680				
			11854


---------------------------------
plain	jelly	coconut	honey-dip
			12027
			12028
	11995			
	11996			
			12029
			12030
11837				
	11997			
			12031
		11841		
			12032
			12033


---------------------------------
plain	jelly	coconut	honey-dip
11929				
11930				
		11933		
11931				
11932				
	12080			
		11934		
			12118
11933				
	12081			
		11935		
11934	

---------------------------------
plain	jelly	coconut	honey-dip
	12198			
		12062		
		12063		
12064				
	12199			
		12064		
	12200			
12065				
	12201			
	12202			
		12065		
		12066	

---------------------------------
plain	jelly	coconut	honey-dip
		12219		
12224				
			12382
	12351			
12225				
			12383
			12384
12226				
			12385
		12220		
		12221		
		12222	

---------------------------------
plain	jelly	coconut	honey-dip
	12472			
		12353		
12369				
			12546
		12354		
12370				
			12547
			12548
12371				
			12549
	12473			
12372	

---------------------------------
plain	jelly	coconut	honey-dip
		12498		
			12694
		12499		
	12598			
			12695
		12500		
	12599			
	12600			
			12696
		12501		
			12697
			12698


---------------------------------
plain	jelly	coconut	honey-dip
			12823
		12650		
		12651		
12650				
			12824
		12652		
	12721			
12651				
	12722			
		12653		
		12654		
		12655	

---------------------------------
plain	jelly	coconut	honey-dip
12839				
		12812		
			12987
		12813		
			12988
12840				
		12814		
	12902			
12841				
			12989
			12990
			12991


---------------------------------
plain	jelly	coconut	honey-dip
		12938		
12988				
12989				
		12939		
			13114
	13004			
	13005			
			13115
			13116
		12940		
	13006			
		12941	

---------------------------------
plain	jelly	coconut	honey-dip
		13091		
			13244
		13092		
13121				
13122				
			13245
	13140			
	13141			
			13246
			13247
		13093		
13123	

---------------------------------
plain	jelly	coconut	honey-dip
	13285			
13260				
13261				
		13208		
	13286			
			13371
13262				
		13209		
	13287			
			13372
	13288			
13263	

---------------------------------
plain	jelly	coconut	honey-dip
		13431		
	13521			
			13608
	13522			
13500				
			13609
13501				
			13610
	13523			
			13611
	13524			
			13612


---------------------------------
plain	jelly	coconut	honey-dip
	13739			
			13815
	13740			
			13816
			13817
			13818
	13741			
			13819
			13820
			13821
13722				
			13822


---------------------------------
plain	jelly	coconut	honey-dip
			13928
			13929
		13742		
			13930
	13845			
	13846			
	13847			
			13931
13829				
	13848			
			13932
		13743	

---------------------------------
plain	jelly	coconut	honey-dip
			14076
	13984			
			14077
			14078
			14079
13953				
		13871		
	13985			
13954				
		13872		
		13873		
	13986	

---------------------------------
plain	jelly	coconut	honey-dip
14064				
	14125			
			14218
		14005		
14065				
	14126			
		14006		
		14007		
14066				
			14219
			14220
14067	

---------------------------------
plain	jelly	coconut	honey-dip
	14288			
14240				
			14413
14241				
	14289			
		14203		
14242				
14243				
			14414
	14290			
	14291			
	14292	

---------------------------------
plain	jelly	coconut	honey-dip
		14331		
			14527
	14409			
			14528
		14332		
		14333		
			14529
		14334		
		14335		
		14336		
14357				
14358	

---------------------------------
plain	jelly	coconut	honey-dip
14561				
			14728
		14554		
14562				
		14555		
		14556		
	14597			
		14557		
	14598			
			14729
14563				
			14730


---------------------------------
plain	jelly	coconut	honey-dip
	14746			
14685				
		14707		
14686				
	14747			
	14748			
			14890
	14749			
	14750			
14687				
		14708		
			14891


---------------------------------
plain	jelly	coconut	honey-dip
		14847		
	14890			
	14891			
			15033
	14892			
		14848		
14822				
			15034
14823				
14824				
			15035
14825	

---------------------------------
plain	jelly	coconut	honey-dip
		14967		
	15017			
			15133
		14968		
		14969		
			15134
14955				
			15135
14956				
			15136
	15018			
		14970	

---------------------------------
plain	jelly	coconut	honey-dip
15155				
15156				
15157				
15158				
			15327
			15328
		15178		
		15179		
15159				
		15180		
			15329
			15330


---------------------------------
plain	jelly	coconut	honey-dip
15300				
	15343			
			15465
		15320		
			15466
15301				
	15344			
			15467
15302				
15303				
	15345			
		15321	

---------------------------------
plain	jelly	coconut	honey-dip
			15600
			15601
		15457		
15413				
	15486			
			15602
	15487			
			15603
15414				
			15604
	15488			
		15458	

---------------------------------
plain	jelly	coconut	honey-dip
		15593		
			15720
15549				
	15598			
	15599			
	15600			
		15594		
			15721
	15601			
		15595		
	15602			
	15603	

---------------------------------
plain	jelly	coconut	honey-dip
		15738		
15675				
		15739		
15676				
15677				
			15851
15678				
15679				
	15736			
			15852
			15853
			15854


---------------------------------
plain	jelly	coconut	honey-dip
		15869		
			15978
		15870		
	15870			
		15871		
15811				
		15872		
		15873		
15812				
	15871			
15813				
		15874	

---------------------------------
plain	jelly	coconut	honey-dip
16038				
			16173
		16069		
		16070		
		16071		
		16072		
			16174
16039				
16040				
			16175
16041				
	16076	

---------------------------------
plain	jelly	coconut	honey-dip
		16262		
		16263		
		16264		
		16265		
		16266		
			16363
		16267		
16225				
	16262			
16226				
	16263			
	16264	

---------------------------------
plain	jelly	coconut	honey-dip
	16417			
		16419		
		16420		
	16418			
			16514
	16419			
		16421		
			16515
		16422		
			16516
		16423		
	16420	

---------------------------------
plain	jelly	coconut	honey-dip
	16599			
	16600			
			16654
		16589		
	16601			
	16602			
16530				
		16590		
	16603			
16531				
	16604			
		16591	

---------------------------------
plain	jelly	coconut	honey-dip
	16800			
16739				
	16801			
		16766		
16740				
		16767		
	16802			
16741				
		16768		
	16803			
		16769		
		16770	

---------------------------------
plain	jelly	coconut	honey-dip
	17020			
			17089
		17012		
		17013		
		17014		
	17021			
16991				
16992				
16993				
			17090
			17091
	17022	

---------------------------------
plain	jelly	coconut	honey-dip
		17186		
		17187		
	17161			
17129				
			17236
		17188		
			17237
		17189		
17130				
17131				
		17190		
		17191	

---------------------------------
plain	jelly	coconut	honey-dip
	17323			
	17324			
		17357		
17298				
17299				
		17358		
		17359		
		17360		
			17394
		17361		
17300				
	17325	

---------------------------------
plain	jelly	coconut	honey-dip
17461				
		17526		
	17473			
		17527		
17462				
17463				
		17528		
17464				
		17529		
			17536
17465				
			17537


---------------------------------
plain	jelly	coconut	honey-dip
			17676
17599				
		17661		
17600				
			17677
		17662		
	17636			
			17678
	17637			
17601				
17602				
			17679


---------------------------------
plain	jelly	coconut	honey-dip
			17822
			17823
	17761			
17744				
	17762			
17745				
	17763			
			17824
	17764			
	17765			
17746				
			17825


---------------------------------
plain	jelly	coconut	honey-dip
	17858			
			17901
17843				
			17902
		17918		
			17903
	17859			
		17919		
17844				
		17920		
	17860			
		17921	

---------------------------------
plain	jelly	coconut	honey-dip
		18107		
			18088
			18089
		18108		
18042				
	18051			
			18090
			18091
18043				
			18092
18044				
	18052	

---------------------------------
plain	jelly	coconut	honey-dip
			18214
			18215
			18216
			18217
	18192			
		18226		
			18218
18172				
18173				
	18193			
		18227		
		18228	

---------------------------------
plain	jelly	coconut	honey-dip
	18331			
		18362		
			18344
	18332			
18319				
			18345
	18333			
		18363		
			18346
	18334			
18320				
		18364	

---------------------------------
plain	jelly	coconut	honey-dip
		18502		
		18503		
			18474
		18504		
		18505		
			18475
			18476
18441				
	18467			
18442				
18443				
			18477


---------------------------------
plain	jelly	coconut	honey-dip
		18663		
	18598			
		18664		
	18599			
		18665		
		18666		
		18667		
	18600			
			18607
	18601			
			18608
	18602	

---------------------------------
plain	jelly	coconut	honey-dip
	18758			
18757				
18758				
			18774
			18775
			18776
18759				
18760				
			18777
			18778
	18759			
		18807	

---------------------------------
plain	jelly	coconut	honey-dip
		18984		
	18937			
	18938			
		18985		
		18986		
		18987		
			18939
		18988		
			18940
			18941
			18942
	18939	

---------------------------------
plain	jelly	coconut	honey-dip
		19128		
		19129		
		19130		
19099				
	19078			
			19087
	19079			
		19131		
19100				
	19080			
			19088
19101	

---------------------------------
plain	jelly	coconut	honey-dip
19253				
	19214			
		19278		
			19247
			19248
		19279		
19254				
	19215			
			19249
19255				
			19250
		19280	

---------------------------------
plain	jelly	coconut	honey-dip
19393				
			19398
19394				
			19399
	19347			
			19400
19395				
19396				
			19401
19397				
	19348			
19398	

---------------------------------
plain	jelly	coconut	honey-dip
		19526		
19510				
19511				
			19518
	19446			
		19527		
			19519
			19520
	19447			
19512				
			19521
19513	

---------------------------------
plain	jelly	coconut	honey-dip
	19579			
	19580			
			19651
	19581			
	19582			
19643				
	19583			
	19584			
		19643		
	19585			
			19652
19644	

---------------------------------
plain	jelly	coconut	honey-dip
		19766		
	19684			
		19767		
19756				
	19685			
		19768		
			19766
			19767
			19768
19757				
	19686			
	19687	

---------------------------------
plain	jelly	coconut	honey-dip
19887				
			19887
			19888
			19889
			19890
		19914		
		19915		
			19891
			19892
	19812			
19888				
19889	

---------------------------------
plain	jelly	coconut	honey-dip
	19929			
	19930			
		20032		
		20033		
			20033
	19931			
	19932			
19998				
	19933			
	19934			
19999				
		20034	

---------------------------------
plain	jelly	coconut	honey-dip
			20180
		20162		
20133				
		20163		
			20181
20134				
20135				
			20182
	20081			
			20183
			20184
20136	

---------------------------------
plain	jelly	coconut	honey-dip
	20294			
		20379		
	20295			
			20370
20341				
		20380		
			20371
	20296			
			20372
20342				
			20373
		20381	

---------------------------------
plain	jelly	coconut	honey-dip
20512				
		20587		
20513				
			20564
			20565
20514				
			20566
20515				
			20567
20516				
20517				
	20465	

---------------------------------
plain	jelly	coconut	honey-dip
			20680
			20681
20631				
		20703		
20632				
			20682
			20683
	20582			
			20684
	20583			
	20584			
20633	

---------------------------------
plain	jelly	coconut	honey-dip
			20836
20818				
		20865		
			20837
	20725			
20819				
20820				
	20726			
		20866		
		20867		
		20868		
20821	

---------------------------------
plain	jelly	coconut	honey-dip
			20984
	20856			
			20985
		21009		
			20986
		21010		
			20987
20971				
	20857			
	20858			
		21011		
	20859	

---------------------------------
plain	jelly	coconut	honey-dip
21116				
			21128
			21129
21117				
		21148		
	21004			
	21005			
			21130
	21006			
			21131
		21149		
21118	

---------------------------------
plain	jelly	coconut	honey-dip
	21131			
		21291		
21244				
		21292		
			21258
			21259
		21293		
	21132			
		21294		
21245				
			21260
			21261


---------------------------------
plain	jelly	coconut	honey-dip
21446				
		21477		
		21478		
			21457
21447				
			21458
		21479		
	21324			
			21459
			21460
21448				
21449	

---------------------------------
plain	jelly	coconut	honey-dip
	21449			
	21450			
			21592
21594				
			21593
		21621		
21595				
			21594
			21595
21596				
21597				
	21451	

---------------------------------
plain	jelly	coconut	honey-dip
21710				
		21728		
21711				
	21568			
			21706
		21729		
21712				
21713				
		21730		
		21731		
21714				
			21707


---------------------------------
plain	jelly	coconut	honey-dip
	21735			
			21868
			21869
	21736			
21867				
		21890		
	21737			
	21738			
	21739			
	21740			
21868				
		21891	

---------------------------------
plain	jelly	coconut	honey-dip
			21991
		22045		
			21992
22003				
		22046		
22004				
22005				
			21993
	21873			
			21994
22006				
22007	

---------------------------------
plain	jelly	coconut	honey-dip
		22150		
		22151		
		22152		
	22011			
		22153		
22120				
22121				
		22154		
			22111
			22112
		22155		
		22156	

---------------------------------
plain	jelly	coconut	honey-dip
		22352		
		22353		
	22189			
			22279
	22190			
	22191			
			22280
	22192			
		22354		
			22281
			22282
		22355	

---------------------------------
plain	jelly	coconut	honey-dip
		22503		
	22321			
			22420
22432				
		22504		
		22505		
		22506		
		22507		
22433				
22434				
22435				
	22322	

---------------------------------
plain	jelly	coconut	honey-dip
		22641		
22576				
22577				
	22496			
			22563
			22564
		22642		
			22565
		22643		
	22497			
		22644		
		22645	

---------------------------------
plain	jelly	coconut	honey-dip
		22854		
		22855		
	22750			
			22791
22805				
22806				
22807				
			22792
22808				
22809				
		22856		
			22793


---------------------------------
plain	jelly	coconut	honey-dip
			22958
		22983		
			22959
			22960
22934				
22935				
			22961
22936				
		22984		
22937				
22938				
	22877	

---------------------------------
plain	jelly	coconut	honey-dip
			23068
	23001			
	23002			
	23003			
	23004			
23077				
			23069
		23134		
		23135		
			23070
		23136		
	23005	

---------------------------------
plain	jelly	coconut	honey-dip
23227				
			23236
		23294		
		23295		
			23237
23228				
	23171			
	23172			
			23238
	23173			
		23296		
			23239


---------------------------------
plain	jelly	coconut	honey-dip
			23359
			23360
		23438		
			23361
23352				
		23439		
		23440		
23353				
		23441		
			23362
23354				
			23363


---------------------------------
plain	jelly	coconut	honey-dip
	23442			
		23575		
	23443			
			23483
23484				
	23444			
		23576		
	23445			
23485				
		23577		
		23578		
			23484


---------------------------------
plain	jelly	coconut	honey-dip
			23618
	23587			
			23619
	23588			
23625				
	23589			
			23620
		23730		
23626				
23627				
			23621
	23590	

---------------------------------
plain	jelly	coconut	honey-dip
			23843
			23844
			23845
23835				
	23779			
	23780			
		23943		
		23944		
			23846
	23781			
		23945		
	23782	

---------------------------------
plain	jelly	coconut	honey-dip
	23927			
		24090		
23958				
			23977
			23978
		24091		
		24092		
		24093		
	23928			
			23979
	23929			
23959	

---------------------------------
plain	jelly	coconut	honey-dip
24085				
		24226		
	24061			
24086				
			24096
			24097
			24098
			24099
			24100
			24101
24087				
			24102


---------------------------------
plain	jelly	coconut	honey-dip
			24206
	24182			
	24183			
		24335		
			24207
			24208
24189				
24190				
24191				
24192				
24193				
		24336	

---------------------------------
plain	jelly	coconut	honey-dip
24333				
			24311
24334				
			24312
	24319			
			24313
		24465		
	24320			
	24321			
		24466		
			24314
	24322	

---------------------------------
plain	jelly	coconut	honey-dip
	24503			
	24504			
	24505			
	24506			
			24478
		24661		
24530				
			24479
	24507			
	24508			
		24662		
		24663	

---------------------------------
plain	jelly	coconut	honey-dip
	24720			
	24721			
	24722			
24702				
		24841		
		24842		
24703				
			24653
	24723			
24704				
			24654
		24843	

---------------------------------
plain	jelly	coconut	honey-dip
	24851			
24869				
			24796
	24852			
	24853			
			24797
		24952		
		24953		
	24854			
	24855			
			24798
		24954	

---------------------------------
plain	jelly	coconut	honey-dip
	25009			
			24950
			24951
		25105		
		25106		
25016				
	25010			
			24952
25017				
		25107		
			24953
		25108	

---------------------------------
plain	jelly	coconut	honey-dip
	25165			
	25166			
		25254		
		25255		
25157				
			25104
			25105
			25106
25158				
		25256		
25159				
			25107


---------------------------------
plain	jelly	coconut	honey-dip
	25293			
		25394		
			25223
	25294			
25298				
			25224
		25395		
			25225
			25226
			25227
	25295			
		25396	

---------------------------------
plain	jelly	coconut	honey-dip
		25569		
		25570		
	25426			
25416				
		25571		
25417				
	25427			
25418				
25419				
25420				
			25361
	25428	

---------------------------------
plain	jelly	coconut	honey-dip
			25509
		25706		
25544				
		25707		
			25510
	25553			
	25554			
25545				
	25555			
			25511
			25512
			25513


---------------------------------
plain	jelly	coconut	honey-dip
	25698			
			25656
		25840		
			25657
		25841		
		25842		
		25843		
	25699			
		25844		
25682				
			25658
	25700	

---------------------------------
plain	jelly	coconut	honey-dip
		26006		
	25850			
			25822
			25823
25846				
			25824
		26007		
			25825
25847				
		26008		
		26009		
			25826


---------------------------------
plain	jelly	coconut	honey-dip
26019				
		26191		
	26031			
26020				
		26192		
		26193		
	26032			
26021				
26022				
		26194		
		26195		
		26196	

---------------------------------
plain	jelly	coconut	honey-dip
		26376		
26181				
			26176
	26171			
	26172			
	26173			
		26377		
			26177
			26178
		26378		
		26379		
			26179


---------------------------------
plain	jelly	coconut	honey-dip
26293				
		26486		
26294				
		26487		
26295				
		26488		
		26489		
			26295
		26490		
26296				
	26310			
		26491	

---------------------------------
plain	jelly	coconut	honey-dip
	26388			
			26362
	26389			
	26390			
		26576		
			26363
			26364
		26577		
			26365
	26391			
		26578		
	26392	

---------------------------------
plain	jelly	coconut	honey-dip
			26536
	26556			
			26537
		26776		
			26538
			26539
26548				
	26557			
	26558			
		26777		
	26559			
		26778	

---------------------------------
plain	jelly	coconut	honey-dip
			26644
26673				
		26874		
26674				
		26875		
			26645
26675				
		26876		
	26657			
	26658			
			26646
26676	

---------------------------------
plain	jelly	coconut	honey-dip
		26985		
		26986		
26770				
26771				
	26772			
26772				
	26773			
26773				
	26774			
26774				
		26987		
	26775	

---------------------------------
plain	jelly	coconut	honey-dip
26931				
26932				
			26916
			26917
		27155		
		27156		
26933				
26934				
	26938			
		27157		
26935				
			26918


---------------------------------
plain	jelly	coconut	honey-dip
			27059
27087				
			27060
	27059			
	27060			
	27061			
			27061
		27311		
	27062			
27088				
		27312		
		27313	

---------------------------------
plain	jelly	coconut	honey-dip
27230				
		27423		
			27176
27231				
			27177
			27178
		27424		
	27167			
			27179
27232				
		27425		
		27426	

---------------------------------
plain	jelly	coconut	honey-dip
			27275
		27516		
		27517		
27333				
		27518		
	27256			
			27276
27334				
		27519		
		27520		
		27521		
			27277


---------------------------------
plain	jelly	coconut	honey-dip
	27424			
			27437
	27425			
27530				
		27697		
27531				
	27426			
27532				
27533				
			27438
27534				
27535	

---------------------------------
plain	jelly	coconut	honey-dip
27700				
	27582			
27701				
	27583			
27702				
27703				
	27584			
			27593
	27585			
		27825		
			27594
	27586	

---------------------------------
plain	jelly	coconut	honey-dip
	27714			
	27715			
			27697
			27698
		27939		
	27716			
27830				
			27699
27831				
		27940		
		27941		
27832	

---------------------------------
plain	jelly	coconut	honey-dip
		28026		
		28027		
	27823			
		28028		
	27824			
			27805
27910				
27911				
27912				
		28029		
27913				
		28030	

---------------------------------
plain	jelly	coconut	honey-dip
			27903
28018				
28019				
28020				
			27904
			27905
		28128		
			27906
28021				
	27911			
	27912			
	27913	

---------------------------------
plain	jelly	coconut	honey-dip
			28010
		28217		
			28011
	28048			
28105				
28106				
	28049			
			28012
			28013
		28218		
	28050			
		28219	

---------------------------------
plain	jelly	coconut	honey-dip
		28297		
	28133			
			28097
			28098
			28099
			28100
		28298		
28201				
28202				
28203				
			28101
		28299	

---------------------------------
plain	jelly	coconut	honey-dip
		28387		
28304				
28305				
			28193
		28388		
		28389		
			28194
28306				
		28390		
			28195
28307				
		28391	

---------------------------------
plain	jelly	coconut	honey-dip
			28341
			28342
	28366			
		28546		
28495				
	28367			
		28547		
			28343
	28368			
		28548		
		28549		
			28344


---------------------------------
plain	jelly	coconut	honey-dip
		28660		
			28442
	28457			
		28661		
			28443
28597				
		28662		
		28663		
	28458			
	28459			
28598				
	28460	

---------------------------------
plain	jelly	coconut	honey-dip
		28748		
	28541			
			28518
	28542			
		28749		
		28750		
		28751		
		28752		
			28519
28685				
28686				
			28520


---------------------------------
plain	jelly	coconut	honey-dip
		28812		
		28813		
			28586
			28587
28762				
		28814		
28763				
			28588
	28596			
		28815		
	28597			
28764	

---------------------------------
plain	jelly	coconut	honey-dip
28842				
			28662
		28894		
		28895		
28843				
			28663
28844				
28845				
	28670			
28846				
			28664
	28671	

---------------------------------
plain	jelly	coconut	honey-dip
28900				
			28723
			28724
28901				
		28961		
		28962		
		28963		
28902				
28903				
	28736			
	28737			
		28964	

---------------------------------
plain	jelly	coconut	honey-dip
29020				
	28859			
	28860			
			28854
			28855
29021				
29022				
			28856
			28857
		29103		
		29104		
29023	

---------------------------------
plain	jelly	coconut	honey-dip
29087				
	28922			
		29153		
	28923			
29088				
			28950
	28924			
		29154		
			28951
29089				
			28952
	28925	

---------------------------------
plain	jelly	coconut	honey-dip
	28984			
			29020
	28985			
			29021
			29022
			29023
29162				
	28986			
		29222		
			29024
	28987			
			29025


---------------------------------
plain	jelly	coconut	honey-dip
29227				
		29292		
29228				
		29293		
			29106
	29075			
		29294		
			29107
29229				
			29108
		29295		
			29109


---------------------------------
plain	jelly	coconut	honey-dip
	29230			
29435				
29436				
		29473		
29437				
			29306
29438				
29439				
29440				
	29231			
		29474		
		29475	

---------------------------------
plain	jelly	coconut	honey-dip
	29321			
		29570		
			29410
29551				
29552				
			29411
29553				
			29412
	29322			
			29413
		29571		
		29572	

---------------------------------
plain	jelly	coconut	honey-dip
		29605		
29591				
		29606		
		29607		
	29353			
	29354			
	29355			
			29447
	29356			
	29357			
	29358			
			29448


---------------------------------
plain	jelly	coconut	honey-dip
	29408			
			29510
29642				
		29676		
			29511
	29409			
		29677		
29643				
	29410			
29644				
			29512
		29678	

---------------------------------
plain	jelly	coconut	honey-dip
			29607
		29775		
		29776		
			29608
	29524			
			29609
	29525			
			29610
		29777		
		29778		
		29779		
			29611


---------------------------------
plain	jelly	coconut	honey-dip
		29815		
29790				
			29649
29791				
29792				
			29650
		29816		
			29651
	29558			
29793				
			29652
		29817	

---------------------------------
plain	jelly	coconut	honey-dip
		29866		
			29693
29844				
29845				
29846				
	29613			
29847				
			29694
			29695
29848				
			29696
			29697


---------------------------------
plain	jelly	coconut	honey-dip
29879				
			29727
		29896		
29880				
29881				
29882				
		29897		
	29646			
			29728
			29729
29883				
			29730


---------------------------------
plain	jelly	coconut	honey-dip
		29922		
		29923		
	29681			
29907				
	29682			
			29758
			29759
	29683			
29908				
			29760
29909				
29910	

---------------------------------
plain	jelly	coconut	honey-dip
	29713			
			29790
	29714			
29933				
			29791
	29715			
29934				
			29792
			29793
		29952		
	29716			
		29953	

---------------------------------
plain	jelly	coconut	honey-dip
29945				
			29806
			29807
			29808
	29729			
		29968		
			29809
			29810
		29969		
	29730			
29946				
29947	

---------------------------------
plain	jelly	coconut	honey-dip
			29821
			29822
		29981		
		29982		
			29823
29957				
		29983		
			29824
	29749			
29958				
			29825
	29750	

---------------------------------
plain	jelly	coconut	honey-dip
	29764			
29972				
29973				
			29840
	29765			
29974				
	29766			
29975				
		30004		
29976				
29977				
			29841


---------------------------------
plain	jelly	coconut	honey-dip
			29860
		30018		
	29785			
	29786			
		30019		
		30020		
	29787			
		30021		
			29861
29989				
29990				
		30022	

---------------------------------
plain	jelly	coconut	honey-dip
	29801			
			29879
		30034		
30010				
			29880
			29881
		30035		
	29802			
30011				
		30036		
			29882
			29883


---------------------------------
plain	jelly	coconut	honey-dip
			29893
	29813			
			29894
		30050		
		30051		
		30052		
30028				
30029				
		30053		
		30054		
		30055		
	29814	

