---------------------------------
plain	jelly	coconut	honey-dip
	41			
			41
		52		
			42
	42			
	43			
			43
46				
			44
		53		
	44			
	45	

---------------------------------
plain	jelly	coconut	honey-dip
132				
	124			
	125			
		137		
	126			
		138		
133				
134				
			111
135				
	127			
			112


---------------------------------
plain	jelly	coconut	honey-dip
186				
	167			
	168			
187				
		180		
			151
			152
		181		
	169			
188				
	170			
	171	

---------------------------------
plain	jelly	coconut	honey-dip
	225			
		235		
239				
		236		
		237		
	226			
		238		
			201
			202
			203
			204
240	

---------------------------------
plain	jelly	coconut	honey-dip
		277		
			249
			250
277				
		278		
	265			
			251
		279		
	266			
	267			
			252
	268	

---------------------------------
plain	jelly	coconut	honey-dip
	299			
			282
		321		
			283
	300			
310				
		322		
			284
	301			
311				
			285
			286


---------------------------------
plain	jelly	coconut	honey-dip
		386		
381				
			368
	377			
382				
		387		
383				
384				
			369
385				
		388		
386	

---------------------------------
plain	jelly	coconut	honey-dip
	453			
	454			
458				
459				
	455			
460				
		469		
	456			
	457			
			444
		470		
461	

---------------------------------
plain	jelly	coconut	honey-dip
		534		
			509
			510
			511
		535		
			512
531				
532				
			513
			514
		536		
			515


---------------------------------
plain	jelly	coconut	honey-dip
			588
609				
610				
			589
	609			
	610			
611				
	611			
		606		
612				
		607		
		608	

---------------------------------
plain	jelly	coconut	honey-dip
	665			
			641
		674		
			642
660				
			643
			644
		675		
			645
661				
			646
		676	

---------------------------------
plain	jelly	coconut	honey-dip
711				
			701
			702
			703
		721		
	723			
			704
	724			
712				
			705
			706
	725	

---------------------------------
plain	jelly	coconut	honey-dip
		773		
			755
	769			
751				
	770			
			756
752				
			757
753				
	771			
		774		
		775	

---------------------------------
plain	jelly	coconut	honey-dip
			826
			827
	820			
806				
	821			
807				
808				
809				
			828
	822			
810				
811	

---------------------------------
plain	jelly	coconut	honey-dip
		880		
			874
			875
			876
		881		
	869			
		882		
	870			
	871			
		883		
		884		
			877


---------------------------------
plain	jelly	coconut	honey-dip
966				
967				
	967			
			987
		992		
968				
			988
			989
		993		
969				
	968			
		994	

---------------------------------
plain	jelly	coconut	honey-dip
		1064		
			1062
		1065		
	1052			
		1066		
1034				
			1063
	1053			
1035				
1036				
	1054			
	1055	

---------------------------------
plain	jelly	coconut	honey-dip
			1120
	1138			
			1121
			1122
		1141		
		1142		
			1123
			1124
	1139			
	1140			
			1125
			1126


---------------------------------
plain	jelly	coconut	honey-dip
			1187
	1212			
1166				
			1188
	1213			
	1214			
	1215			
	1216			
1167				
1168				
		1199		
	1217	

---------------------------------
plain	jelly	coconut	honey-dip
		1289		
			1280
	1312			
1255				
		1290		
	1313			
		1291		
			1281
	1314			
1256				
			1282
1257	

---------------------------------
plain	jelly	coconut	honey-dip
	1414			
		1405		
			1367
			1368
	1415			
	1416			
	1417			
			1369
1358				
			1370
		1406		
1359	

---------------------------------
plain	jelly	coconut	honey-dip
			1460
	1482			
		1473		
	1483			
		1474		
1429				
1430				
1431				
			1461
1432				
1433				
	1484	

---------------------------------
plain	jelly	coconut	honey-dip
		1540		
		1541		
		1542		
	1554			
	1555			
1508				
			1542
			1543
			1544
			1545
			1546
	1556	

---------------------------------
plain	jelly	coconut	honey-dip
1594				
1595				
			1638
		1635		
1596				
			1639
1597				
			1640
	1649			
		1636		
	1650			
1598	

---------------------------------
plain	jelly	coconut	honey-dip
	1734			
			1719
			1720
		1716		
	1735			
			1721
	1736			
			1722
			1723
		1717		
1683				
		1718	

---------------------------------
plain	jelly	coconut	honey-dip
		1811		
			1829
	1829			
1791				
			1830
1792				
			1831
1793				
		1812		
		1813		
1794				
1795	

---------------------------------
plain	jelly	coconut	honey-dip
			2303
	2296			
			2304
2233				
			2305
			2306
2234				
	2297			
2235				
2236				
			2307
		2276	

---------------------------------
plain	jelly	coconut	honey-dip
2345				
		2371		
2346				
		2372		
		2373		
		2374		
	2379			
2347				
	2380			
			2397
			2398
2348	

---------------------------------
plain	jelly	coconut	honey-dip
		2490		
		2491		
	2497			
			2509
		2492		
2464				
		2493		
	2498			
		2494		
	2499			
		2495		
			2510


---------------------------------
plain	jelly	coconut	honey-dip
	2647			
	2648			
	2649			
	2650			
			2673
2597				
	2651			
		2643		
			2674
		2644		
		2645		
			2675


---------------------------------
plain	jelly	coconut	honey-dip
	2760			
		2764		
2727				
	2761			
			2789
		2765		
			2790
		2766		
		2767		
	2762			
2728				
2729	

---------------------------------
plain	jelly	coconut	honey-dip
		2885		
2861				
2862				
		2886		
2863				
		2887		
		2888		
2864				
			2928
		2889		
		2890		
		2891	

---------------------------------
plain	jelly	coconut	honey-dip
		3051		
			3088
	3025			
3040				
			3089
3041				
	3026			
	3027			
		3052		
		3053		
	3028			
		3054	

---------------------------------
plain	jelly	coconut	honey-dip
		3186		
			3242
			3243
			3244
	3160			
3192				
		3187		
	3161			
3193				
3194				
		3188		
			3245


---------------------------------
plain	jelly	coconut	honey-dip
	3294			
3319				
		3285		
			3362
3320				
3321				
	3295			
			3363
	3296			
3322				
		3286		
		3287	

---------------------------------
plain	jelly	coconut	honey-dip
3445				
			3505
			3506
	3405			
	3406			
	3407			
		3433		
3446				
		3434		
		3435		
	3408			
		3436	

---------------------------------
plain	jelly	coconut	honey-dip
			3627
	3527			
			3628
3562				
3563				
			3629
3564				
			3630
	3528			
	3529			
			3631
			3632


---------------------------------
plain	jelly	coconut	honey-dip
	3654			
	3655			
3671				
	3656			
	3657			
3672				
	3658			
		3711		
		3712		
			3772
		3713		
		3714	

---------------------------------
plain	jelly	coconut	honey-dip
3801				
			3912
3802				
	3827			
	3828			
3803				
			3913
3804				
		3844		
	3829			
3805				
			3914


---------------------------------
plain	jelly	coconut	honey-dip
3953				
	3988			
		3995		
		3996		
	3989			
			4072
	3990			
		3997		
		3998		
			4073
	3991			
			4074


---------------------------------
plain	jelly	coconut	honey-dip
	4200			
			4294
	4201			
	4202			
4195				
4196				
			4295
	4203			
	4204			
		4207		
		4208		
		4209	

---------------------------------
plain	jelly	coconut	honey-dip
	4356			
			4420
			4421
			4422
4338				
			4423
	4357			
			4424
		4358		
		4359		
4339				
	4358	

---------------------------------
plain	jelly	coconut	honey-dip
4556				
			4641
			4642
		4554		
			4643
	4561			
		4555		
		4556		
		4557		
4557				
			4644
			4645


---------------------------------
plain	jelly	coconut	honey-dip
			4995
		4936		
			4996
4963				
			4997
4964				
	4978			
			4998
			4999
	4979			
			5000
		4937	

---------------------------------
plain	jelly	coconut	honey-dip
5069				
	5098			
	5099			
5070				
			5145
		5064		
		5065		
			5146
		5066		
5071				
	5100			
	5101	

---------------------------------
plain	jelly	coconut	honey-dip
			5262
5200				
	5262			
	5263			
			5263
5201				
		5216		
5202				
			5264
	5264			
5203				
		5217	

---------------------------------
plain	jelly	coconut	honey-dip
			5361
	5359			
5301				
			5362
			5363
	5360			
		5315		
			5364
		5316		
5302				
5303				
		5317	

---------------------------------
plain	jelly	coconut	honey-dip
			5500
		5450		
5469				
5470				
5471				
			5501
5472				
	5517			
			5502
		5451		
	5518			
	5519	

---------------------------------
plain	jelly	coconut	honey-dip
5577				
		5574		
			5608
5578				
5579				
		5575		
5580				
5581				
			5609
			5610
5582				
5583	

---------------------------------
plain	jelly	coconut	honey-dip
	5791			
			5758
			5759
		5743		
			5760
			5761
			5762
	5792			
		5744		
5748				
		5745		
	5793	

---------------------------------
plain	jelly	coconut	honey-dip
	6166			
6083				
6084				
			6120
			6121
	6167			
	6168			
6085				
	6169			
6086				
	6170			
			6122


---------------------------------
plain	jelly	coconut	honey-dip
		6182		
			6239
		6183		
6194				
	6297			
6195				
6196				
	6298			
6197				
			6240
6198				
			6241


---------------------------------
plain	jelly	coconut	honey-dip
		6330		
			6382
		6331		
6317				
6318				
		6332		
6319				
	6447			
	6448			
		6333		
6320				
			6383


---------------------------------
plain	jelly	coconut	honey-dip
			6526
			6527
			6528
	6607			
		6482		
			6529
	6608			
6473				
6474				
		6483		
	6609			
		6484	

---------------------------------
plain	jelly	coconut	honey-dip
6678				
6679				
		6648		
	6778			
	6779			
	6780			
6680				
			6704
			6705
6681				
6682				
	6781	

---------------------------------
plain	jelly	coconut	honey-dip
6878				
			6917
		6805		
	6940			
6879				
		6806		
	6941			
	6942			
			6918
		6807		
		6808		
	6943	

---------------------------------
plain	jelly	coconut	honey-dip
7030				
		6949		
			7075
	7086			
			7076
		6950		
			7077
	7087			
	7088			
	7089			
		6951		
		6952	

---------------------------------
plain	jelly	coconut	honey-dip
7160				
	7238			
		7095		
	7239			
			7247
	7240			
		7096		
			7248
			7249
			7250
7161				
7162	

---------------------------------
plain	jelly	coconut	honey-dip
			7368
			7369
		7238		
	7373			
		7239		
	7374			
		7240		
		7241		
		7242		
			7370
		7243		
	7375	

---------------------------------
plain	jelly	coconut	honey-dip
			7534
			7535
			7536
	7547			
			7537
	7548			
	7549			
		7426		
	7550			
7433				
7434				
		7427	

---------------------------------
plain	jelly	coconut	honey-dip
7610				
			7732
			7733
	7734			
	7735			
		7596		
		7597		
		7598		
	7736			
			7734
7611				
			7735


---------------------------------
plain	jelly	coconut	honey-dip
	7872			
7731				
			7870
7732				
	7873			
			7871
		7727		
			7872
7733				
		7728		
7734				
			7873


---------------------------------
plain	jelly	coconut	honey-dip
		7848		
7891				
			8029
		7849		
7892				
	8008			
	8009			
	8010			
7893				
		7850		
7894				
	8011	

---------------------------------
plain	jelly	coconut	honey-dip
	8141			
	8142			
	8143			
8026				
		7977		
8027				
		7978		
			8172
8028				
8029				
8030				
		7979	

---------------------------------
plain	jelly	coconut	honey-dip
			8320
	8289			
8177				
8178				
	8290			
	8291			
8179				
		8130		
		8131		
8180				
			8321
			8322


---------------------------------
plain	jelly	coconut	honey-dip
8295				
8296				
	8427			
			8433
			8434
	8428			
8297				
	8429			
	8430			
		8253		
			8435
		8254	

---------------------------------
plain	jelly	coconut	honey-dip
			8557
		8375		
	8570			
8434				
			8558
			8559
			8560
8435				
		8376		
			8561
8436				
8437	

---------------------------------
plain	jelly	coconut	honey-dip
8573				
		8507		
		8508		
		8509		
8574				
			8693
	8691			
			8694
		8510		
	8692			
8575				
			8695


---------------------------------
plain	jelly	coconut	honey-dip
			8816
	8818			
8699				
		8659		
			8817
			8818
	8819			
		8660		
		8661		
			8819
8700				
8701	

---------------------------------
plain	jelly	coconut	honey-dip
	8946			
			8932
			8933
			8934
		8775		
		8776		
	8947			
8807				
			8935
8808				
		8777		
8809	

---------------------------------
plain	jelly	coconut	honey-dip
			9091
	9071			
		8924		
			9092
		8925		
8950				
		8926		
	9072			
		8927		
		8928		
			9093
8951	

---------------------------------
plain	jelly	coconut	honey-dip
9158				
			9305
9159				
		9138		
		9139		
	9287			
9160				
	9288			
9161				
		9140		
9162				
		9141	

---------------------------------
plain	jelly	coconut	honey-dip
	9446			
	9447			
			9439
		9287		
			9440
			9441
			9442
			9443
			9444
			9445
		9288		
		9289	

---------------------------------
plain	jelly	coconut	honey-dip
			9579
	9570			
			9580
		9421		
			9581
			9582
		9422		
			9583
			9584
		9423		
		9424		
		9425	

---------------------------------
plain	jelly	coconut	honey-dip
9598				
9599				
9600				
	9718			
		9572		
		9573		
		9574		
	9719			
	9720			
		9575		
9601				
			9716


---------------------------------
plain	jelly	coconut	honey-dip
			9991
			9992
			9993
9862				
	10000			
	10001			
9863				
		9855		
			9994
	10002			
			9995
	10003	

---------------------------------
plain	jelly	coconut	honey-dip
			10114
	10135			
9980				
			10115
		9983		
9981				
9982				
	10136			
		9984		
	10137			
	10138			
		9985	

---------------------------------
plain	jelly	coconut	honey-dip
10118				
		10131		
	10285			
	10286			
	10287			
		10132		
	10288			
		10133		
	10289			
10119				
	10290			
		10134	

---------------------------------
plain	jelly	coconut	honey-dip
			10457
			10458
	10505			
		10309		
10297				
		10310		
		10311		
			10459
10298				
			10460
		10312		
10299	

---------------------------------
plain	jelly	coconut	honey-dip
			10676
	10727			
			10677
			10678
			10679
10516				
			10680
	10728			
	10729			
			10681
	10730			
	10731	

---------------------------------
plain	jelly	coconut	honey-dip
	10848			
10640				
10641				
	10849			
			10811
		10637		
	10850			
		10638		
			10812
10642				
10643				
		10639	

---------------------------------
plain	jelly	coconut	honey-dip
			10925
		10788		
10778				
			10926
	10961			
			10927
10779				
	10962			
			10928
		10789		
	10963			
	10964	

---------------------------------
plain	jelly	coconut	honey-dip
			11041
	11076			
	11077			
		10904		
			11042
			11043
		10905		
		10906		
		10907		
	11078			
	11079			
			11044


---------------------------------
plain	jelly	coconut	honey-dip
		11057		
		11058		
			11204
			11205
	11237			
	11238			
		11059		
	11239			
11034				
11035				
	11240			
	11241	

---------------------------------
plain	jelly	coconut	honey-dip
			11412
			11413
	11447			
11218				
		11259		
	11448			
11219				
		11260		
		11261		
			11414
			11415
	11449	

---------------------------------
plain	jelly	coconut	honey-dip
11367				
11368				
11369				
			11569
			11570
	11590			
			11571
			11572
	11591			
			11573
			11574
	11592	

---------------------------------
plain	jelly	coconut	honey-dip
			11687
	11704			
		11507		
	11705			
		11508		
11470				
	11706			
		11509		
			11688
			11689
	11707			
11471	

---------------------------------
plain	jelly	coconut	honey-dip
11588				
11589				
		11642		
		11643		
	11803			
			11803
		11644		
		11645		
	11804			
11590				
11591				
	11805	

---------------------------------
plain	jelly	coconut	honey-dip
11788				
			11963
			11964
			11965
		11794		
	11951			
	11952			
	11953			
			11966
		11795		
	11954			
11789	

---------------------------------
plain	jelly	coconut	honey-dip
			12137
			12138
11949				
	12093			
		11953		
11950				
	12094			
11951				
11952				
		11954		
	12095			
		11955	

---------------------------------
plain	jelly	coconut	honey-dip
			12307
12145				
		12139		
	12285			
	12286			
	12287			
12146				
			12308
		12140		
12147				
	12288			
	12289	

---------------------------------
plain	jelly	coconut	honey-dip
			12436
12275				
	12399			
		12258		
	12400			
	12401			
		12259		
			12437
	12402			
			12438
		12260		
			12439


---------------------------------
plain	jelly	coconut	honey-dip
			12605
		12396		
	12519			
	12520			
			12606
			12607
			12608
		12397		
12412				
			12609
		12398		
	12521	

---------------------------------
plain	jelly	coconut	honey-dip
		12543		
		12544		
	12633			
	12634			
12529				
12530				
			12731
			12732
	12635			
12531				
			12733
12532	

---------------------------------
plain	jelly	coconut	honey-dip
			12845
	12753			
		12676		
		12677		
	12754			
		12678		
12690				
			12846
			12847
	12755			
12691				
12692	

---------------------------------
plain	jelly	coconut	honey-dip
	12894			
12832				
		12807		
	12895			
	12896			
12833				
			12983
12834				
		12808		
12835				
			12984
12836	

---------------------------------
plain	jelly	coconut	honey-dip
		12921		
		12922		
12963				
			13097
12964				
	12991			
			13098
12965				
			13099
12966				
12967				
	12992	

---------------------------------
plain	jelly	coconut	honey-dip
			13252
		13104		
13134				
	13154			
13135				
13136				
			13253
			13254
		13105		
			13255
13137				
			13256


---------------------------------
plain	jelly	coconut	honey-dip
	13400			
			13487
13360				
13361				
		13309		
	13401			
		13310		
			13488
13362				
13363				
		13311		
		13312	

---------------------------------
plain	jelly	coconut	honey-dip
13519				
13520				
	13541			
		13448		
13521				
			13624
	13542			
13522				
		13449		
	13543			
			13625
		13450	

---------------------------------
plain	jelly	coconut	honey-dip
13675				
13676				
	13689			
			13768
		13576		
		13577		
			13769
13677				
13678				
			13770
	13690			
			13771


---------------------------------
plain	jelly	coconut	honey-dip
		13705		
		13706		
			13899
		13707		
			13900
			13901
	13816			
13804				
13805				
			13902
		13708		
	13817	

---------------------------------
plain	jelly	coconut	honey-dip
		13860		
	13978			
	13979			
			14065
			14066
		13861		
	13980			
	13981			
			14067
13945				
			14068
13946	

---------------------------------
plain	jelly	coconut	honey-dip
14042				
			14206
		13986		
	14106			
		13987		
	14107			
14043				
			14207
		13988		
14044				
14045				
		13989	

---------------------------------
plain	jelly	coconut	honey-dip
	14255			
		14151		
		14152		
	14256			
		14153		
14193				
14194				
	14257			
		14154		
			14365
			14366
		14155	

---------------------------------
plain	jelly	coconut	honey-dip
		14315		
		14316		
			14510
			14511
			14512
	14393			
14346				
		14317		
	14394			
14347				
14348				
		14318	

---------------------------------
plain	jelly	coconut	honey-dip
14503				
14504				
		14469		
	14546			
	14547			
		14470		
		14471		
			14670
	14548			
		14472		
	14549			
	14550	

---------------------------------
plain	jelly	coconut	honey-dip
14632				
		14655		
14633				
		14656		
			14815
	14686			
			14816
14634				
			14817
			14818
			14819
			14820


---------------------------------
plain	jelly	coconut	honey-dip
		14771		
			14957
	14826			
14750				
	14827			
14751				
			14958
	14828			
	14829			
	14830			
		14772		
		14773	

---------------------------------
plain	jelly	coconut	honey-dip
15012				
15013				
		15016		
			15190
15014				
		15017		
	15058			
			15191
		15018		
	15059			
		15019		
	15060	

---------------------------------
plain	jelly	coconut	honey-dip
	15190			
			15322
		15174		
			15323
		15175		
			15324
			15325
		15176		
			15326
		15177		
	15191			
15154	

---------------------------------
plain	jelly	coconut	honey-dip
15293				
15294				
		15311		
	15336			
		15312		
15295				
		15313		
15296				
			15452
		15314		
		15315		
	15337	

---------------------------------
plain	jelly	coconut	honey-dip
15433				
15434				
		15474		
	15502			
		15475		
		15476		
			15619
		15477		
15435				
15436				
15437				
		15478	

---------------------------------
plain	jelly	coconut	honey-dip
		15654		
15604				
	15648			
			15770
			15771
	15649			
	15650			
	15651			
	15652			
		15655		
	15653			
			15772


---------------------------------
plain	jelly	coconut	honey-dip
	15778			
15738				
		15779		
			15909
		15780		
15739				
15740				
		15781		
15741				
	15779			
	15780			
	15781	

---------------------------------
plain	jelly	coconut	honey-dip
		15932		
			16028
	15928			
15880				
	15929			
	15930			
15881				
15882				
15883				
15884				
			16029
		15933	

---------------------------------
plain	jelly	coconut	honey-dip
16010				
	16060			
16011				
		16047		
	16061			
			16155
16012				
	16062			
16013				
			16156
			16157
	16063	

---------------------------------
plain	jelly	coconut	honey-dip
	16175			
			16264
		16177		
16136				
16137				
	16176			
		16178		
	16177			
			16265
		16179		
	16178			
			16266


---------------------------------
plain	jelly	coconut	honey-dip
			16404
	16306			
			16405
		16311		
16271				
		16312		
			16406
16272				
16273				
	16307			
			16407
	16308	

---------------------------------
plain	jelly	coconut	honey-dip
16393				
16394				
			16534
			16535
		16440		
		16441		
16395				
	16453			
			16536
	16454			
		16442		
			16537


---------------------------------
plain	jelly	coconut	honey-dip
	16720			
			16788
16644				
			16789
	16721			
	16722			
16645				
			16790
		16700		
	16723			
16646				
16647	

---------------------------------
plain	jelly	coconut	honey-dip
		16809		
		16810		
			16905
16782				
		16811		
		16812		
		16813		
16783				
		16814		
16784				
	16848			
			16906


---------------------------------
plain	jelly	coconut	honey-dip
16975				
16976				
		16995		
			17068
	17002			
16977				
		16996		
	17003			
		16997		
16978				
16979				
	17004	

---------------------------------
plain	jelly	coconut	honey-dip
17098				
		17151		
17099				
	17131			
			17212
	17132			
17100				
			17213
	17133			
	17134			
	17135			
		17152	

---------------------------------
plain	jelly	coconut	honey-dip
			17318
17222				
17223				
17224				
			17319
			17320
17225				
17226				
17227				
			17321
	17252			
		17292	

---------------------------------
plain	jelly	coconut	honey-dip
			17440
			17441
17349				
	17369			
			17442
17350				
	17370			
	17371			
			17443
17351				
			17444
	17372	

---------------------------------
plain	jelly	coconut	honey-dip
	17478			
17468				
		17533		
	17479			
			17541
	17480			
			17542
			17543
		17534		
		17535		
	17481			
	17482	

---------------------------------
plain	jelly	coconut	honey-dip
		17654		
	17626			
			17668
			17669
17588				
			17670
17589				
17590				
	17627			
		17655		
		17656		
17591	

---------------------------------
plain	jelly	coconut	honey-dip
17721				
		17777		
17722				
17723				
17724				
17725				
			17805
		17778		
17726				
			17806
			17807
		17779	

---------------------------------
plain	jelly	coconut	honey-dip
		17934		
17858				
			17916
		17935		
			17917
	17872			
		17936		
			17918
17859				
		17937		
		17938		
		17939	

---------------------------------
plain	jelly	coconut	honey-dip
			18057
		18064		
			18058
			18059
		18065		
	18011			
		18066		
18000				
		18067		
			18060
18001				
		18068	

---------------------------------
plain	jelly	coconut	honey-dip
	18177			
18156				
		18220		
18157				
18158				
		18221		
		18222		
18159				
			18203
	18178			
			18204
18160	

---------------------------------
plain	jelly	coconut	honey-dip
		18352		
	18325			
			18330
		18353		
	18326			
			18331
	18327			
	18328			
		18354		
		18355		
			18332
18313	

---------------------------------
plain	jelly	coconut	honey-dip
			18471
	18464			
			18472
	18465			
18439				
		18498		
		18499		
			18473
		18500		
	18466			
		18501		
18440	

---------------------------------
plain	jelly	coconut	honey-dip
		18651		
18594				
18595				
		18652		
	18588			
18596				
		18653		
18597				
18598				
	18589			
			18603
		18654	

---------------------------------
plain	jelly	coconut	honey-dip
	18749			
		18802		
	18750			
			18765
18744				
			18766
18745				
18746				
	18751			
18747				
18748				
	18752	

---------------------------------
plain	jelly	coconut	honey-dip
		18918		
	18871			
	18872			
		18919		
	18873			
18880				
	18874			
	18875			
	18876			
		18920		
18881				
18882	

---------------------------------
plain	jelly	coconut	honey-dip
		19055		
	19000			
			19004
			19005
19033				
			19006
		19056		
			19007
			19008
	19001			
19034				
19035	

---------------------------------
plain	jelly	coconut	honey-dip
	19129			
			19155
	19130			
	19131			
	19132			
19148				
			19156
			19157
	19133			
		19176		
		19177		
	19134	

---------------------------------
plain	jelly	coconut	honey-dip
19338				
19339				
	19300			
			19349
	19301			
19340				
			19350
	19302			
19341				
19342				
19343				
19344	

---------------------------------
plain	jelly	coconut	honey-dip
		19474		
19455				
		19475		
19456				
	19395			
			19460
			19461
	19396			
	19397			
19457				
			19462
19458	

---------------------------------
plain	jelly	coconut	honey-dip
		19593		
19587				
			19588
19588				
19589				
	19520			
	19521			
			19589
	19522			
	19523			
19590				
			19590


---------------------------------
plain	jelly	coconut	honey-dip
			19723
	19647			
19722				
			19724
19723				
	19648			
19724				
			19725
		19724		
			19726
19725				
			19727


---------------------------------
plain	jelly	coconut	honey-dip
	19813			
19890				
		19916		
	19814			
	19815			
		19917		
	19816			
	19817			
		19918		
19891				
19892				
		19919	

---------------------------------
plain	jelly	coconut	honey-dip
			20073
			20074
	19981			
			20075
		20065		
			20076
	19982			
20041				
	19983			
		20066		
20042				
20043	

---------------------------------
plain	jelly	coconut	honey-dip
		20189		
	20109			
			20198
	20110			
	20111			
		20190		
			20199
		20191		
20156				
20157				
	20112			
20158	

---------------------------------
plain	jelly	coconut	honey-dip
20300				
			20329
20301				
			20330
		20332		
20302				
		20333		
	20255			
		20334		
20303				
		20335		
			20331


---------------------------------
plain	jelly	coconut	honey-dip
			20519
			20520
			20521
			20522
	20426			
			20523
			20524
	20427			
	20428			
			20525
	20429			
	20430	

---------------------------------
plain	jelly	coconut	honey-dip
		20707		
	20589			
20637				
			20687
	20590			
20638				
20639				
			20688
		20708		
	20591			
			20689
20640	

---------------------------------
plain	jelly	coconut	honey-dip
		20830		
20771				
20772				
20773				
		20831		
20774				
	20693			
	20694			
		20832		
			20806
20775				
			20807


---------------------------------
plain	jelly	coconut	honey-dip
			20956
			20957
20944				
		20981		
		20982		
			20958
	20831			
			20959
	20832			
		20983		
		20984		
20945	

---------------------------------
plain	jelly	coconut	honey-dip
		21116		
		21117		
21078				
	20960			
21079				
21080				
			21086
			21087
		21118		
	20961			
21081				
			21088


---------------------------------
plain	jelly	coconut	honey-dip
		21246		
		21247		
		21248		
		21249		
	21096			
	21097			
			21221
21205				
	21098			
			21222
21206				
21207	

---------------------------------
plain	jelly	coconut	honey-dip
		21439		
	21297			
	21298			
21409				
			21427
			21428
		21440		
		21441		
	21299			
21410				
			21429
			21430


---------------------------------
plain	jelly	coconut	honey-dip
	21431			
	21432			
			21573
			21574
		21595		
	21433			
	21434			
			21575
		21596		
		21597		
21573				
		21598	

---------------------------------
plain	jelly	coconut	honey-dip
	21569			
			21708
21715				
			21709
	21570			
		21732		
		21733		
21716				
		21734		
	21571			
21717				
21718	

---------------------------------
plain	jelly	coconut	honey-dip
			21850
21853				
			21851
	21714			
			21852
	21715			
		21871		
21854				
	21716			
21855				
21856				
		21872	

---------------------------------
plain	jelly	coconut	honey-dip
	21851			
		22020		
			21982
			21983
		22021		
		22022		
21987				
	21852			
		22023		
			21984
			21985
21988	

---------------------------------
plain	jelly	coconut	honey-dip
			22162
		22212		
		22213		
	22060			
	22061			
			22163
		22214		
		22215		
	22062			
		22216		
			22164
	22063	

---------------------------------
plain	jelly	coconut	honey-dip
			22302
	22215			
		22380		
	22216			
22311				
	22217			
	22218			
		22381		
22312				
			22303
		22382		
			22304


---------------------------------
plain	jelly	coconut	honey-dip
			22447
22450				
	22346			
			22448
22451				
22452				
			22449
	22347			
	22348			
	22349			
	22350			
		22529	

---------------------------------
plain	jelly	coconut	honey-dip
		22664		
22594				
			22582
		22665		
		22666		
	22508			
		22667		
		22668		
			22583
22595				
	22509			
	22510	

---------------------------------
plain	jelly	coconut	honey-dip
			22736
			22737
			22738
22738				
			22739
22739				
		22798		
22740				
22741				
	22688			
			22740
22742	

---------------------------------
plain	jelly	coconut	honey-dip
		22914		
			22873
		22915		
	22804			
	22805			
			22874
			22875
			22876
22861				
		22916		
			22877
22862	

---------------------------------
plain	jelly	coconut	honey-dip
22999				
	22946			
	22947			
23000				
	22948			
			23010
23001				
23002				
	22949			
			23011
		23061		
23003	

---------------------------------
plain	jelly	coconut	honey-dip
	23055			
	23056			
			23108
	23057			
		23166		
23119				
23120				
23121				
	23058			
		23167		
			23109
	23059	

---------------------------------
plain	jelly	coconut	honey-dip
		23554		
	23418			
			23463
			23464
23465				
			23465
		23555		
	23419			
	23420			
	23421			
			23466
			23467


---------------------------------
plain	jelly	coconut	honey-dip
		23704		
23599				
23600				
			23597
		23705		
	23564			
	23565			
			23598
23601				
			23599
	23566			
			23600


---------------------------------
plain	jelly	coconut	honey-dip
			23743
		23844		
	23690			
			23744
	23691			
			23745
		23845		
			23746
23751				
			23747
		23846		
23752	

---------------------------------
plain	jelly	coconut	honey-dip
		23996		
		23997		
23873				
	23829			
	23830			
		23998		
	23831			
		23999		
		24000		
	23832			
			23882
	23833	

---------------------------------
plain	jelly	coconut	honey-dip
		24212		
24069				
24070				
		24213		
		24214		
24071				
24072				
	24044			
	24045			
			24083
	24046			
24073	

---------------------------------
plain	jelly	coconut	honey-dip
		24352		
24211				
			24224
		24353		
24212				
	24197			
			24225
24213				
	24198			
			24226
		24354		
			24227


---------------------------------
plain	jelly	coconut	honey-dip
		24476		
24345				
			24326
			24327
	24341			
24346				
			24328
		24477		
		24478		
	24342			
24347				
24348	

---------------------------------
plain	jelly	coconut	honey-dip
24485				
		24614		
24486				
24487				
24488				
		24615		
	24453			
	24454			
			24440
			24441
		24616		
			24442


---------------------------------
plain	jelly	coconut	honey-dip
	24594			
		24742		
			24543
	24595			
		24743		
			24544
		24744		
			24545
		24745		
		24746		
24605				
24606	

---------------------------------
plain	jelly	coconut	honey-dip
		24869		
			24682
		24870		
			24683
	24752			
			24684
	24753			
24745				
		24871		
24746				
		24872		
			24685


---------------------------------
plain	jelly	coconut	honey-dip
		25014		
	24907			
24930				
24931				
		25015		
			24857
			24858
	24908			
			24859
			24860
	24909			
	24910	

---------------------------------
plain	jelly	coconut	honey-dip
		25129		
25035				
	25044			
	25045			
25036				
	25046			
	25047			
		25130		
		25131		
		25132		
		25133		
25037	

---------------------------------
plain	jelly	coconut	honey-dip
			25139
			25140
		25297		
		25298		
			25141
		25299		
25203				
		25300		
	25197			
	25198			
25204				
		25301	

---------------------------------
plain	jelly	coconut	honey-dip
	25332			
	25333			
		25450		
	25334			
		25451		
			25268
		25452		
	25335			
			25269
25338				
			25270
		25453	

---------------------------------
plain	jelly	coconut	honey-dip
	25528			
25531				
	25529			
		25681		
	25530			
			25488
	25531			
			25489
	25532			
	25533			
			25490
	25534	

---------------------------------
plain	jelly	coconut	honey-dip
25678				
25679				
			25653
		25838		
25680				
	25695			
	25696			
			25654
	25697			
			25655
25681				
		25839	

---------------------------------
plain	jelly	coconut	honey-dip
			25757
			25758
		25932		
	25788			
	25789			
	25790			
25771				
		25933		
			25759
	25791			
25772				
		25934	

---------------------------------
plain	jelly	coconut	honey-dip
			25965
			25966
	25954			
		26124		
		26125		
	25955			
		26126		
			25967
	25956			
		26127		
			25968
		26128	

---------------------------------
plain	jelly	coconut	honey-dip
			26073
			26074
26091				
26092				
	26093			
		26287		
			26075
26093				
	26094			
			26076
26094				
	26095	

---------------------------------
plain	jelly	coconut	honey-dip
		26420		
	26214			
	26215			
26212				
26213				
	26216			
26214				
			26214
26215				
			26215
	26217			
	26218	

---------------------------------
plain	jelly	coconut	honey-dip
		26543		
		26544		
26343				
		26545		
		26546		
	26358			
	26359			
		26547		
			26332
			26333
26344				
			26334


---------------------------------
plain	jelly	coconut	honey-dip
			26468
			26469
26453				
26454				
	26486			
			26470
26455				
	26487			
26456				
			26471
26457				
26458	

---------------------------------
plain	jelly	coconut	honey-dip
			26633
			26634
		26866		
	26648			
			26635
		26867		
26665				
			26636
	26649			
	26650			
26666				
26667	

---------------------------------
plain	jelly	coconut	honey-dip
			26746
			26747
			26748
			26749
			26750
			26751
		26984		
26769				
	26769			
	26770			
			26752
	26771	

---------------------------------
plain	jelly	coconut	honey-dip
	26876			
		27078		
			26863
	26877			
26871				
26872				
		27079		
			26864
	26878			
	26879			
	26880			
26873	

---------------------------------
plain	jelly	coconut	honey-dip
	26979			
			26971
26985				
26986				
26987				
	26980			
			26972
			26973
			26974
		27209		
		27210		
	26981	

---------------------------------
plain	jelly	coconut	honey-dip
			27085
	27075			
		27329		
	27076			
27111				
27112				
27113				
27114				
			27086
	27077			
	27078			
27115	

---------------------------------
plain	jelly	coconut	honey-dip
		27474		
		27475		
27292				
27293				
	27212			
27294				
		27476		
27295				
		27477		
	27213			
27296				
	27214	

---------------------------------
plain	jelly	coconut	honey-dip
		27591		
			27341
27416				
27417				
27418				
	27320			
			27342
		27592		
			27343
	27321			
			27344
	27322	

---------------------------------
plain	jelly	coconut	honey-dip
27536				
27537				
27538				
27539				
		27698		
			27439
	27427			
27540				
	27428			
			27440
27541				
			27441


---------------------------------
plain	jelly	coconut	honey-dip
			27534
			27535
27638				
27639				
		27789		
	27523			
27640				
	27524			
27641				
			27536
27642				
			27537


---------------------------------
plain	jelly	coconut	honey-dip
27768				
27769				
27770				
	27654			
27771				
	27655			
	27656			
27772				
27773				
	27657			
	27658			
	27659	

---------------------------------
plain	jelly	coconut	honey-dip
			27775
	27793			
			27776
			27777
			27778
	27794			
			27779
	27795			
			27780
			27781
	27796			
		28005	

---------------------------------
plain	jelly	coconut	honey-dip
27998				
27999				
28000				
	27897			
28001				
28002				
		28108		
28003				
			27885
28004				
			27886
			27887


