---------------------------------
plain	jelly	coconut	honey-dip
		2536		
			2565
2508				
2509				
2510				
			2566
			2567
	2555			
2511				
2512				
2513				
2514	

---------------------------------
plain	jelly	coconut	honey-dip
2910				
		2928		
	2913			
		2929		
			2961
	2914			
	2915			
		2930		
	2916			
		2931		
		2932		
	2917	

---------------------------------
plain	jelly	coconut	honey-dip
		3077		
3064				
	3055			
		3078		
			3116
		3079		
	3056			
			3117
3065				
3066				
		3080		
		3081	

---------------------------------
plain	jelly	coconut	honey-dip
	3182			
			3278
			3279
			3280
3214				
		3214		
		3215		
			3281
	3183			
			3282
			3283
	3184	

---------------------------------
plain	jelly	coconut	honey-dip
3342				
			3393
	3319			
	3320			
3343				
		3314		
3344				
			3394
		3315		
			3395
		3316		
	3321	

---------------------------------
plain	jelly	coconut	honey-dip
	3413			
	3414			
	3415			
	3416			
	3417			
		3451		
	3418			
		3452		
			3518
3454				
			3519
		3453	

---------------------------------
plain	jelly	coconut	honey-dip
3571				
		3579		
	3531			
		3580		
		3581		
	3532			
			3635
		3582		
			3636
		3583		
			3637
			3638


---------------------------------
plain	jelly	coconut	honey-dip
	3773			
3764				
	3774			
			3868
			3869
		3811		
	3775			
	3776			
			3870
			3871
	3777			
		3812	

---------------------------------
plain	jelly	coconut	honey-dip
		3904		
	3910			
3873				
3874				
3875				
	3911			
	3912			
	3913			
3876				
		3905		
		3906		
3877	

---------------------------------
plain	jelly	coconut	honey-dip
4026				
4027				
4028				
4029				
			4116
4030				
4031				
		4047		
4032				
	4047			
	4048			
		4048	

---------------------------------
plain	jelly	coconut	honey-dip
			4267
		4193		
	4185			
	4186			
		4194		
4179				
	4187			
			4268
		4195		
			4269
4180				
4181	

---------------------------------
plain	jelly	coconut	honey-dip
	4318			
		4331		
4303				
4304				
4305				
			4388
	4319			
4306				
			4389
4307				
4308				
4309	

---------------------------------
plain	jelly	coconut	honey-dip
4406				
	4425			
4407				
4408				
	4426			
4409				
			4494
			4495
	4427			
			4496
			4497
			4498


---------------------------------
plain	jelly	coconut	honey-dip
	4536			
4515				
	4537			
			4602
	4538			
		4515		
4516				
	4539			
		4516		
4517				
4518				
4519	

---------------------------------
plain	jelly	coconut	honey-dip
	4637			
4636				
	4638			
			4726
		4649		
		4650		
		4651		
	4639			
		4652		
		4653		
		4654		
		4655	

---------------------------------
plain	jelly	coconut	honey-dip
			4866
	4818			
	4819			
			4867
	4820			
4815				
		4785		
	4821			
		4786		
4816				
		4787		
		4788	

---------------------------------
plain	jelly	coconut	honey-dip
4937				
		4896		
	4948			
	4949			
			4971
	4950			
	4951			
	4952			
		4897		
			4972
		4898		
		4899	

---------------------------------
plain	jelly	coconut	honey-dip
		5039		
	5074			
		5040		
			5125
		5041		
			5126
		5042		
5054				
			5127
5055				
		5043		
	5075	

---------------------------------
plain	jelly	coconut	honey-dip
5191				
		5205		
			5255
5192				
			5256
			5257
		5206		
	5253			
	5254			
5193				
		5207		
		5208	

---------------------------------
plain	jelly	coconut	honey-dip
5333				
			5387
			5388
	5387			
			5389
	5388			
	5389			
			5390
			5391
5334				
			5392
			5393


---------------------------------
plain	jelly	coconut	honey-dip
			5464
5426				
	5464			
		5414		
	5465			
	5466			
		5415		
	5467			
	5468			
	5469			
	5470			
5427	

---------------------------------
plain	jelly	coconut	honey-dip
	5573			
5513				
		5500		
			5542
			5543
5514				
5515				
		5501		
5516				
	5574			
		5502		
		5503	

---------------------------------
plain	jelly	coconut	honey-dip
	5766			
	5767			
		5723		
			5733
	5768			
	5769			
			5734
	5770			
	5771			
5722				
			5735
5723	

---------------------------------
plain	jelly	coconut	honey-dip
	5858			
5814				
	5859			
5815				
5816				
5817				
		5808		
	5860			
			5824
	5861			
			5825
5818	

---------------------------------
plain	jelly	coconut	honey-dip
			5937
		5917		
			5938
			5939
5911				
			5940
	5995			
5912				
		5918		
5913				
5914				
		5919	

---------------------------------
plain	jelly	coconut	honey-dip
6173				
			6217
	6277			
			6218
	6278			
6174				
			6219
		6161		
		6162		
		6163		
			6220
	6279	

---------------------------------
plain	jelly	coconut	honey-dip
	6415			
6301				
		6310		
			6354
6302				
		6311		
			6355
	6416			
			6356
	6417			
	6418			
		6312	

---------------------------------
plain	jelly	coconut	honey-dip
6434				
	6570			
			6492
		6448		
	6571			
		6449		
6435				
			6493
			6494
			6495
	6572			
6436	

---------------------------------
plain	jelly	coconut	honey-dip
	6686			
6561				
		6565		
			6612
	6687			
	6688			
6562				
	6689			
	6690			
	6691			
		6566		
		6567	

---------------------------------
plain	jelly	coconut	honey-dip
			6763
	6813			
			6764
	6814			
	6815			
		6692		
	6816			
6720				
			6765
			6766
	6817			
6721	

---------------------------------
plain	jelly	coconut	honey-dip
			6953
			6954
	6975			
6925				
			6955
			6956
			6957
	6976			
			6958
			6959
			6960
	6977	

---------------------------------
plain	jelly	coconut	honey-dip
		6936		
			7065
7018				
			7066
			7067
		6937		
	7073			
	7074			
	7075			
			7068
7019				
	7076	

---------------------------------
plain	jelly	coconut	honey-dip
7127				
	7198			
	7199			
			7210
			7211
	7200			
7128				
			7212
		7061		
		7062		
7129				
7130	

---------------------------------
plain	jelly	coconut	honey-dip
7288				
	7390			
			7378
7289				
			7379
		7260		
			7380
			7381
	7391			
			7382
			7383
			7384


---------------------------------
plain	jelly	coconut	honey-dip
			7546
7446				
7447				
		7434		
		7435		
	7562			
7448				
7449				
	7563			
	7564			
	7565			
7450	

---------------------------------
plain	jelly	coconut	honey-dip
		7550		
7571				
7572				
		7551		
7573				
			7693
7574				
		7552		
		7553		
			7694
	7702			
7575	

---------------------------------
plain	jelly	coconut	honey-dip
			7842
7700				
	7835			
7701				
		7691		
	7836			
	7837			
		7692		
		7693		
		7694		
			7843
7702	

---------------------------------
plain	jelly	coconut	honey-dip
		7812		
		7813		
	7974			
			7988
		7814		
			7989
		7815		
		7816		
	7975			
			7990
	7976			
	7977	

---------------------------------
plain	jelly	coconut	honey-dip
8016				
8017				
		7965		
8018				
	8124			
			8163
	8125			
		7966		
	8126			
		7967		
		7968		
	8127	

---------------------------------
plain	jelly	coconut	honey-dip
8172				
		8120		
			8311
			8312
			8313
		8121		
	8277			
		8122		
8173				
		8123		
	8278			
	8279	

---------------------------------
plain	jelly	coconut	honey-dip
		8255		
		8256		
8298				
			8436
8299				
	8431			
			8437
	8432			
			8438
			8439
	8433			
8300	

---------------------------------
plain	jelly	coconut	honey-dip
8438				
8439				
			8562
	8571			
8440				
8441				
	8572			
			8563
8442				
8443				
			8564
			8565


---------------------------------
plain	jelly	coconut	honey-dip
		8561		
		8562		
			8721
	8724			
	8725			
	8726			
		8563		
		8564		
	8727			
			8722
		8565		
		8566	

---------------------------------
plain	jelly	coconut	honey-dip
		8733		
8765				
		8734		
		8735		
			8896
	8898			
		8736		
8766				
8767				
		8737		
			8897
		8738	

---------------------------------
plain	jelly	coconut	honey-dip
	9053			
		8891		
			9062
8922				
		8892		
	9054			
		8893		
	9055			
			9063
		8894		
8923				
		8895	

---------------------------------
plain	jelly	coconut	honey-dip
	9200			
			9212
			9213
			9214
9071				
		9045		
	9201			
		9046		
9072				
9073				
		9047		
		9048	

---------------------------------
plain	jelly	coconut	honey-dip
			9350
	9346			
9216				
		9192		
	9347			
		9193		
	9348			
9217				
			9351
			9352
			9353
	9349	

---------------------------------
plain	jelly	coconut	honey-dip
		9331		
9328				
9329				
	9485			
			9488
			9489
9330				
			9490
9331				
	9486			
			9491
			9492


---------------------------------
plain	jelly	coconut	honey-dip
		9434		
			9591
9450				
	9577			
			9592
			9593
9451				
9452				
			9594
9453				
9454				
			9595


---------------------------------
plain	jelly	coconut	honey-dip
			9785
		9647		
	9791			
			9786
		9648		
9681				
		9649		
		9650		
			9787
9682				
		9651		
9683	

---------------------------------
plain	jelly	coconut	honey-dip
	9943			
	9944			
	9945			
	9946			
	9947			
	9948			
9812				
			9927
			9928
	9949			
9813				
	9950	

---------------------------------
plain	jelly	coconut	honey-dip
9967				
		9966		
		9967		
	10119			
9968				
		9968		
		9969		
			10100
	10120			
9969				
			10101
9970	

---------------------------------
plain	jelly	coconut	honey-dip
		10116		
10097				
10098				
			10245
		10117		
10099				
		10118		
	10270			
	10271			
10100				
10101				
10102	

---------------------------------
plain	jelly	coconut	honey-dip
		10239		
	10421			
	10422			
		10240		
			10371
	10423			
10225				
10226				
		10241		
		10242		
	10424			
			10372


---------------------------------
plain	jelly	coconut	honey-dip
	10576			
		10386		
	10577			
		10387		
10362				
			10532
10363				
		10388		
10364				
10365				
10366				
			10533


---------------------------------
plain	jelly	coconut	honey-dip
10517				
	10732			
	10733			
	10734			
10518				
			10682
10519				
10520				
	10735			
10521				
	10736			
10522	

---------------------------------
plain	jelly	coconut	honey-dip
			10798
		10611		
	10834			
10621				
			10799
		10612		
		10613		
	10835			
		10614		
	10836			
	10837			
10622	

---------------------------------
plain	jelly	coconut	honey-dip
10771				
			10921
		10778		
		10779		
		10780		
10772				
		10781		
10773				
		10782		
10774				
10775				
			10922


---------------------------------
plain	jelly	coconut	honey-dip
	11109			
			11079
		10937		
10927				
			11080
		10938		
		10939		
		10940		
		10941		
	11110			
		10942		
		10943	

---------------------------------
plain	jelly	coconut	honey-dip
	11279			
		11103		
			11255
11075				
11076				
			11256
			11257
11077				
	11280			
11078				
		11104		
			11258


---------------------------------
plain	jelly	coconut	honey-dip
			11467
11266				
			11468
	11479			
			11469
		11304		
	11480			
			11470
11267				
			11471
	11481			
		11305	

---------------------------------
plain	jelly	coconut	honey-dip
			11593
			11594
			11595
			11596
11387				
		11423		
11388				
		11424		
		11425		
		11426		
		11427		
			11597


---------------------------------
plain	jelly	coconut	honey-dip
	11760			
			11758
			11759
11538				
			11760
		11588		
	11761			
	11762			
11539				
			11761
			11762
	11763	

---------------------------------
plain	jelly	coconut	honey-dip
	11866			
	11867			
	11868			
		11702		
	11869			
11686				
			11858
	11870			
			11859
11687				
11688				
			11860


---------------------------------
plain	jelly	coconut	honey-dip
		11824		
11820				
		11825		
11821				
		11826		
		11827		
	11981			
			12003
			12004
		11828		
11822				
			12005


---------------------------------
plain	jelly	coconut	honey-dip
	12103			
		11967		
	12104			
	12105			
			12148
	12106			
	12107			
	12108			
	12109			
			12149
	12110			
11962	

---------------------------------
plain	jelly	coconut	honey-dip
	12227			
		12081		
12092				
12093				
	12228			
			12248
	12229			
12094				
			12249
12095				
	12230			
12096	

---------------------------------
plain	jelly	coconut	honey-dip
			12362
			12363
	12331			
			12364
		12196		
			12365
			12366
12203				
12204				
		12197		
			12367
		12198	

---------------------------------
plain	jelly	coconut	honey-dip
			12508
12344				
		12329		
		12330		
			12509
			12510
			12511
			12512
			12513
12345				
	12451			
	12452	

---------------------------------
plain	jelly	coconut	honey-dip
		12454		
		12455		
	12566			
			12658
			12659
		12456		
12458				
		12457		
			12660
			12661
			12662
			12663


---------------------------------
plain	jelly	coconut	honey-dip
12604				
12605				
			12791
12606				
12607				
12608				
12609				
	12687			
12610				
		12618		
	12688			
		12619	

---------------------------------
plain	jelly	coconut	honey-dip
			12886
	12799			
	12800			
	12801			
			12887
12756				
	12802			
		12715		
		12716		
12757				
		12717		
		12718	

---------------------------------
plain	jelly	coconut	honey-dip
		12970		
		12971		
13009				
	13029			
			13132
13010				
		12972		
13011				
			13133
			13134
	13030			
13012	

---------------------------------
plain	jelly	coconut	honey-dip
	13155			
			13257
		13106		
	13156			
			13258
13138				
			13259
		13107		
	13157			
		13108		
	13158			
		13109	

---------------------------------
plain	jelly	coconut	honey-dip
	13334			
			13425
	13335			
13308				
	13336			
	13337			
			13426
13309				
	13338			
			13427
	13339			
			13428


---------------------------------
plain	jelly	coconut	honey-dip
			13578
	13492			
	13493			
	13494			
		13398		
13460				
13461				
		13399		
		13400		
			13579
			13580
		13401	

---------------------------------
plain	jelly	coconut	honey-dip
		13539		
	13639			
			13723
		13540		
13627				
13628				
	13640			
	13641			
		13541		
13629				
	13642			
			13724


---------------------------------
plain	jelly	coconut	honey-dip
		13673		
	13791			
13769				
		13674		
			13871
	13792			
		13675		
		13676		
			13872
		13677		
		13678		
			13873


---------------------------------
plain	jelly	coconut	honey-dip
		13831		
13920				
	13949			
			14040
13921				
13922				
	13950			
	13951			
13923				
		13832		
		13833		
		13834	

---------------------------------
plain	jelly	coconut	honey-dip
	14113			
	14114			
14049				
		13994		
	14115			
	14116			
14050				
			14208
		13995		
14051				
	14117			
			14209


---------------------------------
plain	jelly	coconut	honey-dip
14186				
		14140		
			14350
14187				
		14141		
			14351
			14352
	14240			
	14241			
			14353
			14354
			14355


---------------------------------
plain	jelly	coconut	honey-dip
			14478
			14479
		14286		
	14359			
		14287		
			14480
			14481
		14288		
14309				
14310				
	14360			
		14289	

---------------------------------
plain	jelly	coconut	honey-dip
			14633
		14430		
		14431		
14452				
	14493			
		14432		
		14433		
			14634
	14494			
14453				
	14495			
			14635


---------------------------------
plain	jelly	coconut	honey-dip
		14602		
	14645			
		14603		
			14777
	14646			
	14647			
			14778
		14604		
			14779
		14605		
14596				
			14780


---------------------------------
plain	jelly	coconut	honey-dip
		14745		
			14942
			14943
		14746		
14731				
	14802			
		14747		
14732				
		14748		
	14803			
14733				
		14749	

---------------------------------
plain	jelly	coconut	honey-dip
			15077
14886				
			15078
			15079
	14945			
			15080
14887				
14888				
	14946			
		14900		
		14901		
		14902	

---------------------------------
plain	jelly	coconut	honey-dip
		15035		
	15074			
15026				
			15201
15027				
			15202
	15075			
		15036		
			15203
			15204
	15076			
	15077	

---------------------------------
plain	jelly	coconut	honey-dip
			15320
15149				
		15171		
15150				
15151				
15152				
		15172		
	15188			
			15321
	15189			
15153				
		15173	

---------------------------------
plain	jelly	coconut	honey-dip
15288				
	15334			
			15449
			15450
15289				
15290				
		15309		
	15335			
		15310		
15291				
			15451
15292	

---------------------------------
plain	jelly	coconut	honey-dip
	15468			
	15469			
			15580
		15444		
	15470			
			15581
		15445		
	15471			
			15582
	15472			
15404				
			15583


---------------------------------
plain	jelly	coconut	honey-dip
15535				
15536				
			15709
15537				
		15581		
	15587			
		15582		
	15588			
		15583		
15538				
			15710
15539	

---------------------------------
plain	jelly	coconut	honey-dip
		15772		
		15773		
15719				
	15766			
			15887
	15767			
			15888
15720				
			15889
15721				
15722				
15723	

---------------------------------
plain	jelly	coconut	honey-dip
15856				
		15916		
		15917		
15857				
	15901			
15858				
		15918		
	15902			
			16011
15859				
15860				
	15903	

---------------------------------
plain	jelly	coconut	honey-dip
15987				
15988				
			16127
			16128
15989				
15990				
			16129
			16130
15991				
15992				
			16131
	16039	

---------------------------------
plain	jelly	coconut	honey-dip
16083				
		16116		
	16135			
		16117		
		16118		
16084				
			16226
16085				
	16136			
	16137			
16086				
16087	

---------------------------------
plain	jelly	coconut	honey-dip
	16346			
		16349		
			16442
	16347			
16299				
	16348			
16300				
		16350		
	16349			
		16351		
16301				
16302	

---------------------------------
plain	jelly	coconut	honey-dip
	16499			
			16561
16423				
16424				
			16562
		16481		
			16563
		16482		
		16483		
16425				
	16500			
16426	

---------------------------------
plain	jelly	coconut	honey-dip
		16619		
	16637			
			16693
16555				
			16694
16556				
16557				
			16695
		16620		
		16621		
			16696
			16697


---------------------------------
plain	jelly	coconut	honey-dip
			16892
			16893
16774				
	16839			
	16840			
16775				
	16841			
	16842			
	16843			
		16803		
	16844			
			16894


---------------------------------
plain	jelly	coconut	honey-dip
	16935			
16906				
16907				
		16913		
			17010
		16914		
		16915		
16908				
		16916		
16909				
		16917		
		16918	

---------------------------------
plain	jelly	coconut	honey-dip
			17168
		17107		
			17169
		17108		
		17109		
17061				
		17110		
			17170
17062				
	17100			
			17171
17063	

---------------------------------
plain	jelly	coconut	honey-dip
			17366
17264				
		17325		
		17326		
	17297			
17265				
			17367
			17368
		17327		
			17369
		17328		
17266	

---------------------------------
plain	jelly	coconut	honey-dip
	17423			
		17491		
17400				
			17490
17401				
			17491
			17492
		17492		
			17493
17402				
	17424			
	17425	

---------------------------------
plain	jelly	coconut	honey-dip
			17613
17509				
17510				
		17590		
			17614
17511				
		17591		
17512				
17513				
17514				
17515				
	17560	

---------------------------------
plain	jelly	coconut	honey-dip
			17744
			17745
	17684			
		17721		
17663				
	17685			
	17686			
	17687			
			17746
	17688			
17664				
	17689	

---------------------------------
plain	jelly	coconut	honey-dip
		17837		
17780				
		17838		
			17853
	17798			
	17799			
	17800			
17781				
		17839		
		17840		
	17801			
17782	

---------------------------------
plain	jelly	coconut	honey-dip
	17914			
17906				
17907				
	17915			
17908				
			17958
	17916			
17909				
		17982		
17910				
17911				
		17983	

---------------------------------
plain	jelly	coconut	honey-dip
	18048			
18040				
18041				
			18087
		18101		
		18102		
		18103		
		18104		
	18049			
		18105		
		18106		
	18050	

---------------------------------
plain	jelly	coconut	honey-dip
	18220			
			18244
			18245
			18246
		18255		
		18256		
	18221			
			18247
		18257		
18205				
		18258		
			18248


---------------------------------
plain	jelly	coconut	honey-dip
			18565
	18556			
		18617		
			18566
			18567
			18568
			18569
	18557			
		18618		
			18570
	18558			
		18619	

---------------------------------
plain	jelly	coconut	honey-dip
	18669			
		18745		
	18670			
		18746		
18670				
	18671			
	18672			
	18673			
	18674			
			18700
18671				
		18747	

---------------------------------
plain	jelly	coconut	honey-dip
	18892			
	18893			
18890				
		18927		
18891				
	18894			
18892				
		18928		
	18895			
		18929		
18893				
	18896	

---------------------------------
plain	jelly	coconut	honey-dip
19047				
			19031
			19032
	19014			
			19033
		19072		
			19034
	19015			
19048				
	19016			
		19073		
	19017	

---------------------------------
plain	jelly	coconut	honey-dip
	19154			
	19155			
		19196		
		19197		
			19174
19168				
19169				
19170				
	19156			
	19157			
		19198		
		19199	

---------------------------------
plain	jelly	coconut	honey-dip
	19276			
		19353		
	19277			
		19354		
	19278			
		19355		
	19279			
		19356		
			19323
	19280			
19316				
			19324


---------------------------------
plain	jelly	coconut	honey-dip
			19491
	19421			
		19503		
19477				
			19492
			19493
19478				
			19494
		19504		
			19495
	19422			
19479	

---------------------------------
plain	jelly	coconut	honey-dip
		19603		
19605				
		19604		
			19605
			19606
19606				
			19607
	19535			
19607				
	19536			
	19537			
			19608


---------------------------------
plain	jelly	coconut	honey-dip
19823				
		19846		
			19827
			19828
			19829
19824				
	19752			
			19830
19825				
	19753			
			19831
19826	

---------------------------------
plain	jelly	coconut	honey-dip
			19933
			19934
19925				
19926				
19927				
	19846			
		19952		
19928				
		19953		
19929				
			19935
		19954	

---------------------------------
plain	jelly	coconut	honey-dip
			20093
	19991			
			20094
			20095
	19992			
20050				
	19993			
20051				
		20074		
20052				
20053				
			20096


---------------------------------
plain	jelly	coconut	honey-dip
	20121			
		20204		
		20205		
	20122			
20163				
20164				
20165				
20166				
			20212
	20123			
	20124			
			20213


---------------------------------
plain	jelly	coconut	honey-dip
			20383
	20308			
	20309			
		20389		
20352				
20353				
		20390		
20354				
20355				
20356				
		20391		
		20392	

---------------------------------
plain	jelly	coconut	honey-dip
	20431			
			20531
	20432			
			20532
		20539		
		20540		
		20541		
			20533
			20534
	20433			
20483				
	20434	

---------------------------------
plain	jelly	coconut	honey-dip
20610				
20611				
		20686		
20612				
			20669
			20670
20613				
		20687		
		20688		
		20689		
		20690		
20614	

---------------------------------
plain	jelly	coconut	honey-dip
			20816
			20817
20783				
		20836		
20784				
		20837		
20785				
	20701			
		20838		
			20818
20786				
		20839	

---------------------------------
plain	jelly	coconut	honey-dip
		20994		
			20969
			20970
	20841			
20956				
	20842			
			20971
			20972
20957				
20958				
	20843			
	20844	

---------------------------------
plain	jelly	coconut	honey-dip
			21082
			21083
21074				
			21084
		21114		
21075				
	20958			
21076				
			21085
		21115		
	20959			
21077	

---------------------------------
plain	jelly	coconut	honey-dip
	21076			
	21077			
	21078			
	21079			
			21204
21187				
		21229		
			21205
21188				
			21206
	21080			
21189	

---------------------------------
plain	jelly	coconut	honey-dip
21293				
			21331
		21343		
		21344		
			21332
21294				
	21197			
			21333
21295				
		21345		
		21346		
			21334


---------------------------------
plain	jelly	coconut	honey-dip
			21526
			21527
		21552		
		21553		
21513				
21514				
			21528
			21529
21515				
			21530
	21389			
21516	

---------------------------------
plain	jelly	coconut	honey-dip
	21505			
		21670		
21652				
21653				
	21506			
		21671		
		21672		
		21673		
21654				
			21645
		21674		
21655	

---------------------------------
plain	jelly	coconut	honey-dip
			21816
21819				
		21825		
21820				
	21672			
			21817
	21673			
		21826		
	21674			
21821				
	21675			
	21676	

---------------------------------
plain	jelly	coconut	honey-dip
			21928
		21960		
	21794			
	21795			
21930				
			21929
	21796			
		21961		
		21962		
21931				
		21963		
		21964	

---------------------------------
plain	jelly	coconut	honey-dip
	22022			
	22023			
22135				
			22126
			22127
	22024			
		22169		
			22128
		22170		
22136				
	22025			
			22129


---------------------------------
plain	jelly	coconut	honey-dip
			22259
			22260
		22323		
	22165			
22269				
	22166			
			22261
	22167			
			22262
22270				
	22168			
			22263


---------------------------------
plain	jelly	coconut	honey-dip
			22354
22377				
			22355
		22450		
	22279			
			22356
			22357
	22280			
			22358
		22451		
		22452		
			22359


---------------------------------
plain	jelly	coconut	honey-dip
	22408			
22515				
		22579		
	22409			
	22410			
	22411			
22516				
	22412			
22517				
		22580		
	22413			
		22581	

---------------------------------
plain	jelly	coconut	honey-dip
			22634
22652				
		22717		
			22635
	22573			
		22718		
			22636
22653				
			22637
	22574			
22654				
22655	

---------------------------------
plain	jelly	coconut	honey-dip
		22818		
		22819		
22761				
	22709			
	22710			
			22756
			22757
			22758
		22820		
22762				
22763				
22764	

---------------------------------
plain	jelly	coconut	honey-dip
			22922
		22943		
22896				
22897				
		22944		
			22923
	22847			
	22848			
22898				
22899				
			22924
		22945	

---------------------------------
plain	jelly	coconut	honey-dip
			23110
			23111
23122				
		23168		
	23060			
			23112
	23061			
23123				
	23062			
		23169		
23124				
		23170	

---------------------------------
plain	jelly	coconut	honey-dip
	23202			
			23260
	23203			
			23261
			23262
			23263
	23204			
	23205			
		23321		
		23322		
		23323		
			23264


---------------------------------
plain	jelly	coconut	honey-dip
23388				
			23386
		23476		
23389				
	23350			
23390				
		23477		
			23387
			23388
			23389
23391				
23392	

---------------------------------
plain	jelly	coconut	honey-dip
	23454			
			23489
23493				
23494				
			23490
			23491
23495				
23496				
23497				
		23584		
			23492
	23455	

---------------------------------
plain	jelly	coconut	honey-dip
			23604
			23605
23617				
23618				
23619				
			23606
23620				
			23607
			23608
		23723		
	23580			
		23724	

---------------------------------
plain	jelly	coconut	honey-dip
		23850		
			23751
			23752
	23694			
23757				
23758				
		23851		
	23695			
			23753
		23852		
		23853		
	23696	

---------------------------------
plain	jelly	coconut	honey-dip
			23896
	23847			
			23897
		24018		
	23848			
23891				
	23849			
23892				
		24019		
	23850			
		24020		
	23851	

---------------------------------
plain	jelly	coconut	honey-dip
		24163		
	24003			
			24043
			24044
		24164		
			24045
		24165		
			24046
	24004			
		24166		
			24047
24031	

---------------------------------
plain	jelly	coconut	honey-dip
			24166
24161				
		24298		
			24167
		24299		
		24300		
24162				
	24143			
		24301		
			24168
		24302		
		24303	

---------------------------------
plain	jelly	coconut	honey-dip
		24426		
		24427		
		24428		
	24288			
	24289			
24304				
		24429		
24305				
24306				
		24430		
24307				
24308	

---------------------------------
plain	jelly	coconut	honey-dip
	24484			
			24464
24514				
		24650		
24515				
		24651		
24516				
	24485			
		24652		
24517				
	24486			
24518	

---------------------------------
plain	jelly	coconut	honey-dip
			24589
	24639			
24645				
			24590
		24779		
		24780		
24646				
		24781		
	24640			
		24782		
24647				
		24783	

---------------------------------
plain	jelly	coconut	honey-dip
			24855
	24901			
		25012		
	24902			
	24903			
			24856
	24904			
	24905			
24928				
		25013		
24929				
	24906	

---------------------------------
plain	jelly	coconut	honey-dip
25038				
25039				
			24980
			24981
			24982
			24983
			24984
		25134		
		25135		
		25136		
25040				
25041	

---------------------------------
plain	jelly	coconut	honey-dip
	25184			
	25185			
		25279		
25177				
			25124
		25280		
		25281		
			25125
25178				
25179				
		25282		
25180	

---------------------------------
plain	jelly	coconut	honey-dip
		25485		
	25357			
25364				
		25486		
			25302
			25303
	25358			
		25487		
	25359			
			25304
	25360			
			25305


---------------------------------
plain	jelly	coconut	honey-dip
		25649		
		25650		
			25456
			25457
			25458
	25500			
		25651		
			25459
			25460
	25501			
25503				
		25652	

---------------------------------
plain	jelly	coconut	honey-dip
25631				
	25652			
25632				
			25599
25633				
25634				
			25600
	25653			
25635				
			25601
			25602
25636	

---------------------------------
plain	jelly	coconut	honey-dip
			25717
			25718
25739				
		25893		
			25719
			25720
25740				
25741				
	25755			
	25756			
		25894		
25742	

---------------------------------
plain	jelly	coconut	honey-dip
	25874			
			25847
25870				
25871				
		26041		
		26042		
	25875			
	25876			
			25848
			25849
		26043		
		26044	

---------------------------------
plain	jelly	coconut	honey-dip
26014				
		26189		
	26028			
			26013
26015				
26016				
26017				
		26190		
			26014
	26029			
26018				
	26030	

---------------------------------
plain	jelly	coconut	honey-dip
	26136			
26130				
		26333		
		26334		
		26335		
			26137
			26138
	26137			
		26336		
		26337		
26131				
26132	

---------------------------------
plain	jelly	coconut	honey-dip
26225				
			26236
	26229			
	26230			
		26430		
26226				
26227				
26228				
			26237
		26431		
			26238
26229	

---------------------------------
plain	jelly	coconut	honey-dip
	26400			
			26372
		26593		
	26401			
26391				
			26373
		26594		
			26374
	26402			
		26595		
	26403			
		26596	

---------------------------------
plain	jelly	coconut	honey-dip
26563				
	26573			
			26552
		26788		
26564				
26565				
26566				
			26553
26567				
	26574			
	26575			
		26789	

---------------------------------
plain	jelly	coconut	honey-dip
			26691
26718				
		26916		
		26917		
	26703			
			26692
	26704			
		26918		
		26919		
	26705			
26719				
26720	

---------------------------------
plain	jelly	coconut	honey-dip
	26802			
		27020		
	26803			
26807				
	26804			
	26805			
			26783
			26784
26808				
			26785
	26806			
			26786


---------------------------------
plain	jelly	coconut	honey-dip
			26948
26968				
			26949
			26950
		27196		
26969				
	26972			
26970				
			26951
26971				
26972				
26973	

---------------------------------
plain	jelly	coconut	honey-dip
			27051
		27302		
27083				
		27303		
		27304		
			27052
27084				
			27053
		27305		
	27056			
		27306		
27085	

---------------------------------
plain	jelly	coconut	honey-dip
		27374		
		27375		
		27376		
		27377		
27176				
27177				
		27378		
			27131
	27123			
		27379		
27178				
		27380	

---------------------------------
plain	jelly	coconut	honey-dip
			27238
			27239
27300				
			27240
		27484		
		27485		
		27486		
	27226			
27301				
			27241
27302				
	27227	

---------------------------------
plain	jelly	coconut	honey-dip
		27601		
		27602		
	27331			
			27356
			27357
		27603		
27428				
			27358
			27359
27429				
27430				
		27604	

---------------------------------
plain	jelly	coconut	honey-dip
		27684		
	27407			
		27685		
27521				
	27408			
		27686		
	27409			
27522				
		27687		
27523				
			27428
			27429


---------------------------------
plain	jelly	coconut	honey-dip
			27580
27683				
27684				
	27569			
27685				
	27570			
27686				
	27571			
		27820		
27687				
		27821		
			27581


---------------------------------
plain	jelly	coconut	honey-dip
27802				
		27906		
27803				
	27685			
		27907		
		27908		
			27679
27804				
	27686			
		27909		
			27680
	27687	

---------------------------------
plain	jelly	coconut	honey-dip
		28022		
27905				
	27816			
27906				
			27797
27907				
	27817			
			27798
			27799
	27818			
		28023		
	27819	

---------------------------------
plain	jelly	coconut	honey-dip
			27907
	27914			
	27915			
			27908
	27916			
			27909
	27917			
28022				
		28129		
	27918			
	27919			
	27920	

---------------------------------
plain	jelly	coconut	honey-dip
	28064			
		28227		
	28065			
			28029
		28228		
		28229		
28120				
	28066			
	28067			
28121				
28122				
		28230	

---------------------------------
plain	jelly	coconut	honey-dip
			28109
		28312		
		28313		
	28138			
		28314		
	28139			
28217				
28218				
		28315		
			28110
		28316		
			28111


---------------------------------
plain	jelly	coconut	honey-dip
	28229			
		28415		
	28230			
	28231			
28354				
		28416		
28355				
	28232			
	28233			
28356				
	28234			
			28222


---------------------------------
plain	jelly	coconut	honey-dip
28463				
		28523		
			28307
	28335			
	28336			
			28308
	28337			
			28309
28464				
28465				
28466				
			28310


---------------------------------
plain	jelly	coconut	honey-dip
28551				
28552				
			28397
		28611		
28553				
		28612		
28554				
28555				
28556				
	28417			
		28613		
			28398


---------------------------------
plain	jelly	coconut	honey-dip
			28461
		28688		
	28490			
			28462
	28491			
		28689		
		28690		
28625				
			28463
		28691		
28626				
		28692	

---------------------------------
plain	jelly	coconut	honey-dip
28703				
28704				
		28759		
		28760		
28705				
		28761		
28706				
			28530
	28548			
			28531
	28549			
28707	

---------------------------------
plain	jelly	coconut	honey-dip
	28618			
			28607
		28831		
28784				
			28608
	28619			
28785				
28786				
	28620			
28787				
			28609
	28621	

---------------------------------
plain	jelly	coconut	honey-dip
			28748
	28755			
		28984		
28917				
			28749
	28756			
28918				
		28985		
28919				
			28750
		28986		
28920	

---------------------------------
plain	jelly	coconut	honey-dip
			28818
		29066		
	28819			
			28819
28977				
28978				
			28820
	28820			
		29067		
		29068		
	28821			
		29069	

---------------------------------
plain	jelly	coconut	honey-dip
	28900			
29060				
			28921
			28922
29061				
	28901			
		29135		
	28902			
	28903			
		29136		
29062				
29063	

---------------------------------
plain	jelly	coconut	honey-dip
	28967			
29145				
			29010
		29206		
		29207		
29146				
	28968			
29147				
			29011
		29208		
	28969			
29148	

---------------------------------
plain	jelly	coconut	honey-dip
		29267		
	29041			
	29042			
		29268		
	29043			
		29269		
29203				
	29044			
29204				
29205				
		29270		
	29045	

---------------------------------
plain	jelly	coconut	honey-dip
29258				
	29101			
29259				
29260				
29261				
29262				
29263				
		29326		
29264				
			29147
29265				
		29327	

---------------------------------
plain	jelly	coconut	honey-dip
		29386		
			29204
			29205
		29387		
		29388		
		29389		
29328				
		29390		
			29206
	29142			
29329				
		29391	

---------------------------------
plain	jelly	coconut	honey-dip
	29191			
29393				
29394				
			29265
		29439		
29395				
			29266
29396				
			29267
			29268
		29440		
		29441	

---------------------------------
plain	jelly	coconut	honey-dip
29459				
			29329
		29492		
	29248			
29460				
	29249			
29461				
		29493		
29462				
29463				
29464				
			29330


---------------------------------
plain	jelly	coconut	honey-dip
			29389
			29390
			29391
	29310			
			29392
29537				
		29556		
		29557		
			29393
29538				
29539				
		29558	

---------------------------------
plain	jelly	coconut	honey-dip
29578				
			29433
	29344			
29579				
			29434
	29345			
		29593		
			29435
	29346			
			29436
		29594		
		29595	

---------------------------------
plain	jelly	coconut	honey-dip
		29643		
			29478
		29644		
		29645		
			29479
29624				
29625				
		29646		
			29480
	29383			
	29384			
	29385	

---------------------------------
plain	jelly	coconut	honey-dip
	29424			
		29691		
29656				
	29425			
	29426			
	29427			
	29428			
			29525
		29692		
29657				
29658				
29659	

---------------------------------
plain	jelly	coconut	honey-dip
			29591
29738				
29739				
			29592
		29770		
29740				
			29593
29741				
29742				
29743				
		29771		
	29509	

---------------------------------
plain	jelly	coconut	honey-dip
	29551			
	29552			
			29637
29773				
29774				
29775				
			29638
		29803		
			29639
			29640
			29641
			29642


