---------------------------------
plain	jelly	coconut	honey-dip
			1616
			1617
			1618
	1622			
	1623			
		1615		
1579				
	1624			
1580				
			1619
			1620
			1621


---------------------------------
plain	jelly	coconut	honey-dip
			1994
1940				
		1945		
			1995
			1996
1941				
1942				
			1997
1943				
1944				
		1946		
			1998


---------------------------------
plain	jelly	coconut	honey-dip
		2064		
		2065		
			2101
		2066		
			2102
	2085			
	2086			
	2087			
	2088			
	2089			
		2067		
		2068	

---------------------------------
plain	jelly	coconut	honey-dip
		2255		
		2256		
		2257		
	2277			
2219				
	2278			
2220				
		2258		
2221				
			2285
	2279			
		2259	

---------------------------------
plain	jelly	coconut	honey-dip
		2383		
			2401
		2384		
2357				
		2385		
			2402
2358				
2359				
			2403
			2404
	2387			
2360	

---------------------------------
plain	jelly	coconut	honey-dip
		2484		
		2485		
			2499
			2500
			2501
	2491			
		2486		
2462				
			2502
		2487		
	2492			
			2503


---------------------------------
plain	jelly	coconut	honey-dip
	2671			
		2666		
	2672			
			2691
		2667		
			2692
2616				
2617				
2618				
		2668		
	2673			
			2693


---------------------------------
plain	jelly	coconut	honey-dip
2785				
	2809			
	2810			
	2811			
2786				
	2812			
		2828		
	2813			
2787				
		2829		
	2814			
			2858


---------------------------------
plain	jelly	coconut	honey-dip
		2952		
2936				
	2938			
		2953		
	2939			
		2954		
2937				
2938				
			2994
		2955		
			2995
	2940	

---------------------------------
plain	jelly	coconut	honey-dip
		3101		
	3072			
	3073			
		3102		
	3074			
	3075			
	3076			
	3077			
3088				
	3078			
3089				
			3147


---------------------------------
plain	jelly	coconut	honey-dip
	3168			
			3268
		3199		
	3169			
			3269
		3200		
		3201		
3205				
	3170			
3206				
	3171			
3207	

---------------------------------
plain	jelly	coconut	honey-dip
	3318			
			3388
3337				
			3389
			3390
3338				
		3313		
3339				
3340				
3341				
			3391
			3392


---------------------------------
plain	jelly	coconut	honey-dip
3437				
			3501
3438				
3439				
3440				
			3502
	3399			
	3400			
		3427		
			3503
	3401			
3441	

---------------------------------
plain	jelly	coconut	honey-dip
		3553		
	3506			
		3554		
		3555		
	3507			
		3556		
3545				
		3557		
	3508			
3546				
3547				
		3558	

---------------------------------
plain	jelly	coconut	honey-dip
	3669			
		3720		
	3670			
3678				
	3671			
3679				
			3777
3680				
	3672			
		3721		
3681				
		3722	

---------------------------------
plain	jelly	coconut	honey-dip
		3847		
3811				
3812				
3813				
	3839			
3814				
		3848		
			3923
	3840			
3815				
		3849		
			3924


---------------------------------
plain	jelly	coconut	honey-dip
	3973			
		3976		
		3977		
3942				
			4057
		3978		
3943				
			4058
3944				
			4059
	3974			
		3979	

---------------------------------
plain	jelly	coconut	honey-dip
			4195
		4128		
4130				
	4143			
		4129		
4131				
		4130		
		4131		
			4196
			4197
		4132		
4132	

---------------------------------
plain	jelly	coconut	honey-dip
	4277			
	4278			
			4355
4261				
4262				
		4279		
	4279			
	4280			
		4280		
			4356
	4281			
		4281	

---------------------------------
plain	jelly	coconut	honey-dip
	4409			
4392				
4393				
		4407		
	4410			
		4408		
			4480
4394				
			4481
	4411			
		4409		
	4412	

---------------------------------
plain	jelly	coconut	honey-dip
4532				
		4532		
		4533		
4533				
4534				
	4551			
		4534		
4535				
4536				
4537				
		4535		
	4552	

---------------------------------
plain	jelly	coconut	honey-dip
			4764
			4765
			4766
	4694			
4679				
			4767
			4768
	4695			
	4696			
		4691		
4680				
	4697	

---------------------------------
plain	jelly	coconut	honey-dip
			4871
4819				
4820				
4821				
		4793		
		4794		
	4825			
	4826			
	4827			
	4828			
4822				
4823	

---------------------------------
plain	jelly	coconut	honey-dip
4946				
	4963			
4947				
		4910		
		4911		
			4981
			4982
	4964			
	4965			
4948				
4949				
		4912	

---------------------------------
plain	jelly	coconut	honey-dip
		5052		
	5081			
	5082			
5059				
	5083			
	5084			
	5085			
		5053		
		5054		
		5055		
			5136
	5086	

---------------------------------
plain	jelly	coconut	honey-dip
		5265		
5254				
	5307			
	5308			
	5309			
			5306
5255				
		5266		
		5267		
5256				
	5310			
			5307


---------------------------------
plain	jelly	coconut	honey-dip
5646				
			5664
5647				
5648				
5649				
5650				
	5683			
	5684			
5651				
5652				
			5665
			5666


---------------------------------
plain	jelly	coconut	honey-dip
			5753
5745				
		5741		
	5789			
5746				
		5742		
			5754
			5755
	5790			
			5756
			5757
5747	

---------------------------------
plain	jelly	coconut	honey-dip
			5878
	5931			
	5932			
			5879
5866				
	5933			
			5880
		5857		
		5858		
5867				
			5881
		5859	

---------------------------------
plain	jelly	coconut	honey-dip
			6024
5980				
	6057			
		5975		
			6025
		5976		
	6058			
		5977		
	6059			
5981				
5982				
			6026


---------------------------------
plain	jelly	coconut	honey-dip
		6118		
	6224			
			6176
		6119		
	6225			
6130				
		6120		
			6177
6131				
			6178
6132				
		6121	

---------------------------------
plain	jelly	coconut	honey-dip
6268				
6269				
6270				
	6390			
			6333
		6281		
		6282		
			6334
		6283		
			6335
6271				
6272	

---------------------------------
plain	jelly	coconut	honey-dip
			6509
	6579			
		6461		
	6580			
	6581			
6443				
		6462		
6444				
			6510
			6511
6445				
			6512


---------------------------------
plain	jelly	coconut	honey-dip
6571				
			6614
			6615
		6570		
			6616
6572				
	6693			
		6571		
6573				
		6572		
6574				
6575	

---------------------------------
plain	jelly	coconut	honey-dip
			6783
	6830			
		6704		
6743				
	6831			
	6832			
			6784
6744				
			6785
			6786
6745				
6746	

---------------------------------
plain	jelly	coconut	honey-dip
		6855		
6926				
6927				
6928				
	6978			
6929				
		6856		
6930				
6931				
		6857		
6932				
6933	

---------------------------------
plain	jelly	coconut	honey-dip
	7106			
		6976		
			7098
	7107			
			7099
		6977		
	7108			
	7109			
			7100
	7110			
		6978		
			7101


---------------------------------
plain	jelly	coconut	honey-dip
7166				
			7253
	7244			
		7101		
			7254
		7102		
	7245			
7167				
			7255
	7246			
		7103		
		7104	

---------------------------------
plain	jelly	coconut	honey-dip
7337				
7338				
7339				
			7437
			7438
			7439
			7440
		7321		
		7322		
7340				
7341				
		7323	

---------------------------------
plain	jelly	coconut	honey-dip
7517				
7518				
	7642			
		7495		
			7622
		7496		
	7643			
		7497		
7519				
	7644			
		7498		
	7645	

---------------------------------
plain	jelly	coconut	honey-dip
	7789			
			7796
		7646		
7657				
		7647		
		7648		
7658				
			7797
	7790			
		7649		
7659				
			7798


---------------------------------
plain	jelly	coconut	honey-dip
			8037
		7858		
7899				
7900				
	8018			
	8019			
		7859		
		7860		
	8020			
	8021			
7901				
7902	

---------------------------------
plain	jelly	coconut	honey-dip
		7983		
			8175
		7984		
8033				
			8176
	8149			
		7985		
		7986		
		7987		
		7988		
		7989		
			8177


---------------------------------
plain	jelly	coconut	honey-dip
		8162		
8208				
			8355
		8163		
			8356
8209				
8210				
8211				
		8164		
		8165		
	8335			
	8336	

---------------------------------
plain	jelly	coconut	honey-dip
		8302		
			8486
		8303		
			8487
	8492			
	8493			
8356				
		8304		
	8494			
		8305		
		8306		
	8495	

---------------------------------
plain	jelly	coconut	honey-dip
		8447		
	8643			
		8448		
	8644			
8509				
			8637
		8449		
			8638
			8639
		8450		
		8451		
	8645	

---------------------------------
plain	jelly	coconut	honey-dip
			8794
8678				
	8796			
		8628		
			8795
			8796
8679				
		8629		
		8630		
8680				
8681				
			8797


---------------------------------
plain	jelly	coconut	honey-dip
8790				
		8757		
			8920
	8921			
			8921
	8922			
	8923			
	8924			
	8925			
	8926			
	8927			
	8928	

---------------------------------
plain	jelly	coconut	honey-dip
			9053
	9044			
			9054
8911				
8912				
8913				
		8884		
	9045			
	9046			
8914				
		8885		
	9047	

---------------------------------
plain	jelly	coconut	honey-dip
	9243			
		9085		
9119				
			9261
9120				
	9244			
			9262
9121				
		9086		
		9087		
9122				
	9245	

---------------------------------
plain	jelly	coconut	honey-dip
	9395			
		9236		
		9237		
	9396			
9261				
9262				
			9392
			9393
		9238		
		9239		
			9394
9263	

---------------------------------
plain	jelly	coconut	honey-dip
			9603
			9604
	9587			
	9588			
9457				
		9441		
	9589			
		9442		
		9443		
		9444		
		9445		
			9605


---------------------------------
plain	jelly	coconut	honey-dip
	9778			
			9772
	9779			
9669				
		9637		
	9780			
			9773
	9781			
		9638		
			9774
			9775
			9776


---------------------------------
plain	jelly	coconut	honey-dip
9796				
		9773		
9797				
			9904
		9774		
	9923			
		9775		
9798				
			9905
		9776		
	9924			
			9906


---------------------------------
plain	jelly	coconut	honey-dip
9925				
			10055
9926				
			10056
	10072			
			10057
9927				
			10058
	10073			
9928				
9929				
		9920	

---------------------------------
plain	jelly	coconut	honey-dip
		10045		
		10046		
	10194			
		10047		
			10174
	10195			
		10048		
	10196			
			10175
10039				
	10197			
10040	

---------------------------------
plain	jelly	coconut	honey-dip
		10193		
	10370			
		10194		
	10371			
10178				
		10195		
		10196		
10179				
		10197		
			10323
10180				
		10198	

---------------------------------
plain	jelly	coconut	honey-dip
		10365		
		10366		
10337				
			10501
			10502
	10545			
	10546			
			10503
	10547			
	10548			
	10549			
			10504


---------------------------------
plain	jelly	coconut	honey-dip
			10637
10476				
10477				
		10490		
		10491		
	10685			
	10686			
			10638
			10639
10478				
	10687			
		10492	

---------------------------------
plain	jelly	coconut	honey-dip
		10623		
		10624		
		10625		
			10802
		10626		
		10627		
	10844			
		10628		
	10845			
		10629		
	10846			
		10630	

---------------------------------
plain	jelly	coconut	honey-dip
10809				
	10998			
			10962
	10999			
			10963
			10964
			10965
		10827		
			10966
10810				
	11000			
		10828	

---------------------------------
plain	jelly	coconut	honey-dip
		11026		
	11196			
	11197			
			11163
	11198			
10991				
10992				
			11164
	11199			
			11165
			11166
	11200	

---------------------------------
plain	jelly	coconut	honey-dip
			11273
11095				
			11274
			11275
	11297			
11096				
11097				
	11298			
			11276
		11119		
11098				
	11299	

---------------------------------
plain	jelly	coconut	honey-dip
11195				
			11390
			11391
	11422			
			11392
	11423			
11196				
	11424			
	11425			
	11426			
			11393
		11233	

---------------------------------
plain	jelly	coconut	honey-dip
			11516
		11355		
			11517
11321				
	11528			
11322				
11323				
		11356		
		11357		
	11529			
	11530			
		11358	

---------------------------------
plain	jelly	coconut	honey-dip
11523				
			11734
11524				
			11735
	11747			
			11736
		11568		
11525				
11526				
		11569		
		11570		
11527	

---------------------------------
plain	jelly	coconut	honey-dip
	11871			
			11861
		11703		
			11862
11689				
11690				
	11872			
	11873			
	11874			
			11863
		11704		
	11875	

---------------------------------
plain	jelly	coconut	honey-dip
		11836		
	11988			
	11989			
		11837		
		11838		
	11990			
11830				
	11991			
	11992			
11831				
	11993			
		11839	

---------------------------------
plain	jelly	coconut	honey-dip
	12099			
11960				
		11965		
	12100			
			12144
			12145
			12146
	12101			
11961				
		11966		
			12147
	12102	

---------------------------------
plain	jelly	coconut	honey-dip
12106				
			12262
		12091		
			12263
12107				
	12237			
12108				
		12092		
12109				
			12264
			12265
12110	

---------------------------------
plain	jelly	coconut	honey-dip
12252				
12253				
12254				
		12249		
12255				
		12250		
			12422
12256				
			12423
12257				
12258				
12259	

---------------------------------
plain	jelly	coconut	honey-dip
	12493			
		12366		
		12367		
	12494			
		12368		
	12495			
			12574
		12369		
			12575
	12496			
			12576
		12370	

---------------------------------
plain	jelly	coconut	honey-dip
12623				
	12691			
		12626		
12624				
			12796
	12692			
	12693			
12625				
			12797
	12694			
	12695			
			12798


---------------------------------
plain	jelly	coconut	honey-dip
	12815			
	12816			
			12896
	12817			
	12818			
	12819			
			12897
	12820			
			12898
12767				
12768				
			12899


---------------------------------
plain	jelly	coconut	honey-dip
			13026
		12855		
		12856		
	12921			
			13027
			13028
			13029
			13030
12882				
		12857		
12883				
		12858	

---------------------------------
plain	jelly	coconut	honey-dip
			13204
			13205
			13206
13084				
13085				
		13056		
			13207
		13057		
13086				
		13058		
13087				
		13059	

---------------------------------
plain	jelly	coconut	honey-dip
	13302			
	13303			
	13304			
13276				
			13393
13277				
13278				
	13305			
	13306			
			13394
			13395
13279	

---------------------------------
plain	jelly	coconut	honey-dip
		13330		
13391				
		13331		
		13332		
13392				
		13333		
		13334		
13393				
	13424			
		13335		
		13336		
		13337	

---------------------------------
plain	jelly	coconut	honey-dip
		13542		
	13643			
	13644			
		13543		
	13645			
13630				
		13544		
			13725
			13726
	13646			
13631				
		13545	

---------------------------------
plain	jelly	coconut	honey-dip
		13687		
			13882
		13688		
13782				
	13801			
		13689		
13783				
		13690		
		13691		
13784				
13785				
		13692	

---------------------------------
plain	jelly	coconut	honey-dip
	13977			
13942				
			14060
		13857		
			14061
		13858		
13943				
			14062
		13859		
			14063
13944				
			14064


---------------------------------
plain	jelly	coconut	honey-dip
14055				
			14213
	14121			
14056				
14057				
	14122			
	14123			
	14124			
14058				
14059				
		13999		
14060	

---------------------------------
plain	jelly	coconut	honey-dip
	14226			
	14227			
			14338
14176				
	14228			
14177				
		14128		
			14339
			14340
			14341
	14229			
14178	

---------------------------------
plain	jelly	coconut	honey-dip
		14310		
	14391			
14342				
		14311		
			14509
	14392			
14343				
		14312		
		14313		
14344				
		14314		
14345	

---------------------------------
plain	jelly	coconut	honey-dip
			14659
	14529			
			14660
			14661
	14530			
14483				
	14531			
14484				
	14532			
	14533			
14485				
14486	

---------------------------------
plain	jelly	coconut	honey-dip
	14636			
			14765
			14766
			14767
	14637			
	14638			
		14595		
		14596		
		14597		
	14639			
			14768
14588	

---------------------------------
plain	jelly	coconut	honey-dip
		14718		
	14763			
	14764			
	14765			
	14766			
			14898
14697				
14698				
	14767			
	14768			
14699				
			14899


---------------------------------
plain	jelly	coconut	honey-dip
		14885		
	14926			
		14886		
	14927			
14871				
		14887		
	14928			
14872				
	14929			
		14888		
			15066
14873	

---------------------------------
plain	jelly	coconut	honey-dip
15028				
15029				
			15205
	15078			
15030				
		15037		
			15206
	15079			
			15207
15031				
		15038		
		15039	

---------------------------------
plain	jelly	coconut	honey-dip
		15189		
		15190		
			15340
			15341
		15191		
	15198			
		15192		
	15199			
	15200			
		15193		
	15201			
		15194	

---------------------------------
plain	jelly	coconut	honey-dip
			15552
15385				
15386				
		15417		
15387				
15388				
		15418		
			15553
			15554
		15419		
			15555
			15556


---------------------------------
plain	jelly	coconut	honey-dip
		15609		
			15736
		15610		
15565				
	15610			
		15611		
15566				
15567				
	15611			
15568				
15569				
		15612	

---------------------------------
plain	jelly	coconut	honey-dip
	15746			
	15747			
		15753		
	15748			
			15864
15697				
			15865
15698				
	15749			
			15866
		15754		
15699	

---------------------------------
plain	jelly	coconut	honey-dip
15819				
	15877			
	15878			
			15985
			15986
	15879			
15820				
		15883		
	15880			
15821				
			15987
		15884	

---------------------------------
plain	jelly	coconut	honey-dip
15958				
		15991		
			16096
			16097
		15992		
		15993		
		15994		
	15999			
		15995		
15959				
15960				
15961	

---------------------------------
plain	jelly	coconut	honey-dip
	16235			
	16236			
			16311
			16312
			16313
			16314
			16315
	16237			
16192				
		16230		
			16316
	16238	

---------------------------------
plain	jelly	coconut	honey-dip
			16443
		16352		
16303				
	16350			
		16353		
		16354		
			16444
			16445
	16351			
		16355		
			16446
			16447


---------------------------------
plain	jelly	coconut	honey-dip
		16510		
		16511		
	16521			
			16578
		16512		
16451				
16452				
16453				
	16522			
	16523			
	16524			
			16579


---------------------------------
plain	jelly	coconut	honey-dip
16581				
			16726
			16727
		16647		
16582				
		16648		
16583				
	16658			
16584				
	16659			
16585				
16586	

---------------------------------
plain	jelly	coconut	honey-dip
			16910
16788				
16789				
		16819		
16790				
	16851			
			16911
16791				
			16912
16792				
	16852			
	16853	

---------------------------------
plain	jelly	coconut	honey-dip
	16955			
16933				
	16956			
			17026
16934				
			17027
	16957			
			17028
	16958			
	16959			
	16960			
	16961	

---------------------------------
plain	jelly	coconut	honey-dip
17094				
		17148		
	17128			
			17210
	17129			
		17149		
17095				
17096				
		17150		
			17211
	17130			
17097	

---------------------------------
plain	jelly	coconut	honey-dip
17237				
		17296		
	17260			
			17327
		17297		
		17298		
			17328
			17329
		17299		
			17330
17238				
17239	

---------------------------------
plain	jelly	coconut	honey-dip
			17495
			17496
17408				
17409				
	17429			
			17497
			17498
			17499
			17500
	17430			
	17431			
		17496	

---------------------------------
plain	jelly	coconut	honey-dip
			17618
	17577			
			17619
			17620
	17578			
		17600		
		17601		
17525				
		17602		
			17621
			17622
		17603	

---------------------------------
plain	jelly	coconut	honey-dip
17685				
			17772
		17744		
	17707			
		17745		
		17746		
	17708			
			17773
17686				
		17747		
	17709			
	17710	

---------------------------------
plain	jelly	coconut	honey-dip
	17895			
			17939
			17940
	17896			
			17941
			17942
17885				
		17969		
		17970		
		17971		
		17972		
			17943


---------------------------------
plain	jelly	coconut	honey-dip
		18112		
	18056			
18047				
18048				
	18057			
		18113		
		18114		
			18097
			18098
18049				
		18115		
		18116	

---------------------------------
plain	jelly	coconut	honey-dip
18257				
	18284			
18258				
18259				
	18285			
			18287
18260				
			18288
	18286			
			18289
	18287			
		18312	

---------------------------------
plain	jelly	coconut	honey-dip
			18411
	18394			
		18431		
	18395			
18384				
18385				
		18432		
		18433		
			18412
	18396			
		18434		
		18435	

---------------------------------
plain	jelly	coconut	honey-dip
		18610		
18559				
		18611		
	18551			
18560				
			18560
18561				
		18612		
18562				
	18552			
18563				
			18561


---------------------------------
plain	jelly	coconut	honey-dip
	18675			
		18748		
	18676			
		18749		
18672				
18673				
			18701
		18750		
			18702
		18751		
18674				
	18677	

---------------------------------
plain	jelly	coconut	honey-dip
18855				
	18839			
18856				
		18889		
		18890		
	18840			
18857				
		18891		
18858				
	18841			
		18892		
18859	

---------------------------------
plain	jelly	coconut	honey-dip
18988				
18989				
			18967
			18968
18990				
18991				
			18969
	18968			
			18970
18992				
	18969			
	18970	

---------------------------------
plain	jelly	coconut	honey-dip
		19132		
		19133		
			19089
	19081			
			19090
			19091
	19082			
			19092
19102				
			19093
			19094
		19134	

---------------------------------
plain	jelly	coconut	honey-dip
	19216			
		19281		
		19282		
	19217			
19256				
		19283		
			19251
19257				
	19218			
		19284		
			19252
			19253


---------------------------------
plain	jelly	coconut	honey-dip
	19356			
		19440		
			19422
	19357			
	19358			
19410				
			19423
	19359			
19411				
	19360			
		19441		
			19424


---------------------------------
plain	jelly	coconut	honey-dip
			19619
			19620
	19544			
		19609		
	19545			
19612				
		19610		
		19611		
		19612		
			19621
	19546			
			19622


---------------------------------
plain	jelly	coconut	honey-dip
	19693			
	19694			
	19695			
		19772		
	19696			
	19697			
19761				
		19773		
		19774		
	19698			
19762				
		19775	

---------------------------------
plain	jelly	coconut	honey-dip
	19853			
			19941
19935				
		19963		
		19964		
	19854			
19936				
	19855			
			19942
		19965		
	19856			
			19943


---------------------------------
plain	jelly	coconut	honey-dip
		20105		
		20106		
20071				
			20120
20072				
20073				
20074				
20075				
20076				
		20107		
20077				
20078	

---------------------------------
plain	jelly	coconut	honey-dip
		20293		
	20221			
			20300
		20294		
	20222			
20270				
20271				
		20295		
	20223			
20272				
		20296		
			20301


---------------------------------
plain	jelly	coconut	honey-dip
			20436
		20448		
	20344			
		20449		
			20437
	20345			
20408				
		20450		
			20438
		20451		
		20452		
			20439


---------------------------------
plain	jelly	coconut	honey-dip
		20620		
		20621		
			20607
			20608
20551				
			20609
20552				
20553				
		20622		
20554				
			20610
	20506	

---------------------------------
plain	jelly	coconut	honey-dip
		20774		
			20748
		20775		
20703				
20704				
20705				
			20749
	20647			
20706				
20707				
	20648			
	20649	

---------------------------------
plain	jelly	coconut	honey-dip
			20877
			20878
		20899		
		20900		
	20759			
20853				
20854				
20855				
		20901		
20856				
			20879
	20760	

---------------------------------
plain	jelly	coconut	honey-dip
		21083		
			21055
21051				
	20919			
21052				
			21056
21053				
			21057
		21084		
	20920			
	20921			
	20922	

---------------------------------
plain	jelly	coconut	honey-dip
		21198		
		21199		
		21200		
21157				
21158				
			21178
			21179
21159				
			21180
	21055			
			21181
21160	

---------------------------------
plain	jelly	coconut	honey-dip
21291				
21292				
	21191			
	21192			
			21327
			21328
			21329
	21193			
	21194			
	21195			
	21196			
			21330


---------------------------------
plain	jelly	coconut	honey-dip
			21440
21427				
			21441
		21455		
21428				
21429				
		21456		
			21442
		21457		
		21458		
21430				
21431	

---------------------------------
plain	jelly	coconut	honey-dip
			21586
		21614		
21586				
		21615		
21587				
		21616		
21588				
21589				
			21587
		21617		
			21588
		21618	

---------------------------------
plain	jelly	coconut	honey-dip
	21606			
		21766		
			21746
	21607			
		21767		
			21747
			21748
		21768		
	21608			
		21769		
			21749
21750	

---------------------------------
plain	jelly	coconut	honey-dip
	21743			
		21896		
21870				
21871				
		21897		
	21744			
21872				
21873				
			21875
			21876
21874				
21875	

---------------------------------
plain	jelly	coconut	honey-dip
22008				
			21995
22009				
	21874			
			21996
		22047		
22010				
			21997
			21998
	21875			
			21999
			22000


---------------------------------
plain	jelly	coconut	honey-dip
	22006			
			22110
		22146		
		22147		
	22007			
		22148		
22118				
	22008			
	22009			
22119				
	22010			
		22149	

---------------------------------
plain	jelly	coconut	honey-dip
	22169			
		22324		
		22325		
22271				
	22170			
22272				
		22326		
22273				
22274				
		22327		
			22264
22275	

---------------------------------
plain	jelly	coconut	honey-dip
			22453
22460				
	22358			
22461				
			22454
	22359			
22462				
			22455
	22360			
			22456
	22361			
22463	

---------------------------------
plain	jelly	coconut	honey-dip
		22651		
			22572
		22652		
			22573
			22574
		22653		
			22575
			22576
			22577
		22654		
		22655		
	22503	

---------------------------------
plain	jelly	coconut	honey-dip
22726				
		22791		
22727				
			22726
22728				
		22792		
	22681			
22729				
22730				
			22727
	22682			
		22793	

---------------------------------
plain	jelly	coconut	honey-dip
22939				
		22985		
	22878			
		22986		
		22987		
	22879			
		22988		
		22989		
		22990		
	22880			
		22991		
22940	

---------------------------------
plain	jelly	coconut	honey-dip
			23179
	23123			
			23180
		23253		
23193				
23194				
	23124			
			23181
	23125			
	23126			
23195				
		23254	

---------------------------------
plain	jelly	coconut	honey-dip
	23277			
23323				
			23328
			23329
	23278			
	23279			
		23384		
			23330
		23385		
		23386		
		23387		
23324	

---------------------------------
plain	jelly	coconut	honey-dip
	23410			
		23546		
			23460
		23547		
23460				
	23411			
			23461
23461				
		23548		
			23462
	23412			
23462	

---------------------------------
plain	jelly	coconut	honey-dip
23593				
23594				
	23556			
		23699		
			23592
	23557			
			23593
23595				
	23558			
			23594
23596				
			23595


---------------------------------
plain	jelly	coconut	honey-dip
			23716
23727				
		23818		
	23671			
	23672			
			23717
			23718
23728				
		23819		
		23820		
	23673			
			23719


---------------------------------
plain	jelly	coconut	honey-dip
23901				
			23906
	23863			
23902				
23903				
23904				
	23864			
			23907
			23908
			23909
	23865			
	23866	

---------------------------------
plain	jelly	coconut	honey-dip
23996				
		24131		
23997				
	23970			
	23971			
23998				
	23972			
23999				
		24132		
		24133		
		24134		
			24011


---------------------------------
plain	jelly	coconut	honey-dip
	24135			
	24136			
	24137			
24151				
24152				
	24138			
			24156
	24139			
		24290		
	24140			
24153				
24154	

---------------------------------
plain	jelly	coconut	honey-dip
24340				
		24473		
		24474		
24341				
	24337			
24342				
		24475		
	24338			
24343				
24344				
	24339			
	24340	

---------------------------------
plain	jelly	coconut	honey-dip
		24658		
	24496			
24524				
			24470
24525				
	24497			
		24659		
	24498			
		24660		
			24471
			24472
	24499	

---------------------------------
plain	jelly	coconut	honey-dip
24666				
			24604
			24605
24667				
		24802		
	24664			
	24665			
24668				
			24606
24669				
		24803		
24670	

---------------------------------
plain	jelly	coconut	honey-dip
		24909		
24797				
		24910		
		24911		
24798				
			24740
24799				
	24794			
		24912		
	24795			
			24741
24800	

---------------------------------
plain	jelly	coconut	honey-dip
24962				
		25047		
		25048		
24963				
24964				
	24945			
		25049		
		25050		
	24946			
24965				
			24898
	24947	

---------------------------------
plain	jelly	coconut	honey-dip
			25030
			25031
			25032
			25033
25076				
	25085			
			25034
		25177		
		25178		
		25179		
25077				
			25035


---------------------------------
plain	jelly	coconut	honey-dip
			25168
			25169
		25337		
			25170
		25338		
	25230			
	25231			
			25171
25233				
	25232			
	25233			
		25339	

---------------------------------
plain	jelly	coconut	honey-dip
			25286
25350				
25351				
	25349			
25352				
			25287
25353				
		25475		
			25288
		25476		
			25289
		25477	

---------------------------------
plain	jelly	coconut	honey-dip
25484				
			25423
	25473			
		25620		
	25474			
		25621		
25485				
	25475			
		25622		
			25424
			25425
	25476	

---------------------------------
plain	jelly	coconut	honey-dip
			25575
25618				
			25576
			25577
25619				
		25774		
25620				
25621				
			25578
			25579
			25580
			25581


---------------------------------
plain	jelly	coconut	honey-dip
25715				
		25870		
	25733			
	25734			
	25735			
		25871		
			25690
25716				
		25872		
25717				
		25873		
25718	

---------------------------------
plain	jelly	coconut	honey-dip
			25850
	25877			
			25851
25872				
	25878			
	25879			
			25852
		26045		
			25853
			25854
25873				
	25880	

---------------------------------
plain	jelly	coconut	honey-dip
	25989			
	25990			
			25991
			25992
25984				
		26160		
		26161		
			25993
		26162		
			25994
25985				
	25991	

---------------------------------
plain	jelly	coconut	honey-dip
	26130			
26124				
	26131			
			26131
			26132
		26327		
26125				
26126				
26127				
		26328		
			26133
			26134


---------------------------------
plain	jelly	coconut	honey-dip
			26245
			26246
	26241			
		26435		
26235				
	26242			
26236				
26237				
			26247
		26436		
		26437		
		26438	

---------------------------------
plain	jelly	coconut	honey-dip
			26582
		26816		
		26817		
		26818		
	26604			
26606				
			26583
		26819		
26607				
			26584
26608				
26609	

---------------------------------
plain	jelly	coconut	honey-dip
		26909		
			26681
26710				
			26682
26711				
		26910		
			26683
			26684
	26692			
			26685
		26911		
	26693	

---------------------------------
plain	jelly	coconut	honey-dip
	26797			
		27013		
			26777
		27014		
	26798			
26801				
26802				
	26799			
		27015		
			26778
		27016		
26803	

---------------------------------
plain	jelly	coconut	honey-dip
		27118		
			26893
			26894
26905				
26906				
26907				
	26916			
		27119		
26908				
26909				
		27120		
			26895


---------------------------------
plain	jelly	coconut	honey-dip
27035				
27036				
27037				
			27002
		27247		
			27003
		27248		
			27004
	27004			
			27005
		27249		
27038	

---------------------------------
plain	jelly	coconut	honey-dip
27194				
	27131			
			27149
27195				
		27390		
			27150
		27391		
27196				
27197				
	27132			
27198				
			27151


---------------------------------
plain	jelly	coconut	honey-dip
		27501		
		27502		
		27503		
			27265
	27244			
	27245			
		27504		
		27505		
		27506		
27322				
27323				
27324	

---------------------------------
plain	jelly	coconut	honey-dip
		27614		
27436				
	27339			
27437				
		27615		
			27363
27438				
	27340			
			27364
			27365
	27341			
27439	

---------------------------------
plain	jelly	coconut	honey-dip
			27490
27601				
		27746		
			27491
27602				
		27747		
		27748		
27603				
		27749		
	27491			
	27492			
27604	

---------------------------------
plain	jelly	coconut	honey-dip
			27650
		27861		
27764				
			27651
			27652
			27653
		27862		
		27863		
			27654
		27864		
			27655
	27641	

---------------------------------
plain	jelly	coconut	honey-dip
		27957		
		27958		
	27740			
			27722
			27723
27845				
			27724
			27725
		27959		
		27960		
			27726
	27741	

---------------------------------
plain	jelly	coconut	honey-dip
		28037		
		28038		
27917				
		28039		
27918				
		28040		
		28041		
27919				
	27831			
			27815
			27816
		28042	

---------------------------------
plain	jelly	coconut	honey-dip
			27913
28027				
		28136		
	27932			
		28137		
	27933			
			27914
	27934			
			27915
	27935			
	27936			
			27916


---------------------------------
plain	jelly	coconut	honey-dip
			28027
		28226		
28115				
			28028
	28060			
28116				
28117				
	28061			
	28062			
	28063			
28118				
28119	

---------------------------------
plain	jelly	coconut	honey-dip
28222				
28223				
			28116
	28141			
	28142			
28224				
28225				
			28117
			28118
28226				
28227				
28228	

---------------------------------
plain	jelly	coconut	honey-dip
		28406		
	28218			
		28407		
28332				
28333				
28334				
	28219			
28335				
28336				
		28408		
		28409		
			28216


---------------------------------
plain	jelly	coconut	honey-dip
	28294			
		28491		
	28295			
28433				
	28296			
			28278
28434				
28435				
		28492		
28436				
		28493		
28437	

---------------------------------
plain	jelly	coconut	honey-dip
			28357
28504				
			28358
			28359
	28377			
		28558		
	28378			
28505				
28506				
		28559		
28507				
		28560	

---------------------------------
plain	jelly	coconut	honey-dip
	28463			
		28667		
28603				
			28447
	28464			
28604				
			28448
			28449
			28450
	28465			
		28668		
		28669	

---------------------------------
plain	jelly	coconut	honey-dip
			28521
28687				
28688				
		28753		
			28522
	28543			
		28754		
28689				
28690				
	28544			
			28523
28691	

---------------------------------
plain	jelly	coconut	honey-dip
		28809		
		28810		
28759				
28760				
			28582
			28583
	28594			
			28584
	28595			
			28585
		28811		
28761	

---------------------------------
plain	jelly	coconut	honey-dip
			28665
28847				
28848				
			28666
	28672			
28849				
28850				
		28896		
			28667
			28668
		28897		
28851	

---------------------------------
plain	jelly	coconut	honey-dip
	28781			
			28781
28949				
			28782
28950				
	28782			
		29013		
28951				
			28783
	28783			
		29014		
	28784	

---------------------------------
plain	jelly	coconut	honey-dip
	28851			
		29092		
29010				
			28847
		29093		
			28848
29011				
		29094		
	28852			
		29095		
	28853			
			28849


---------------------------------
plain	jelly	coconut	honey-dip
	28942			
29102				
		29170		
	28943			
29103				
		29171		
29104				
			28970
	28944			
			28971
			28972
		29172	

---------------------------------
plain	jelly	coconut	honey-dip
		29233		
		29234		
		29235		
		29236		
		29237		
		29238		
	29006			
			29044
		29239		
		29240		
		29241		
			29045


---------------------------------
plain	jelly	coconut	honey-dip
			29096
			29097
	29067			
			29098
29219				
		29282		
	29068			
			29099
	29069			
29220				
29221				
			29100


---------------------------------
plain	jelly	coconut	honey-dip
			29169
			29170
			29171
29286				
29287				
29288				
			29172
29289				
			29173
		29354		
29290				
		29355	

---------------------------------
plain	jelly	coconut	honey-dip
	29154			
		29400		
			29221
		29401		
			29222
		29402		
			29223
	29155			
29345				
			29224
	29156			
29346	

---------------------------------
plain	jelly	coconut	honey-dip
			29290
29424				
		29463		
29425				
			29291
29426				
			29292
			29293
			29294
29427				
			29295
		29464	

---------------------------------
plain	jelly	coconut	honey-dip
29491				
			29352
29492				
		29510		
		29511		
		29512		
			29353
29493				
		29513		
29494				
29495				
	29271	

---------------------------------
plain	jelly	coconut	honey-dip
			29405
			29406
			29407
			29408
	29319			
		29568		
29548				
29549				
			29409
29550				
		29569		
	29320	

---------------------------------
plain	jelly	coconut	honey-dip
	29349			
	29350			
		29602		
		29603		
	29351			
			29444
29589				
	29352			
			29445
			29446
		29604		
29590	

---------------------------------
plain	jelly	coconut	honey-dip
29635				
		29666		
	29400			
29636				
			29499
	29401			
		29667		
29637				
			29500
	29402			
		29668		
29638	

---------------------------------
plain	jelly	coconut	honey-dip
		29697		
29670				
			29531
	29434			
29671				
	29435			
		29698		
		29699		
	29436			
		29700		
	29437			
			29532


---------------------------------
plain	jelly	coconut	honey-dip
29718				
	29478			
	29479			
	29480			
			29568
29719				
		29748		
	29481			
29720				
		29749		
29721				
			29569


---------------------------------
plain	jelly	coconut	honey-dip
			29630
29766				
			29631
	29545			
			29632
	29546			
			29633
29767				
			29634
		29799		
	29547			
			29635


