---------------------------------
plain	jelly	coconut	honey-dip
	1247			
	1248			
	1249			
1206				
			1216
	1250			
	1251			
			1217
1207				
			1218
	1252			
	1253	

---------------------------------
plain	jelly	coconut	honey-dip
			1535
	1545			
	1546			
		1530		
	1547			
		1531		
			1536
1498				
1499				
			1537
		1532		
		1533	

---------------------------------
plain	jelly	coconut	honey-dip
1630				
1631				
		1670		
			1668
	1692			
1632				
			1669
		1671		
1633				
			1670
	1693			
		1672	

---------------------------------
plain	jelly	coconut	honey-dip
			1763
		1759		
			1764
	1776			
1722				
1723				
	1777			
		1760		
		1761		
			1765
1724				
			1766


---------------------------------
plain	jelly	coconut	honey-dip
		1848		
		1849		
1838				
	1856			
	1857			
			1874
	1858			
			1875
			1876
	1859			
			1877
		1850	

---------------------------------
plain	jelly	coconut	honey-dip
	1980			
1960				
1961				
	1981			
1962				
	1982			
1963				
			2013
	1983			
	1984			
1964				
		1955	

---------------------------------
plain	jelly	coconut	honey-dip
		2059		
		2060		
2051				
			2098
			2099
	2084			
			2100
2052				
		2061		
		2062		
		2063		
2053	

---------------------------------
plain	jelly	coconut	honey-dip
	2515			
			2531
	2516			
	2517			
	2518			
	2519			
	2520			
2478				
	2521			
	2522			
			2532
2479	

---------------------------------
plain	jelly	coconut	honey-dip
	2604			
		2582		
		2583		
	2605			
	2606			
			2620
2550				
		2584		
		2585		
2551				
		2586		
		2587	

---------------------------------
plain	jelly	coconut	honey-dip
			2765
			2766
			2767
2701				
		2743		
	2735			
2702				
	2736			
		2744		
			2768
	2737			
			2769


---------------------------------
plain	jelly	coconut	honey-dip
	2848			
			2891
	2849			
2819				
		2854		
			2892
			2893
		2855		
2820				
			2894
		2856		
		2857	

---------------------------------
plain	jelly	coconut	honey-dip
			3035
		2996		
		2997		
			3036
	2977			
			3037
	2978			
	2979			
		2998		
			3038
		2999		
2980	

---------------------------------
plain	jelly	coconut	honey-dip
	3194			
	3195			
			3288
			3289
		3219		
			3290
			3291
	3196			
3223				
3224				
		3220		
3225	

---------------------------------
plain	jelly	coconut	honey-dip
3347				
			3398
		3322		
3348				
3349				
			3399
3350				
			3400
			3401
3351				
3352				
			3402


---------------------------------
plain	jelly	coconut	honey-dip
		3440		
			3511
		3441		
		3442		
3449				
		3443		
	3412			
			3512
			3513
			3514
		3444		
3450	

---------------------------------
plain	jelly	coconut	honey-dip
		3593		
			3646
		3594		
3581				
3582				
			3647
	3544			
		3595		
		3596		
			3648
			3649
	3545	

---------------------------------
plain	jelly	coconut	honey-dip
		3744		
3694				
	3698			
3695				
3696				
3697				
	3699			
		3745		
	3700			
			3804
3698				
			3805


---------------------------------
plain	jelly	coconut	honey-dip
3823				
	3845			
3824				
	3846			
	3847			
			3933
		3855		
			3934
	3848			
3825				
		3856		
			3935


---------------------------------
plain	jelly	coconut	honey-dip
3945				
	3975			
		3980		
			4060
	3976			
	3977			
		3981		
		3982		
3946				
3947				
	3978			
		3983	

---------------------------------
plain	jelly	coconut	honey-dip
			4452
		4386		
	4386			
			4453
			4454
4368				
	4387			
	4388			
			4455
		4387		
4369				
			4456


---------------------------------
plain	jelly	coconut	honey-dip
	4523			
4504				
		4502		
			4591
	4524			
4505				
			4592
			4593
4506				
		4503		
4507				
			4594


---------------------------------
plain	jelly	coconut	honey-dip
	4631			
4626				
		4637		
	4632			
4627				
			4718
			4719
			4720
4628				
		4638		
4629				
		4639	

---------------------------------
plain	jelly	coconut	honey-dip
			4816
		4745		
	4763			
4756				
	4764			
			4817
			4818
4757				
	4765			
			4819
			4820
		4746	

---------------------------------
plain	jelly	coconut	honey-dip
4892				
	4904			
	4905			
			4937
4893				
		4851		
4894				
		4852		
		4853		
4895				
	4906			
	4907	

---------------------------------
plain	jelly	coconut	honey-dip
		5004		
		5005		
			5080
			5081
			5082
5014				
		5006		
5015				
	5038			
5016				
	5039			
5017	

---------------------------------
plain	jelly	coconut	honey-dip
		5325		
			5376
		5326		
5318				
	5377			
5319				
5320				
		5327		
			5377
		5328		
5321				
5322	

---------------------------------
plain	jelly	coconut	honey-dip
	5534			
5487				
	5535			
5488				
5489				
	5536			
		5470		
			5517
5490				
	5537			
			5518
5491	

---------------------------------
plain	jelly	coconut	honey-dip
			5634
	5653			
			5635
5616				
	5654			
			5636
5617				
	5655			
	5656			
		5609		
		5610		
5618	

---------------------------------
plain	jelly	coconut	honey-dip
			5729
		5717		
		5718		
5715				
		5719		
			5730
5716				
	5759			
		5720		
	5760			
			5731
	5761	

---------------------------------
plain	jelly	coconut	honey-dip
		5849		
			5869
	5921			
		5850		
5857				
5858				
5859				
	5922			
	5923			
5860				
			5870
			5871


---------------------------------
plain	jelly	coconut	honey-dip
5960				
			5994
			5995
			5996
5961				
	6038			
	6039			
			5997
	6040			
		5960		
	6041			
5962	

---------------------------------
plain	jelly	coconut	honey-dip
	6163			
6079				
	6164			
		6071		
6080				
6081				
6082				
	6165			
		6072		
		6073		
		6074		
			6119


---------------------------------
plain	jelly	coconut	honey-dip
	6334			
		6217		
6223				
		6218		
	6335			
6224				
		6219		
6225				
	6336			
			6282
		6220		
		6221	

---------------------------------
plain	jelly	coconut	honey-dip
	6516			
		6392		
6383				
		6393		
			6449
			6450
6384				
			6451
			6452
		6394		
			6453
6385	

---------------------------------
plain	jelly	coconut	honey-dip
	6646			
		6526		
	6647			
6517				
	6648			
			6567
	6649			
	6650			
			6568
6518				
			6569
		6527	

---------------------------------
plain	jelly	coconut	honey-dip
			7231
			7232
7146				
			7233
7147				
7148				
7149				
	7223			
	7224			
			7234
7150				
7151	

---------------------------------
plain	jelly	coconut	honey-dip
			7340
			7341
			7342
			7343
	7340			
			7344
		7206		
		7207		
			7345
			7346
	7341			
	7342	

---------------------------------
plain	jelly	coconut	honey-dip
		7331		
	7461			
		7332		
7350				
			7450
		7333		
7351				
		7334		
			7451
	7462			
	7463			
	7464	

---------------------------------
plain	jelly	coconut	honey-dip
		7471		
	7610			
	7611			
		7472		
			7584
			7585
			7586
		7473		
			7587
			7588
			7589
7491	

---------------------------------
plain	jelly	coconut	honey-dip
			7743
	7745			
		7613		
7619				
	7746			
		7614		
	7747			
		7615		
7620				
7621				
	7748			
	7749	

---------------------------------
plain	jelly	coconut	honey-dip
7749				
			7888
7750				
			7889
7751				
7752				
	7885			
	7886			
		7738		
7753				
		7739		
			7890


---------------------------------
plain	jelly	coconut	honey-dip
	8034			
		7870		
			8043
			8044
		7871		
		7872		
7913				
7914				
	8035			
			8045
			8046
			8047


---------------------------------
plain	jelly	coconut	honey-dip
8089				
8090				
8091				
	8201			
		8031		
8092				
		8032		
			8223
		8033		
8093				
			8224
			8225


---------------------------------
plain	jelly	coconut	honey-dip
			8358
	8339			
	8340			
8217				
8218				
			8359
			8360
		8170		
	8341			
8219				
			8361
			8362


---------------------------------
plain	jelly	coconut	honey-dip
8338				
		8282		
	8468			
		8283		
		8284		
	8469			
		8285		
		8286		
			8464
	8470			
8339				
			8465


---------------------------------
plain	jelly	coconut	honey-dip
	8637			
	8638			
	8639			
		8446		
	8640			
8507				
			8634
			8635
8508				
	8641			
			8636
	8642	

---------------------------------
plain	jelly	coconut	honey-dip
8624				
		8580		
			8737
	8739			
8625				
	8740			
		8581		
			8738
		8582		
8626				
			8739
	8741	

---------------------------------
plain	jelly	coconut	honey-dip
8736				
			8871
	8867			
		8710		
		8711		
8737				
	8868			
8738				
	8869			
			8872
		8712		
			8873


---------------------------------
plain	jelly	coconut	honey-dip
		8904		
8926				
			9065
			9066
			9067
			9068
8927				
8928				
			9069
		8905		
			9070
	9057	

---------------------------------
plain	jelly	coconut	honey-dip
		9077		
		9078		
		9079		
		9080		
			9251
			9252
	9239			
			9253
	9240			
		9081		
	9241			
		9082	

---------------------------------
plain	jelly	coconut	honey-dip
	9428			
		9267		
9293				
	9429			
		9268		
			9428
	9430			
		9269		
9294				
9295				
	9431			
			9429


---------------------------------
plain	jelly	coconut	honey-dip
			9564
			9565
9424				
		9403		
9425				
			9566
		9404		
		9405		
		9406		
	9553			
	9554			
	9555	

---------------------------------
plain	jelly	coconut	honey-dip
			9702
	9710			
			9703
		9561		
		9562		
9583				
		9563		
			9704
	9711			
			9705
9584				
9585	

---------------------------------
plain	jelly	coconut	honey-dip
			9835
			9836
			9837
	9837			
			9838
			9839
	9838			
			9840
	9839			
	9840			
9718				
			9841


---------------------------------
plain	jelly	coconut	honey-dip
			9935
	9961			
	9962			
9821				
	9963			
9822				
	9964			
			9936
		9811		
			9937
			9938
9823	

---------------------------------
plain	jelly	coconut	honey-dip
		9962		
			10098
	10114			
9966				
	10115			
		9963		
		9964		
	10116			
	10117			
	10118			
		9965		
			10099


---------------------------------
plain	jelly	coconut	honey-dip
10109				
			10248
10110				
			10249
	10274			
	10275			
		10121		
	10276			
	10277			
			10250
			10251
			10252


---------------------------------
plain	jelly	coconut	honey-dip
			10360
		10225		
	10411			
10212				
	10412			
10213				
		10226		
			10361
			10362
		10227		
10214				
	10413	

---------------------------------
plain	jelly	coconut	honey-dip
	10538			
10332				
		10355		
		10356		
10333				
10334				
			10499
	10539			
		10357		
	10540			
		10358		
		10359	

---------------------------------
plain	jelly	coconut	honey-dip
			10641
			10642
			10643
		10496		
	10691			
		10497		
	10692			
			10644
10484				
			10645
	10693			
	10694	

---------------------------------
plain	jelly	coconut	honey-dip
			10779
		10597		
			10780
10611				
			10781
	10817			
10612				
			10782
	10818			
	10819			
			10783
		10598	

---------------------------------
plain	jelly	coconut	honey-dip
10798				
10799				
		10806		
	10985			
	10986			
10800				
		10807		
		10808		
			10947
10801				
10802				
		10809	

---------------------------------
plain	jelly	coconut	honey-dip
			11089
	11114			
		10949		
			11090
10936				
			11091
10937				
	11115			
10938				
		10950		
10939				
			11092


---------------------------------
plain	jelly	coconut	honey-dip
			11220
11046				
		11070		
	11256			
		11071		
11047				
		11072		
	11257			
	11258			
		11073		
11048				
			11221


---------------------------------
plain	jelly	coconut	honey-dip
		11230		
		11231		
11187				
	11416			
11188				
			11383
			11384
11189				
			11385
	11417			
			11386
	11418	

---------------------------------
plain	jelly	coconut	honey-dip
		11359		
		11360		
11324				
	11531			
	11532			
			11518
	11533			
11325				
			11519
			11520
11326				
11327	

---------------------------------
plain	jelly	coconut	honey-dip
			11656
		11483		
		11484		
		11485		
		11486		
11444				
			11657
	11677			
			11658
11445				
		11487		
	11678	

---------------------------------
plain	jelly	coconut	honey-dip
			11806
			11807
		11649		
11596				
		11650		
		11651		
			11808
			11809
11597				
	11809			
11598				
11599	

---------------------------------
plain	jelly	coconut	honey-dip
	11915			
		11764		
			11923
			11924
		11765		
		11766		
11762				
			11925
11763				
			11926
			11927
			11928


---------------------------------
plain	jelly	coconut	honey-dip
11942				
11943				
11944				
		11946		
		11947		
	12086			
	12087			
11945				
11946				
		11948		
			12134
			12135


---------------------------------
plain	jelly	coconut	honey-dip
			12256
			12257
			12258
			12259
12102				
			12260
12103				
		12090		
12104				
			12261
	12236			
12105	

---------------------------------
plain	jelly	coconut	honey-dip
		12190		
		12191		
12200				
		12192		
		12193		
		12194		
			12359
		12195		
			12360
12201				
12202				
			12361


---------------------------------
plain	jelly	coconut	honey-dip
			12640
		12426		
			12641
			12642
			12643
12437				
12438				
12439				
		12427		
		12428		
		12429		
			12644


---------------------------------
plain	jelly	coconut	honey-dip
			12766
			12767
12562				
12563				
		12582		
	12658			
12564				
		12583		
	12659			
		12584		
		12585		
		12586	

---------------------------------
plain	jelly	coconut	honey-dip
12758				
12759				
			12888
12760				
			12889
		12719		
	12803			
		12720		
12761				
			12890
12762				
		12721	

---------------------------------
plain	jelly	coconut	honey-dip
			13046
			13047
			13048
			13049
12907				
12908				
	12931			
12909				
12910				
			13050
12911				
	12932	

---------------------------------
plain	jelly	coconut	honey-dip
13021				
	13049			
13022				
			13148
13023				
		12982		
13024				
		12983		
		12984		
	13050			
	13051			
	13052	

---------------------------------
plain	jelly	coconut	honey-dip
			13267
	13170			
	13171			
			13268
			13269
			13270
			13271
	13172			
		13117		
13150				
		13118		
	13173	

---------------------------------
plain	jelly	coconut	honey-dip
			13396
13280				
13281				
		13225		
13282				
			13397
13283				
		13226		
	13307			
			13398
13284				
	13308	

---------------------------------
plain	jelly	coconut	honey-dip
		13365		
		13366		
13424				
			13540
13425				
13426				
	13455			
	13456			
13427				
		13367		
		13368		
	13457	

---------------------------------
plain	jelly	coconut	honey-dip
			13689
			13690
	13599			
13585				
		13499		
13586				
			13691
	13600			
	13601			
13587				
		13500		
	13602	

---------------------------------
plain	jelly	coconut	honey-dip
13712				
	13726			
13713				
		13610		
	13727			
		13611		
13714				
		13612		
	13728			
		13613		
	13729			
13715	

---------------------------------
plain	jelly	coconut	honey-dip
			13971
		13770		
			13972
13860				
		13771		
			13973
		13772		
13861				
13862				
			13974
	13887			
			13975


---------------------------------
plain	jelly	coconut	honey-dip
14030				
		13961		
14031				
14032				
		13962		
14033				
			14176
	14077			
		13963		
		13964		
14034				
	14078	

---------------------------------
plain	jelly	coconut	honey-dip
	14214			
			14320
	14215			
14169				
			14321
		14117		
		14118		
	14216			
		14119		
		14120		
	14217			
		14121	

---------------------------------
plain	jelly	coconut	honey-dip
	14361			
	14362			
			14482
14311				
			14483
		14290		
14312				
		14291		
			14484
		14292		
14313				
	14363	

---------------------------------
plain	jelly	coconut	honey-dip
14433				
		14407		
	14477			
		14408		
		14409		
			14607
14434				
14435				
14436				
		14410		
			14608
14437	

---------------------------------
plain	jelly	coconut	honey-dip
	14622			
			14745
	14623			
			14746
	14624			
		14572		
		14573		
			14747
	14625			
	14626			
			14748
		14574	

---------------------------------
plain	jelly	coconut	honey-dip
			14889
	14740			
		14705		
	14741			
	14742			
14682				
		14706		
	14743			
	14744			
14683				
	14745			
14684	

---------------------------------
plain	jelly	coconut	honey-dip
		14840		
			15026
14817				
		14841		
		14842		
		14843		
	14885			
		14844		
			15027
			15028
	14886			
	14887	

---------------------------------
plain	jelly	coconut	honey-dip
	15031			
			15152
14976				
			15153
	15032			
		14985		
14977				
		14986		
14978				
14979				
		14987		
			15154


---------------------------------
plain	jelly	coconut	honey-dip
15122				
15123				
15124				
			15305
15125				
			15306
	15157			
		15136		
15126				
		15137		
15127				
15128	

---------------------------------
plain	jelly	coconut	honey-dip
			15404
15247				
15248				
		15276		
15249				
15250				
	15297			
15251				
	15298			
15252				
			15405
	15299	

---------------------------------
plain	jelly	coconut	honey-dip
		15387		
15363				
15364				
			15515
			15516
		15388		
15365				
		15389		
	15415			
			15517
	15416			
			15518


---------------------------------
plain	jelly	coconut	honey-dip
		15513		
		15514		
	15543			
		15515		
	15544			
15480				
15481				
	15545			
15482				
15483				
			15660
15484	

---------------------------------
plain	jelly	coconut	honey-dip
		15770		
	15763			
			15882
			15883
	15764			
			15884
15717				
			15885
15718				
			15886
		15771		
	15765	

---------------------------------
plain	jelly	coconut	honey-dip
			16044
15894				
	15938			
15895				
15896				
			16045
	15939			
		15940		
		15941		
		15942		
15897				
		15943	

---------------------------------
plain	jelly	coconut	honey-dip
	16090			
	16091			
16054				
	16092			
16055				
	16093			
			16185
16056				
			16186
		16087		
		16088		
		16089	

---------------------------------
plain	jelly	coconut	honey-dip
	16241			
	16242			
		16234		
			16322
			16323
16195				
	16243			
	16244			
16196				
		16235		
16197				
		16236	

---------------------------------
plain	jelly	coconut	honey-dip
16341				
		16398		
16342				
			16483
16343				
			16484
			16485
16344				
			16486
	16382			
	16383			
	16384	

---------------------------------
plain	jelly	coconut	honey-dip
			16575
16448				
			16576
		16505		
16449				
16450				
		16506		
		16507		
		16508		
	16520			
		16509		
			16577


---------------------------------
plain	jelly	coconut	honey-dip
			16791
	16724			
			16792
		16701		
		16702		
			16793
		16703		
16648				
		16704		
			16794
		16705		
			16795


---------------------------------
plain	jelly	coconut	honey-dip
16841				
16842				
	16871			
		16845		
	16872			
	16873			
	16874			
	16875			
		16846		
	16876			
16843				
	16877	

---------------------------------
plain	jelly	coconut	honey-dip
	17009			
	17010			
			17072
		17000		
			17073
	17011			
16983				
	17012			
			17074
16984				
			17075
16985	

---------------------------------
plain	jelly	coconut	honey-dip
		17120		
17070				
			17184
		17121		
			17185
		17122		
		17123		
	17110			
			17186
		17124		
			17187
	17111	

---------------------------------
plain	jelly	coconut	honey-dip
	17264			
17242				
	17265			
			17333
			17334
			17335
	17266			
			17336
	17267			
			17337
	17268			
			17338


---------------------------------
plain	jelly	coconut	honey-dip
17352				
		17418		
			17445
		17419		
17353				
			17446
	17373			
17354				
			17447
	17374			
		17420		
17355	

---------------------------------
plain	jelly	coconut	honey-dip
17485				
			17569
		17559		
	17515			
17486				
	17516			
17487				
	17517			
17488				
		17560		
		17561		
	17518	

---------------------------------
plain	jelly	coconut	honey-dip
17615				
			17701
			17702
		17685		
	17655			
	17656			
17616				
17617				
		17686		
			17703
17618				
		17687	

---------------------------------
plain	jelly	coconut	honey-dip
		17821		
17767				
17768				
		17822		
	17787			
	17788			
17769				
		17823		
17770				
		17824		
	17789			
17771	

---------------------------------
plain	jelly	coconut	honey-dip
			17972
17927				
	17930			
		17991		
		17992		
			17973
		17993		
			17974
	17931			
	17932			
	17933			
			17975


---------------------------------
plain	jelly	coconut	honey-dip
	18076			
			18112
18067				
		18129		
			18113
		18130		
		18131		
	18077			
18068				
		18132		
		18133		
18069	

---------------------------------
plain	jelly	coconut	honey-dip
	18241			
	18242			
18221				
18222				
		18275		
18223				
			18259
	18243			
18224				
18225				
		18276		
18226	

---------------------------------
plain	jelly	coconut	honey-dip
		18407		
			18387
		18408		
18352				
	18366			
18353				
18354				
			18388
	18367			
	18368			
	18369			
18355	

---------------------------------
plain	jelly	coconut	honey-dip
		18532		
18477				
		18533		
			18499
18478				
		18534		
		18535		
18479				
	18496			
18480				
			18500
		18536	

---------------------------------
plain	jelly	coconut	honey-dip
	18641			
18633				
18634				
18635				
18636				
18637				
		18706		
			18648
	18642			
		18707		
			18649
18638	

---------------------------------
plain	jelly	coconut	honey-dip
			18785
	18768			
18765				
18766				
	18769			
			18786
			18787
		18814		
18767				
18768				
			18788
18769	

---------------------------------
plain	jelly	coconut	honey-dip
18908				
		18941		
18909				
		18942		
			18903
18910				
18911				
			18904
		18943		
	18908			
18912				
		18944	

---------------------------------
plain	jelly	coconut	honey-dip
		19147		
		19148		
	19094			
			19116
19119				
	19095			
			19117
19120				
		19149		
			19118
19121				
			19119


---------------------------------
plain	jelly	coconut	honey-dip
19279				
	19233			
		19304		
	19234			
			19272
			19273
	19235			
			19274
	19236			
19280				
19281				
	19237	

---------------------------------
plain	jelly	coconut	honey-dip
			19412
		19436		
19404				
	19352			
	19353			
	19354			
19405				
			19413
		19437		
19406				
19407				
			19414


---------------------------------
plain	jelly	coconut	honey-dip
19548				
		19552		
19549				
			19551
			19552
			19553
19550				
19551				
			19554
19552				
		19553		
19553	

---------------------------------
plain	jelly	coconut	honey-dip
	19610			
	19611			
		19675		
		19676		
			19685
		19677		
		19678		
	19612			
			19686
	19613			
		19679		
		19680	

---------------------------------
plain	jelly	coconut	honey-dip
	19803			
19878				
		19903		
		19904		
	19804			
		19905		
			19880
	19805			
19879				
			19881
19880				
		19906	

---------------------------------
plain	jelly	coconut	honey-dip
20002				
	19939			
	19940			
			20038
		20037		
			20039
			20040
			20041
	19941			
	19942			
20003				
			20042


---------------------------------
plain	jelly	coconut	honey-dip
	20064			
		20149		
		20150		
			20162
	20065			
			20163
			20164
20121				
20122				
20123				
			20165
			20166


---------------------------------
plain	jelly	coconut	honey-dip
		20278		
	20207			
	20208			
			20280
		20279		
			20281
	20209			
20247				
20248				
	20210			
			20282
20249	

---------------------------------
plain	jelly	coconut	honey-dip
	20319			
		20409		
	20320			
			20400
20376				
20377				
			20401
20378				
20379				
			20402
20380				
		20410	

---------------------------------
plain	jelly	coconut	honey-dip
20497				
	20447			
		20556		
	20448			
20498				
		20557		
			20544
			20545
	20449			
	20450			
		20558		
			20546


---------------------------------
plain	jelly	coconut	honey-dip
20634				
		20704		
	20585			
	20586			
			20685
		20705		
	20587			
		20706		
20635				
	20588			
20636				
			20686


---------------------------------
plain	jelly	coconut	honey-dip
20791				
		20845		
20792				
			20820
	20704			
		20846		
20793				
			20821
	20705			
		20847		
20794				
		20848	

---------------------------------
plain	jelly	coconut	honey-dip
		21041		
			21027
		21042		
	20887			
		21043		
		21044		
21009				
			21028
21010				
21011				
		21045		
		21046	

---------------------------------
plain	jelly	coconut	honey-dip
		21214		
	21065			
			21193
			21194
		21215		
21176				
	21066			
21177				
21178				
		21216		
		21217		
	21067	

---------------------------------
plain	jelly	coconut	honey-dip
	21205			
	21206			
		21364		
	21207			
			21347
21308				
21309				
			21348
	21208			
		21365		
21310				
	21209	

---------------------------------
plain	jelly	coconut	honey-dip
		21486		
			21462
21462				
21463				
		21487		
		21488		
		21489		
		21490		
21464				
	21330			
			21463
	21331	

---------------------------------
plain	jelly	coconut	honey-dip
21680				
			21681
		21704		
	21539			
21681				
	21540			
		21705		
		21706		
			21682
	21541			
			21683
21682	

---------------------------------
plain	jelly	coconut	honey-dip
		21827		
21822				
			21818
21823				
			21819
			21820
		21828		
21824				
21825				
	21677			
21826				
		21829	

---------------------------------
plain	jelly	coconut	honey-dip
21952				
		21983		
			21945
	21816			
	21817			
			21946
		21984		
		21985		
		21986		
			21947
21953				
			21948


---------------------------------
plain	jelly	coconut	honey-dip
	21980			
			22100
22100				
		22128		
		22129		
			22101
	21981			
	21982			
		22130		
	21983			
	21984			
	21985	

---------------------------------
plain	jelly	coconut	honey-dip
		22278		
		22279		
		22280		
	22118			
22226				
			22214
22227				
	22119			
22228				
		22281		
22229				
22230	

---------------------------------
plain	jelly	coconut	honey-dip
	22330			
			22432
			22433
22441				
22442				
		22521		
22443				
	22331			
		22522		
			22434
			22435
	22332	

---------------------------------
plain	jelly	coconut	honey-dip
	22486			
		22634		
	22487			
			22558
22574				
	22488			
	22489			
		22635		
			22559
			22560
	22490			
	22491	

---------------------------------
plain	jelly	coconut	honey-dip
			22695
		22765		
			22696
	22639			
			22697
	22640			
	22641			
			22698
	22642			
	22643			
			22699
22705	

---------------------------------
plain	jelly	coconut	honey-dip
	22776			
		22885		
22833				
			22838
			22839
		22886		
			22840
			22841
	22777			
		22887		
			22842
		22888	

---------------------------------
plain	jelly	coconut	honey-dip
		23024		
	22910			
			22992
		23025		
		23026		
		23027		
22970				
			22993
			22994
		23028		
		23029		
		23030	

---------------------------------
plain	jelly	coconut	honey-dip
	23078			
			23134
	23079			
	23080			
23144				
23145				
	23081			
		23188		
		23189		
		23190		
	23082			
		23191	

---------------------------------
plain	jelly	coconut	honey-dip
23271				
23272				
	23231			
23273				
	23232			
			23282
			23283
			23284
			23285
23274				
23275				
			23286


---------------------------------
plain	jelly	coconut	honey-dip
		23511		
23420				
	23381			
			23420
			23421
			23422
23421				
			23423
		23512		
23422				
		23513		
		23514	

---------------------------------
plain	jelly	coconut	honey-dip
		23644		
	23519			
		23645		
		23646		
			23549
		23647		
23560				
	23520			
		23648		
23561				
	23521			
			23550


---------------------------------
plain	jelly	coconut	honey-dip
			23740
	23688			
		23840		
		23841		
23748				
			23741
23749				
			23742
	23689			
23750				
		23842		
		23843	

---------------------------------
plain	jelly	coconut	honey-dip
23914				
23915				
		24039		
		24040		
	23876			
	23877			
			23919
		24041		
23916				
			23920
	23878			
23917	

---------------------------------
plain	jelly	coconut	honey-dip
24042				
		24182		
			24054
	24010			
24043				
			24055
		24183		
		24184		
	24011			
	24012			
		24185		
		24186	

---------------------------------
plain	jelly	coconut	honey-dip
			24181
		24323		
		24324		
24170				
	24154			
	24155			
	24156			
			24182
24171				
		24325		
24172				
	24157	

---------------------------------
plain	jelly	coconut	honey-dip
24386				
24387				
24388				
		24512		
	24374			
			24348
24389				
24390				
24391				
			24349
24392				
	24375	

---------------------------------
plain	jelly	coconut	honey-dip
			24473
	24500			
24526				
			24474
	24501			
	24502			
24527				
			24475
			24476
24528				
			24477
24529	

---------------------------------
plain	jelly	coconut	honey-dip
			24572
	24629			
24631				
			24573
		24772		
24632				
	24630			
		24773		
	24631			
			24574
	24632			
		24774	

---------------------------------
plain	jelly	coconut	honey-dip
	24786			
	24787			
			24738
		24908		
	24788			
			24739
	24789			
	24790			
	24791			
	24792			
	24793			
24796	

---------------------------------
plain	jelly	coconut	honey-dip
24917				
			24842
	24889			
		24988		
24918				
		24989		
		24990		
24919				
			24843
24920				
	24890			
	24891	

---------------------------------
plain	jelly	coconut	honey-dip
		25141		
			24991
	25050			
			24992
25042				
	25051			
		25142		
	25052			
25043				
25044				
			24993
		25143	

---------------------------------
plain	jelly	coconut	honey-dip
	25195			
25199				
25200				
		25293		
25201				
25202				
		25294		
			25137
	25196			
		25295		
			25138
		25296	

---------------------------------
plain	jelly	coconut	honey-dip
			25311
25372				
			25312
25373				
25374				
25375				
		25493		
		25494		
25376				
			25313
	25368			
	25369	

---------------------------------
plain	jelly	coconut	honey-dip
			25440
		25630		
		25631		
			25441
			25442
	25484			
			25443
			25444
	25485			
	25486			
			25445
			25446


---------------------------------
plain	jelly	coconut	honey-dip
			25572
		25769		
		25770		
	25632			
			25573
		25771		
25615				
			25574
		25772		
		25773		
25616				
25617	

---------------------------------
plain	jelly	coconut	honey-dip
			25789
		25965		
	25811			
	25812			
	25813			
			25790
25791				
25792				
25793				
		25966		
			25791
25794	

---------------------------------
plain	jelly	coconut	honey-dip
	25920			
25915				
25916				
			25906
25917				
		26083		
25918				
	25921			
			25907
		26084		
		26085		
		26086	

---------------------------------
plain	jelly	coconut	honey-dip
	26062			
			26040
		26237		
		26238		
26049				
			26041
		26239		
26050				
26051				
			26042
26052				
		26240	

---------------------------------
plain	jelly	coconut	honey-dip
26147				
26148				
26149				
	26150			
26150				
	26151			
26151				
	26152			
		26359		
26152				
		26360		
26153	

---------------------------------
plain	jelly	coconut	honey-dip
26268				
			26275
		26461		
			26276
		26462		
	26284			
	26285			
		26463		
26269				
		26464		
			26277
		26465	

---------------------------------
plain	jelly	coconut	honey-dip
		26608		
			26385
26398				
26399				
			26386
		26609		
		26610		
		26611		
		26612		
		26613		
		26614		
	26413	

---------------------------------
plain	jelly	coconut	honey-dip
			26542
26554				
		26781		
		26782		
			26543
		26783		
26555				
			26544
			26545
	26563			
26556				
	26564	

---------------------------------
plain	jelly	coconut	honey-dip
		26827		
		26828		
26622				
	26614			
26623				
	26615			
	26616			
26624				
		26829		
26625				
26626				
26627	

---------------------------------
plain	jelly	coconut	honey-dip
26742				
			26714
		26941		
26743				
	26727			
26744				
26745				
			26715
	26728			
	26729			
			26716
		26942	

---------------------------------
plain	jelly	coconut	honey-dip
			26815
		27044		
			26816
26834				
		27045		
		27046		
26835				
26836				
			26817
			26818
		27047		
			26819


---------------------------------
plain	jelly	coconut	honey-dip
26918				
		27139		
		27140		
			26908
			26909
26919				
		27141		
26920				
		27142		
		27143		
		27144		
26921	

---------------------------------
plain	jelly	coconut	honey-dip
			26998
27029				
		27239		
		27240		
		27241		
		27242		
27030				
	26998			
		27243		
			26999
		27244		
27031	

---------------------------------
plain	jelly	coconut	honey-dip
	27091			
27137				
	27092			
			27102
			27103
		27342		
	27093			
			27104
		27343		
27138				
27139				
			27105


---------------------------------
plain	jelly	coconut	honey-dip
	27201			
			27217
			27218
			27219
			27220
			27221
	27202			
			27222
			27223
			27224
			27225
		27464	

---------------------------------
plain	jelly	coconut	honey-dip
	27336			
		27609		
	27337			
27433				
27434				
		27610		
		27611		
	27338			
27435				
		27612		
		27613		
			27362


---------------------------------
plain	jelly	coconut	honey-dip
27573				
			27469
	27454			
			27470
27574				
			27471
	27455			
	27456			
27575				
			27472
		27724		
			27473


---------------------------------
plain	jelly	coconut	honey-dip
	27566			
			27578
		27815		
	27567			
		27816		
27681				
27682				
		27817		
			27579
	27568			
		27818		
		27819	

---------------------------------
plain	jelly	coconut	honey-dip
		27897		
			27671
		27898		
			27672
		27899		
27799				
	27681			
			27673
	27682			
			27674
			27675
		27900	

---------------------------------
plain	jelly	coconut	honey-dip
			27783
			27784
27888				
27889				
	27802			
		28007		
27890				
		28008		
27891				
27892				
			27785
27893	

---------------------------------
plain	jelly	coconut	honey-dip
		28094		
	27880			
27984				
27985				
27986				
			27870
			27871
			27872
			27873
	27881			
		28095		
27987	

---------------------------------
plain	jelly	coconut	honey-dip
28068				
		28186		
	27992			
			27966
		28187		
		28188		
			27967
			27968
		28189		
28069				
	27993			
	27994	

---------------------------------
plain	jelly	coconut	honey-dip
			28086
28188				
	28122			
	28123			
		28284		
28189				
			28087
			28088
		28285		
		28286		
28190				
		28287	

---------------------------------
plain	jelly	coconut	honey-dip
			28167
	28180			
28284				
28285				
			28168
	28181			
28286				
			28169
		28373		
28287				
		28374		
28288	

---------------------------------
plain	jelly	coconut	honey-dip
28591				
28592				
28593				
			28433
			28434
			28435
			28436
			28437
			28438
		28654		
28594				
28595	

---------------------------------
plain	jelly	coconut	honey-dip
	28516			
		28716		
		28717		
			28485
			28486
	28517			
			28487
	28518			
		28718		
	28519			
		28719		
28655	

---------------------------------
plain	jelly	coconut	honey-dip
			28564
			28565
	28581			
28732				
28733				
			28566
28734				
		28795		
		28796		
28735				
		28797		
			28567


---------------------------------
plain	jelly	coconut	honey-dip
28815				
		28866		
28816				
			28641
			28642
28817				
	28650			
			28643
		28867		
		28868		
28818				
		28869	

---------------------------------
plain	jelly	coconut	honey-dip
		28935		
			28698
		28936		
	28714			
			28699
	28715			
			28700
28877				
	28716			
		28937		
28878				
		28938	

---------------------------------
plain	jelly	coconut	honey-dip
	28794			
	28795			
			28788
			28789
28953				
		29025		
		29026		
	28796			
		29027		
			28790
			28791
28954	

---------------------------------
plain	jelly	coconut	honey-dip
	28876			
		29116		
	28877			
		29117		
	28878			
29029				
	28879			
			28875
29030				
			28876
29031				
			28877


---------------------------------
plain	jelly	coconut	honey-dip
			28973
29105				
29106				
			28974
29107				
			28975
			28976
			28977
		29173		
29108				
			28978
	28945	

---------------------------------
plain	jelly	coconut	honey-dip
			29046
29177				
29178				
		29242		
	29007			
	29008			
29179				
		29243		
	29009			
			29047
29180				
	29010	

---------------------------------
plain	jelly	coconut	honey-dip
		29286		
29226				
	29072			
			29104
	29073			
			29105
		29287		
	29074			
		29288		
		29289		
		29290		
		29291	

---------------------------------
plain	jelly	coconut	honey-dip
	29119			
	29120			
		29356		
	29121			
29291				
			29174
29292				
29293				
		29357		
29294				
			29175
		29358	

---------------------------------
plain	jelly	coconut	honey-dip
	29166			
29365				
			29239
		29422		
	29167			
29366				
	29168			
29367				
29368				
			29240
29369				
	29169	

---------------------------------
plain	jelly	coconut	honey-dip
			29320
29453				
			29321
			29322
			29323
			29324
			29325
29454				
		29486		
		29487		
		29488		
	29245	

---------------------------------
plain	jelly	coconut	honey-dip
29519				
		29543		
		29544		
			29372
	29298			
			29373
29520				
29521				
	29299			
29522				
			29374
			29375


