---------------------------------
plain	jelly	coconut	honey-dip
3				
4				
		3		
5				
			2
		4		
		5		
	4			
	5			
		6		
		7		
6	

---------------------------------
plain	jelly	coconut	honey-dip
			11
			12
	19			
		23		
		24		
19				
		25		
			13
			14
		26		
			15
		27	

---------------------------------
plain	jelly	coconut	honey-dip
		46		
			30
		47		
35				
		48		
36				
			31
			32
			33
37				
38				
		49	

---------------------------------
plain	jelly	coconut	honey-dip
64				
			57
	60			
		71		
65				
	61			
	62			
			58
66				
			59
	63			
67	

---------------------------------
plain	jelly	coconut	honey-dip
		98		
84				
85				
		99		
	91			
	92			
			75
86				
	93			
			76
87				
88	

---------------------------------
plain	jelly	coconut	honey-dip
		129		
			105
		130		
		131		
	119			
127				
128				
		132		
			106
		133		
			107
	120	

---------------------------------
plain	jelly	coconut	honey-dip
			139
		165		
		166		
	152			
			140
	153			
	154			
		167		
			141
		168		
		169		
168	

---------------------------------
plain	jelly	coconut	honey-dip
		197		
213				
	189			
		198		
	190			
			169
		199		
		200		
		201		
		202		
	191			
			170


---------------------------------
plain	jelly	coconut	honey-dip
		222		
		223		
	214			
	215			
			194
	216			
		224		
			195
		225		
	217			
	218			
			196


---------------------------------
plain	jelly	coconut	honey-dip
258				
		256		
			228
			229
259				
			230
			231
			232
		257		
		258		
260				
	254	

---------------------------------
plain	jelly	coconut	honey-dip
			265
		296		
			266
298				
		297		
	281			
		298		
		299		
	282			
299				
			267
	283	

---------------------------------
plain	jelly	coconut	honey-dip
	319			
		331		
			298
324				
325				
		332		
			299
			300
	320			
	321			
326				
327	

---------------------------------
plain	jelly	coconut	honey-dip
			340
			341
			342
		365		
		366		
			343
	359			
364				
			344
	360			
	361			
365	

---------------------------------
plain	jelly	coconut	honey-dip
			379
	391			
	392			
		405		
397				
		406		
		407		
			380
398				
399				
	393			
			381


---------------------------------
plain	jelly	coconut	honey-dip
			411
	424			
		433		
		434		
			412
		435		
			413
424				
			414
		436		
		437		
	425	

---------------------------------
plain	jelly	coconut	honey-dip
	458			
			445
462				
463				
	459			
464				
			446
465				
466				
467				
468				
469	

---------------------------------
plain	jelly	coconut	honey-dip
		501		
		502		
		503		
			473
504				
505				
		504		
506				
	490			
	491			
507				
	492	

---------------------------------
plain	jelly	coconut	honey-dip
537				
	539			
		538		
538				
			522
			523
539				
540				
541				
			524
	540			
542	

---------------------------------
plain	jelly	coconut	honey-dip
	577			
			554
		567		
	578			
	579			
582				
583				
			555
		568		
		569		
584				
		570	

---------------------------------
plain	jelly	coconut	honey-dip
		598		
602				
			582
603				
604				
			583
605				
		599		
			584
			585
		600		
606	

---------------------------------
plain	jelly	coconut	honey-dip
	625			
			608
		633		
		634		
		635		
	626			
			609
	627			
			610
		636		
630				
631	

---------------------------------
plain	jelly	coconut	honey-dip
			636
	663			
659				
			637
		670		
			638
		671		
		672		
	664			
		673		
			639
			640


---------------------------------
plain	jelly	coconut	honey-dip
		691		
			673
		692		
			674
	699			
			675
		693		
		694		
			676
		695		
			677
	700	

---------------------------------
plain	jelly	coconut	honey-dip
			715
721				
		735		
		736		
			716
722				
			717
			718
		737		
	733			
		738		
		739	

---------------------------------
plain	jelly	coconut	honey-dip
772				
	792			
		800		
	793			
		801		
		802		
			780
773				
774				
	794			
		803		
		804	

---------------------------------
plain	jelly	coconut	honey-dip
	887			
	888			
			900
	889			
			901
871				
			902
872				
873				
	890			
874				
875	

---------------------------------
plain	jelly	coconut	honey-dip
	932			
		950		
		951		
930				
	933			
		952		
			956
	934			
	935			
931				
			957
	936	

---------------------------------
plain	jelly	coconut	honey-dip
1087				
		1118		
			1107
1088				
		1119		
1089				
1090				
	1116			
			1108
	1117			
	1118			
			1109


---------------------------------
plain	jelly	coconut	honey-dip
			1169
	1191			
		1181		
			1170
1151				
		1182		
			1171
			1172
1152				
1153				
1154				
	1192	

---------------------------------
plain	jelly	coconut	honey-dip
1218				
			1241
			1242
		1255		
		1256		
			1243
	1278			
			1244
			1245
1219				
		1257		
		1258	

---------------------------------
plain	jelly	coconut	honey-dip
1292				
		1333		
	1352			
		1334		
1293				
1294				
			1315
1295				
1296				
1297				
1298				
		1335	

---------------------------------
plain	jelly	coconut	honey-dip
1378				
		1420		
			1386
		1421		
		1422		
		1423		
1379				
1380				
			1387
	1432			
	1433			
	1434	

---------------------------------
plain	jelly	coconut	honey-dip
	1538			
1485				
1486				
1487				
1488				
			1524
	1539			
			1525
		1525		
	1540			
			1526
			1527


---------------------------------
plain	jelly	coconut	honey-dip
1591				
	1641			
		1627		
	1642			
		1628		
		1629		
	1643			
	1644			
			1633
	1645			
		1630		
	1646	

---------------------------------
plain	jelly	coconut	honey-dip
	1764			
			1753
			1754
1717				
			1755
		1750		
		1751		
		1752		
			1756
	1765			
	1766			
		1753	

---------------------------------
plain	jelly	coconut	honey-dip
		1820		
1805				
1806				
		1821		
1807				
		1822		
1808				
			1847
	1836			
	1837			
		1823		
		1824	

---------------------------------
plain	jelly	coconut	honey-dip
	1939			
			1956
	1940			
1903				
	1941			
			1957
		1918		
		1919		
		1920		
1904				
		1921		
1905	

---------------------------------
plain	jelly	coconut	honey-dip
2014				
2015				
		2016		
			2068
			2069
		2017		
		2018		
			2070
		2019		
	2050			
		2020		
2016	

---------------------------------
plain	jelly	coconut	honey-dip
		2152		
2133				
			2179
	2164			
		2153		
		2154		
			2180
		2155		
	2165			
			2181
	2166			
			2182


---------------------------------
plain	jelly	coconut	honey-dip
			2298
	2288			
			2299
		2272		
	2289			
	2290			
		2273		
		2274		
	2291			
			2300
2226				
			2301


---------------------------------
plain	jelly	coconut	honey-dip
			2430
	2410			
	2411			
		2412		
			2431
2396				
2397				
2398				
2399				
	2412			
2400				
			2432


---------------------------------
plain	jelly	coconut	honey-dip
2489				
		2516		
2490				
		2517		
	2530			
	2531			
2491				
		2518		
2492				
		2519		
			2545
			2546


---------------------------------
plain	jelly	coconut	honey-dip
			2681
		2652		
	2657			
	2658			
		2653		
	2659			
	2660			
2606				
		2654		
2607				
	2661			
		2655	

---------------------------------
plain	jelly	coconut	honey-dip
	2804			
2782				
		2827		
			2855
	2805			
			2856
			2857
2783				
	2806			
2784				
	2807			
	2808	

---------------------------------
plain	jelly	coconut	honey-dip
			2957
			2958
		2926		
	2908			
	2909			
			2959
2909				
	2910			
		2927		
			2960
	2911			
	2912	

---------------------------------
plain	jelly	coconut	honey-dip
3020				
3021				
3022				
		3033		
3023				
	3007			
		3034		
	3008			
	3009			
		3035		
			3072
	3010	

---------------------------------
plain	jelly	coconut	honey-dip
		3137		
			3188
	3119			
3132				
3133				
	3120			
3134				
3135				
		3138		
			3189
			3190
	3121	

---------------------------------
plain	jelly	coconut	honey-dip
	3311			
		3307		
		3308		
			3379
		3309		
			3380
	3312			
	3313			
		3310		
			3381
		3311		
		3312	

---------------------------------
plain	jelly	coconut	honey-dip
3468				
	3428			
3469				
	3429			
			3536
	3430			
3470				
	3431			
3471				
	3432			
3472				
		3476	

---------------------------------
plain	jelly	coconut	honey-dip
		3589		
3578				
			3643
		3590		
	3542			
		3591		
			3644
3579				
3580				
	3543			
			3645
		3592	

---------------------------------
plain	jelly	coconut	honey-dip
	3756			
			3854
	3757			
			3855
3750				
			3856
			3857
			3858
			3859
			3860
			3861
3751	

---------------------------------
plain	jelly	coconut	honey-dip
	4017			
	4018			
	4019			
			4095
	4020			
3995				
		4021		
3996				
		4022		
	4021			
		4023		
3997	

---------------------------------
plain	jelly	coconut	honey-dip
		4140		
			4212
		4141		
			4213
			4214
4143				
	4149			
	4150			
		4142		
			4215
		4143		
		4144	

---------------------------------
plain	jelly	coconut	honey-dip
			4364
		4291		
			4365
		4292		
		4293		
		4294		
4266				
	4287			
	4288			
		4295		
	4289			
4267	

---------------------------------
plain	jelly	coconut	honey-dip
		4435		
	4436			
		4436		
	4437			
	4438			
4428				
			4509
	4439			
			4510
4429				
	4440			
		4437	

---------------------------------
plain	jelly	coconut	honey-dip
		4558		
	4562			
4558				
	4563			
	4564			
			4646
		4559		
		4560		
		4561		
		4562		
	4565			
			4647


---------------------------------
plain	jelly	coconut	honey-dip
			4813
	4757			
	4758			
4753				
			4814
	4759			
	4760			
4754				
			4815
	4761			
4755				
	4762	

---------------------------------
plain	jelly	coconut	honey-dip
		4919		
		4920		
4957				
		4921		
	4969			
			4991
			4992
		4922		
			4993
		4923		
		4924		
	4970	

---------------------------------
plain	jelly	coconut	honey-dip
	5161			
		5121		
			5188
			5189
		5122		
		5123		
		5124		
	5162			
			5190
	5163			
5122				
	5164	

---------------------------------
plain	jelly	coconut	honey-dip
		5454		
	5522			
	5523			
		5455		
5478				
	5524			
5479				
5480				
	5525			
	5526			
	5527			
		5456	

---------------------------------
plain	jelly	coconut	honey-dip
5595				
	5637			
5596				
	5638			
5597				
		5588		
5598				
		5589		
5599				
		5590		
5600				
	5639	

---------------------------------
plain	jelly	coconut	honey-dip
		5757		
			5768
	5804			
	5805			
		5758		
		5759		
5759				
			5769
		5760		
		5761		
5760				
		5762	

---------------------------------
plain	jelly	coconut	honey-dip
	6026			
5947				
			5979
		5940		
			5980
5948				
5949				
		5941		
5950				
	6027			
5951				
5952	

---------------------------------
plain	jelly	coconut	honey-dip
	6208			
	6209			
	6210			
			6167
6119				
	6211			
6120				
6121				
		6106		
6122				
			6168
		6107	

---------------------------------
plain	jelly	coconut	honey-dip
6246				
6247				
	6363			
6248				
6249				
	6364			
			6302
		6253		
		6254		
	6365			
			6303
			6304


---------------------------------
plain	jelly	coconut	honey-dip
			6431
6363				
		6379		
	6495			
	6496			
	6497			
			6432
6364				
	6498			
6365				
			6433
	6499	

---------------------------------
plain	jelly	coconut	honey-dip
		6503		
6498				
		6504		
6499				
			6544
	6627			
6500				
	6628			
	6629			
		6505		
			6545
			6546


---------------------------------
plain	jelly	coconut	honey-dip
			6672
6647				
	6750			
			6673
			6674
			6675
		6619		
			6676
		6620		
			6677
		6621		
6648	

---------------------------------
plain	jelly	coconut	honey-dip
			6821
			6822
	6853			
			6823
6783				
		6735		
			6824
6784				
		6736		
		6737		
			6825
	6854	

---------------------------------
plain	jelly	coconut	honey-dip
	6982			
		6867		
			6967
	6983			
	6984			
	6985			
			6968
6940				
			6969
	6986			
			6970
6941	

---------------------------------
plain	jelly	coconut	honey-dip
			7115
			7116
			7117
		6984		
			7118
7051				
		6985		
			7119
	7122			
7052				
			7120
			7121


---------------------------------
plain	jelly	coconut	honey-dip
			7293
			7294
	7283			
			7295
7197				
	7284			
7198				
			7296
		7147		
7199				
	7285			
		7148	

---------------------------------
plain	jelly	coconut	honey-dip
			7447
	7457			
			7448
			7449
	7458			
7347				
	7459			
		7329		
7348				
	7460			
		7330		
7349	

---------------------------------
plain	jelly	coconut	honey-dip
		7458		
			7571
			7572
	7593			
	7594			
7474				
			7573
		7459		
	7595			
7475				
7476				
		7460	

---------------------------------
plain	jelly	coconut	honey-dip
7616				
			7742
		7607		
		7608		
7617				
		7609		
		7610		
		7611		
	7743			
		7612		
	7744			
7618	

---------------------------------
plain	jelly	coconut	honey-dip
	7953			
			7959
			7960
7823				
7824				
7825				
			7961
	7954			
7826				
	7955			
	7956			
		7789	

---------------------------------
plain	jelly	coconut	honey-dip
		8056		
			8247
			8248
	8217			
			8249
			8250
	8218			
		8057		
		8058		
	8219			
			8251
		8059	

---------------------------------
plain	jelly	coconut	honey-dip
			8449
8310				
		8261		
			8450
	8448			
			8451
8311				
			8452
	8449			
8312				
8313				
			8453


---------------------------------
plain	jelly	coconut	honey-dip
	8585			
	8586			
		8393		
	8587			
8449				
8450				
			8581
			8582
			8583
8451				
		8394		
	8588	

---------------------------------
plain	jelly	coconut	honey-dip
8591				
		8530		
			8707
			8708
		8531		
			8709
	8708			
			8710
		8532		
		8533		
8592				
	8709	

---------------------------------
plain	jelly	coconut	honey-dip
	8842			
		8686		
8717				
8718				
8719				
		8687		
	8843			
		8688		
	8844			
	8845			
8720				
	8846	

---------------------------------
plain	jelly	coconut	honey-dip
			8974
			8975
		8812		
8839				
	8979			
8840				
8841				
	8980			
8842				
	8981			
			8976
8843	

---------------------------------
plain	jelly	coconut	honey-dip
8957				
8958				
			9100
		8933		
	9082			
	9083			
8959				
	9084			
			9101
	9085			
	9086			
			9102


---------------------------------
plain	jelly	coconut	honey-dip
			9228
		9061		
	9213			
			9229
	9214			
	9215			
			9230
			9231
9086				
			9232
	9216			
9087	

---------------------------------
plain	jelly	coconut	honey-dip
	9341			
			9348
	9342			
9214				
9215				
		9189		
	9343			
		9190		
			9349
	9344			
		9191		
	9345	

---------------------------------
plain	jelly	coconut	honey-dip
	9493			
9344				
9345				
		9344		
9346				
	9494			
			9499
9347				
9348				
			9500
		9345		
		9346	

---------------------------------
plain	jelly	coconut	honey-dip
	9618			
9493				
	9619			
9494				
			9629
		9480		
		9481		
9495				
	9620			
	9621			
		9482		
9496	

---------------------------------
plain	jelly	coconut	honey-dip
			9748
			9749
	9751			
9639				
	9752			
		9610		
9640				
	9753			
	9754			
9641				
		9611		
	9755	

---------------------------------
plain	jelly	coconut	honey-dip
9751				
	9878			
			9871
			9872
		9728		
	9879			
	9880			
9752				
	9881			
	9882			
	9883			
9753	

---------------------------------
plain	jelly	coconut	honey-dip
	9993			
			9978
		9847		
			9979
		9848		
		9849		
	9994			
			9980
	9995			
			9981
		9850		
			9982


---------------------------------
plain	jelly	coconut	honey-dip
10018				
			10152
		10020		
		10021		
		10022		
			10153
		10023		
		10024		
			10154
			10155
10019				
	10178	

---------------------------------
plain	jelly	coconut	honey-dip
		10254		
10238				
	10434			
10239				
	10435			
			10390
			10391
10240				
	10436			
		10255		
10241				
		10256	

---------------------------------
plain	jelly	coconut	honey-dip
10371				
	10581			
10372				
			10537
			10538
			10539
	10582			
		10391		
	10583			
10373				
	10584			
	10585	

---------------------------------
plain	jelly	coconut	honey-dip
			10654
			10655
		10507		
			10656
	10704			
	10705			
	10706			
10495				
			10657
	10707			
10496				
			10658


---------------------------------
plain	jelly	coconut	honey-dip
	10828			
			10790
			10791
		10605		
10617				
			10792
		10606		
10618				
			10793
			10794
		10607		
			10795


---------------------------------
plain	jelly	coconut	honey-dip
	10950			
		10768		
	10951			
		10769		
	10952			
10761				
10762				
10763				
10764				
			10913
10765				
			10914


---------------------------------
plain	jelly	coconut	honey-dip
		10957		
10944				
10945				
	11125			
		10958		
			11098
			11099
	11126			
10946				
	11127			
		10959		
			11100


---------------------------------
plain	jelly	coconut	honey-dip
	11274			
			11248
	11275			
		11095		
		11096		
11071				
			11249
			11250
		11097		
11072				
			11251
		11098	

---------------------------------
plain	jelly	coconut	honey-dip
		11247		
	11434			
			11404
11203				
		11248		
11204				
11205				
11206				
		11249		
11207				
	11435			
11208	

---------------------------------
plain	jelly	coconut	honey-dip
		11458		
		11459		
	11660			
	11661			
11422				
11423				
		11460		
11424				
	11662			
	11663			
11425				
			11636


---------------------------------
plain	jelly	coconut	honey-dip
			11782
11570				
			11783
		11614		
		11615		
	11786			
			11784
			11785
	11787			
	11788			
		11616		
		11617	

---------------------------------
plain	jelly	coconut	honey-dip
11743				
	11901			
11744				
			11903
11745				
11746				
		11745		
		11746		
			11904
		11747		
			11905
			11906


---------------------------------
plain	jelly	coconut	honey-dip
			12075
		11884		
	12041			
			12076
		11885		
		11886		
	12042			
11880				
	12043			
		11887		
			12077
		11888	

---------------------------------
plain	jelly	coconut	honey-dip
	12181			
		12042		
12034				
12035				
		12043		
12036				
	12182			
12037				
			12211
		12044		
		12045		
			12212


---------------------------------
plain	jelly	coconut	honey-dip
		12172		
		12173		
12185				
	12309			
		12174		
12186				
	12310			
	12311			
			12342
	12312			
		12175		
		12176	

---------------------------------
plain	jelly	coconut	honey-dip
			12583
12394				
	12503			
12395				
			12584
			12585
	12504			
		12380		
12396				
	12505			
			12586
		12381	

---------------------------------
plain	jelly	coconut	honey-dip
	12667			
12576				
	12668			
12577				
		12599		
			12774
		12600		
12578				
		12601		
12579				
12580				
		12602	

---------------------------------
plain	jelly	coconut	honey-dip
		12711		
			12883
		12712		
12754				
		12713		
		12714		
	12796			
			12884
	12797			
	12798			
			12885
12755	

---------------------------------
plain	jelly	coconut	honey-dip
			13091
			13092
			13093
		12914		
			13094
	12986			
12957				
12958				
	12987			
			13095
12959				
12960	

---------------------------------
plain	jelly	coconut	honey-dip
	13099			
13075				
	13100			
13076				
		13045		
			13197
	13101			
		13046		
13077				
			13198
			13199
		13047	

---------------------------------
plain	jelly	coconut	honey-dip
	13251			
	13252			
		13179		
13210				
		13180		
	13253			
	13254			
			13340
			13341
		13181		
13211				
		13182	

---------------------------------
plain	jelly	coconut	honey-dip
	13405			
			13492
			13493
			13494
13369				
		13314		
13370				
		13315		
	13406			
		13316		
			13495
13371	

---------------------------------
plain	jelly	coconut	honey-dip
13632				
		13546		
			13727
			13728
			13729
	13647			
13633				
			13730
13634				
	13648			
	13649			
			13731


---------------------------------
plain	jelly	coconut	honey-dip
		13714		
		13715		
13810				
		13716		
13811				
13812				
13813				
		13717		
		13718		
	13823			
			13913
			13914


---------------------------------
plain	jelly	coconut	honey-dip
	14047			
	14048			
14000				
14001				
	14049			
14002				
14003				
			14147
	14050			
			14148
		13930		
			14149


---------------------------------
plain	jelly	coconut	honey-dip
			14266
14116				
	14165			
		14069		
			14267
			14268
			14269
		14070		
14117				
		14071		
			14270
	14166	

---------------------------------
plain	jelly	coconut	honey-dip
		14189		
14225				
			14394
		14190		
		14191		
		14192		
14226				
			14395
			14396
14227				
14228				
14229	

---------------------------------
plain	jelly	coconut	honey-dip
		14346		
			14548
			14549
		14347		
	14419			
14371				
		14348		
14372				
	14420			
14373				
	14421			
14374	

---------------------------------
plain	jelly	coconut	honey-dip
		14493		
			14685
		14494		
			14686
14516				
14517				
			14687
			14688
	14566			
			14689
	14567			
		14495	

---------------------------------
plain	jelly	coconut	honey-dip
			14830
		14666		
14639				
			14831
			14832
		14667		
14640				
	14701			
			14833
		14668		
	14702			
14641	

---------------------------------
plain	jelly	coconut	honey-dip
14808				
		14835		
			15022
14809				
	14879			
	14880			
14810				
14811				
	14881			
	14882			
14812				
14813	

---------------------------------
plain	jelly	coconut	honey-dip
			15117
14936				
14937				
	14989			
	14990			
	14991			
			15118
		14946		
		14947		
	14992			
	14993			
14938	

---------------------------------
plain	jelly	coconut	honey-dip
		15149		
	15168			
	15169			
		15150		
15139				
	15170			
		15151		
		15152		
		15153		
	15171			
		15154		
	15172	

---------------------------------
plain	jelly	coconut	honey-dip
	15346			
15304				
15305				
			15468
15306				
	15347			
15307				
15308				
15309				
			15469
	15348			
		15322	

---------------------------------
plain	jelly	coconut	honey-dip
		15446		
		15447		
			15584
		15448		
	15473			
15405				
			15585
		15449		
		15450		
			15586
	15474			
	15475	

---------------------------------
plain	jelly	coconut	honey-dip
		15619		
15573				
	15614			
			15738
			15739
15574				
	15615			
	15616			
			15740
15575				
			15741
	15617	

---------------------------------
plain	jelly	coconut	honey-dip
		15722		
		15723		
		15724		
			15834
15659				
15660				
			15835
		15725		
15661				
	15725			
			15836
		15726	

---------------------------------
plain	jelly	coconut	honey-dip
			15995
		15897		
15832				
15833				
15834				
15835				
		15898		
	15888			
15836				
			15996
			15997
	15889	

---------------------------------
plain	jelly	coconut	honey-dip
			16100
	16004			
		15999		
		16000		
			16101
	16005			
	16006			
	16007			
	16008			
	16009			
		16001		
15965	

---------------------------------
plain	jelly	coconut	honey-dip
		16133		
			16236
		16134		
		16135		
		16136		
16100				
		16137		
		16138		
	16151			
16101				
		16139		
			16237


---------------------------------
plain	jelly	coconut	honey-dip
16277				
		16323		
			16416
		16324		
			16417
			16418
			16419
16278				
	16312			
		16325		
16279				
		16326	

---------------------------------
plain	jelly	coconut	honey-dip
16408				
			16543
16409				
			16544
			16545
		16460		
	16469			
	16470			
		16461		
	16471			
	16472			
		16462	

---------------------------------
plain	jelly	coconut	honey-dip
		16601		
	16622			
16539				
		16602		
		16603		
16540				
	16623			
		16604		
		16605		
			16670
16541				
			16671


---------------------------------
plain	jelly	coconut	honey-dip
		16740		
			16841
		16741		
	16772			
			16842
16703				
16704				
16705				
		16742		
			16843
	16773			
16706	

---------------------------------
plain	jelly	coconut	honey-dip
		16884		
	16899			
	16900			
	16901			
	16902			
16873				
	16903			
	16904			
		16885		
16874				
	16905			
			16976


---------------------------------
plain	jelly	coconut	honey-dip
		17083		
17049				
			17139
		17084		
		17085		
	17081			
	17082			
		17086		
	17083			
17050				
17051				
17052	

---------------------------------
plain	jelly	coconut	honey-dip
			17276
			17277
17182				
			17278
		17244		
17183				
			17279
			17280
17184				
		17245		
17185				
17186	

---------------------------------
plain	jelly	coconut	honey-dip
		17385		
		17386		
		17387		
17324				
17325				
			17416
		17388		
			17417
		17389		
17326				
		17390		
		17391	

---------------------------------
plain	jelly	coconut	honey-dip
			17568
	17510			
		17555		
		17556		
	17511			
17483				
	17512			
17484				
		17557		
		17558		
	17513			
	17514	

---------------------------------
plain	jelly	coconut	honey-dip
			17713
			17714
17640				
		17698		
		17699		
17641				
	17665			
		17700		
	17666			
			17715
			17716
		17701	

---------------------------------
plain	jelly	coconut	honey-dip
		17833		
17778				
	17796			
			17849
	17797			
		17834		
		17835		
			17850
			17851
		17836		
17779				
			17852


---------------------------------
plain	jelly	coconut	honey-dip
	17917			
	17918			
17912				
	17919			
	17920			
		17984		
17913				
	17921			
	17922			
		17985		
	17923			
		17986	

---------------------------------
plain	jelly	coconut	honey-dip
18050				
18051				
18052				
			18099
			18100
	18058			
	18059			
18053				
	18060			
	18061			
18054				
			18101


---------------------------------
plain	jelly	coconut	honey-dip
18161				
18162				
18163				
18164				
	18179			
			18205
	18180			
	18181			
		18223		
			18206
		18224		
18165	

---------------------------------
plain	jelly	coconut	honey-dip
		18343		
			18325
18308				
			18326
	18320			
			18327
		18344		
	18321			
		18345		
		18346		
	18322			
		18347	

---------------------------------
plain	jelly	coconut	honey-dip
18541				
		18585		
18542				
		18586		
	18536			
18543				
		18587		
18544				
		18588		
	18537			
18545				
		18589	

---------------------------------
plain	jelly	coconut	honey-dip
18692				
			18713
			18714
18693				
			18715
18694				
		18761		
	18690			
		18762		
	18691			
	18692			
			18716


---------------------------------
plain	jelly	coconut	honey-dip
		18871		
		18872		
		18873		
			18849
18838				
		18874		
	18826			
	18827			
		18875		
	18828			
			18850
		18876	

---------------------------------
plain	jelly	coconut	honey-dip
		19046		
	18986			
			18983
19017				
19018				
	18987			
		19047		
19019				
	18988			
			18984
	18989			
19020	

---------------------------------
plain	jelly	coconut	honey-dip
	19120			
		19170		
	19121			
			19143
	19122			
19139				
			19144
19140				
	19123			
	19124			
		19171		
			19145


---------------------------------
plain	jelly	coconut	honey-dip
		19305		
			19275
		19306		
			19276
19282				
			19277
			19278
			19279
19283				
		19307		
			19280
19284	

---------------------------------
plain	jelly	coconut	honey-dip
	19413			
	19414			
	19415			
			19481
	19416			
			19482
			19483
	19417			
		19498		
19476				
			19484
			19485


---------------------------------
plain	jelly	coconut	honey-dip
			19645
			19646
		19632		
19632				
	19571			
		19633		
		19634		
		19635		
19633				
		19636		
		19637		
19634	

---------------------------------
plain	jelly	coconut	honey-dip
			19795
		19808		
19786				
			19796
			19797
	19715			
		19809		
	19716			
	19717			
19787				
		19810		
			19798


---------------------------------
plain	jelly	coconut	honey-dip
		19947		
		19948		
	19844			
			19929
	19845			
		19949		
			19930
19924				
			19931
			19932
		19950		
		19951	

---------------------------------
plain	jelly	coconut	honey-dip
			20109
20061				
	20008			
			20110
	20009			
			20111
20062				
20063				
	20010			
20064				
	20011			
		20090	

---------------------------------
plain	jelly	coconut	honey-dip
			20262
			20263
	20191			
	20192			
	20193			
		20263		
	20194			
			20264
	20195			
		20264		
20236				
		20265	

---------------------------------
plain	jelly	coconut	honey-dip
			20403
	20321			
			20404
			20405
			20406
20381				
20382				
		20411		
		20412		
			20407
20383				
			20408


---------------------------------
plain	jelly	coconut	honey-dip
			20538
		20545		
20487				
20488				
		20546		
	20438			
			20539
	20439			
			20540
20489				
		20547		
		20548	

---------------------------------
plain	jelly	coconut	honey-dip
20647				
20648				
	20595			
			20691
		20711		
	20596			
		20712		
		20713		
			20692
20649				
20650				
			20693


---------------------------------
plain	jelly	coconut	honey-dip
		20849		
		20850		
			20822
20795				
		20851		
20796				
		20852		
	20706			
20797				
			20823
		20853		
		20854	

---------------------------------
plain	jelly	coconut	honey-dip
20980				
			21000
	20866			
20981				
	20867			
20982				
			21001
		21022		
		21023		
20983				
			21002
20984	

---------------------------------
plain	jelly	coconut	honey-dip
	20999			
21114				
	21000			
			21124
		21147		
			21125
	21001			
	21002			
			21126
	21003			
			21127
21115	

---------------------------------
plain	jelly	coconut	honey-dip
21208				
		21250		
21209				
		21251		
		21252		
	21099			
		21253		
			21223
		21254		
21210				
	21100			
		21255	

---------------------------------
plain	jelly	coconut	honey-dip
			21409
		21427		
			21410
			21411
21391				
21392				
		21428		
		21429		
	21285			
			21412
21393				
	21286	

---------------------------------
plain	jelly	coconut	honey-dip
		21574		
			21552
21538				
21539				
			21553
21540				
21541				
		21575		
			21554
	21412			
		21576		
	21413	

---------------------------------
plain	jelly	coconut	honey-dip
			21727
	21592			
	21593			
			21728
	21594			
			21729
21739				
			21730
		21750		
			21731
		21751		
			21732


---------------------------------
plain	jelly	coconut	honey-dip
		22033		
21991				
			21986
21992				
21993				
	21854			
			21987
	21855			
		22034		
			21988
	21856			
	21857	

---------------------------------
plain	jelly	coconut	honey-dip
			22104
22107				
		22138		
		22139		
			22105
	21995			
22108				
			22106
22109				
			22107
	21996			
		22140	

---------------------------------
plain	jelly	coconut	honey-dip
			22234
	22135			
	22136			
	22137			
			22235
			22236
	22138			
22242				
		22297		
		22298		
		22299		
		22300	

---------------------------------
plain	jelly	coconut	honey-dip
	22287			
			22364
		22462		
	22288			
			22365
			22366
		22463		
			22367
	22289			
	22290			
	22291			
22383	

---------------------------------
plain	jelly	coconut	honey-dip
	22426			
			22523
	22427			
			22524
	22428			
			22525
22531				
	22429			
22532				
22533				
		22592		
	22430	

---------------------------------
plain	jelly	coconut	honey-dip
22650				
		22712		
		22713		
	22571			
			22631
22651				
			22632
		22714		
			22633
		22715		
	22572			
		22716	

---------------------------------
plain	jelly	coconut	honey-dip
22810				
			22794
	22751			
			22795
		22857		
			22796
		22858		
	22752			
	22753			
		22859		
		22860		
		22861	

---------------------------------
plain	jelly	coconut	honey-dip
		23007		
22956				
	22891			
		23008		
			22982
		23009		
22957				
	22892			
		23010		
22958				
			22983
	22893	

---------------------------------
plain	jelly	coconut	honey-dip
		23154		
	23034			
	23035			
	23036			
23106				
			23094
	23037			
23107				
		23155		
23108				
		23156		
	23038	

---------------------------------
plain	jelly	coconut	honey-dip
		23300		
	23175			
			23244
			23245
		23301		
			23246
		23302		
23233				
			23247
23234				
23235				
		23303	

---------------------------------
plain	jelly	coconut	honey-dip
23397				
			23395
			23396
	23358			
	23359			
23398				
		23486		
		23487		
	23360			
		23488		
	23361			
		23489	

---------------------------------
plain	jelly	coconut	honey-dip
		23615		
	23483			
	23484			
23527				
23528				
23529				
			23527
23530				
	23485			
23531				
		23616		
			23528


---------------------------------
plain	jelly	coconut	honey-dip
23718				
23719				
		23810		
23720				
			23707
	23661			
	23662			
	23663			
23721				
	23664			
		23811		
23722	

---------------------------------
plain	jelly	coconut	honey-dip
	23845			
			23889
	23846			
			23890
23884				
		24010		
		24011		
		24012		
		24013		
		24014		
23885				
23886	

---------------------------------
plain	jelly	coconut	honey-dip
		24137		
		24138		
		24139		
24006				
			24014
24007				
		24140		
	23975			
			24015
			24016
		24141		
		24142	

---------------------------------
plain	jelly	coconut	honey-dip
24159				
			24162
	24141			
24160				
		24294		
		24295		
		24296		
			24163
		24297		
	24142			
			24164
			24165


---------------------------------
plain	jelly	coconut	honey-dip
	24281			
	24282			
	24283			
24292				
24293				
24294				
24295				
	24284			
	24285			
			24285
			24286
		24414	

---------------------------------
plain	jelly	coconut	honey-dip
24439				
	24410			
			24395
	24411			
24440				
			24396
	24412			
			24397
	24413			
24441				
		24556		
	24414	

---------------------------------
plain	jelly	coconut	honey-dip
		24710		
	24547			
		24711		
	24548			
			24517
	24549			
	24550			
24566				
			24518
			24519
		24712		
	24551	

---------------------------------
plain	jelly	coconut	honey-dip
24719				
	24736			
24720				
24721				
24722				
	24737			
24723				
		24854		
			24667
			24668
		24855		
24724	

---------------------------------
plain	jelly	coconut	honey-dip
			24783
	24835			
	24836			
			24784
	24837			
		24937		
		24938		
		24939		
	24838			
			24785
			24786
			24787


---------------------------------
plain	jelly	coconut	honey-dip
		25093		
	24988			
	24989			
	24990			
			24937
	24991			
25002				
25003				
		25094		
	24992			
	24993			
			24938


---------------------------------
plain	jelly	coconut	honey-dip
25123				
			25077
			25078
			25079
		25220		
	25128			
	25129			
25124				
		25221		
			25080
			25081
	25130	

---------------------------------
plain	jelly	coconut	honey-dip
		25511		
			25321
25383				
	25377			
		25512		
		25513		
	25378			
	25379			
	25380			
			25322
25384				
		25514	

---------------------------------
plain	jelly	coconut	honey-dip
			25482
	25520			
25526				
			25483
		25676		
		25677		
	25521			
25527				
25528				
	25522			
25529				
	25523	

---------------------------------
plain	jelly	coconut	honey-dip
			25637
25662				
		25823		
		25824		
25663				
			25638
		25825		
		25826		
		25827		
25664				
25665				
25666	

---------------------------------
plain	jelly	coconut	honey-dip
		25941		
25775				
			25769
		25942		
		25943		
25776				
			25770
			25771
			25772
		25944		
		25945		
		25946	

---------------------------------
plain	jelly	coconut	honey-dip
25931				
		26096		
		26097		
	25932			
25932				
25933				
	25933			
		26098		
			25925
25934				
			25926
			25927


---------------------------------
plain	jelly	coconut	honey-dip
		26246		
	26069			
26058				
	26070			
		26247		
26059				
		26248		
	26071			
26060				
26061				
		26249		
		26250	

---------------------------------
plain	jelly	coconut	honey-dip
			26180
26182				
	26174			
26183				
	26175			
	26176			
	26177			
		26380		
			26181
		26381		
			26182
26184	

---------------------------------
plain	jelly	coconut	honey-dip
	26318			
			26303
26300				
			26304
			26305
	26319			
		26499		
	26320			
		26500		
			26306
	26321			
		26501	

---------------------------------
plain	jelly	coconut	honey-dip
		26661		
		26662		
		26663		
		26664		
	26452			
			26442
		26665		
		26666		
	26453			
			26443
		26667		
	26454	

---------------------------------
plain	jelly	coconut	honey-dip
26511				
26512				
		26735		
			26499
	26515			
		26736		
			26500
			26501
		26737		
		26738		
	26516			
			26502


