---------------------------------
plain	jelly	coconut	honey-dip
1524				
		1552		
	1563			
1525				
	1564			
	1565			
		1553		
1526				
			1553
			1554
			1555
			1556


---------------------------------
plain	jelly	coconut	honey-dip
	1875			
1850				
1851				
			1888
1852				
		1863		
		1864		
1853				
	1876			
		1865		
	1877			
			1889


---------------------------------
plain	jelly	coconut	honey-dip
		2002		
		2003		
		2004		
2001				
	2034			
			2051
	2035			
		2005		
	2036			
2002				
2003				
		2006	

---------------------------------
plain	jelly	coconut	honey-dip
			2157
2099				
2100				
			2158
2101				
	2141			
		2123		
2102				
		2124		
		2125		
		2126		
2103	

---------------------------------
plain	jelly	coconut	honey-dip
2204				
		2245		
			2275
2205				
2206				
2207				
2208				
		2246		
	2264			
			2276
	2265			
2209	

---------------------------------
plain	jelly	coconut	honey-dip
		2351		
2314				
			2373
			2374
	2358			
			2375
		2352		
			2376
2315				
		2353		
	2359			
			2377


---------------------------------
plain	jelly	coconut	honey-dip
		2451		
		2452		
		2453		
2432				
		2454		
			2471
			2472
2433				
		2455		
			2473
	2462			
	2463	

---------------------------------
plain	jelly	coconut	honey-dip
2548				
			2612
			2613
		2576		
		2577		
	2596			
			2614
	2597			
			2615
			2616
	2598			
		2578	

---------------------------------
plain	jelly	coconut	honey-dip
		2700		
	2709			
	2710			
	2711			
			2737
			2738
2666				
		2701		
2667				
		2702		
		2703		
2668	

---------------------------------
plain	jelly	coconut	honey-dip
		2837		
	2828			
2796				
			2867
		2838		
2797				
	2829			
	2830			
			2868
			2869
			2870
	2831	

---------------------------------
plain	jelly	coconut	honey-dip
		2944		
	2931			
			2980
			2981
		2945		
2929				
	2932			
			2982
	2933			
		2946		
			2983
2930	

---------------------------------
plain	jelly	coconut	honey-dip
3073				
			3119
	3061			
3074				
			3120
		3083		
3075				
	3062			
	3063			
		3084		
3076				
		3085	

---------------------------------
plain	jelly	coconut	honey-dip
			3256
	3164			
			3257
		3195		
			3258
3201				
			3259
	3165			
	3166			
		3196		
			3260
		3197	

---------------------------------
plain	jelly	coconut	honey-dip
	3301			
			3367
		3289		
3327				
	3302			
	3303			
		3290		
		3291		
			3368
		3292		
	3304			
			3369


---------------------------------
plain	jelly	coconut	honey-dip
		3458		
		3459		
			3521
		3460		
		3461		
3459				
			3522
			3523
		3462		
			3524
			3525
		3463	

---------------------------------
plain	jelly	coconut	honey-dip
		3606		
		3607		
			3662
		3608		
		3609		
	3553			
	3554			
		3610		
		3611		
3591				
	3555			
			3663


---------------------------------
plain	jelly	coconut	honey-dip
3778				
			3890
3779				
	3803			
3780				
3781				
			3891
	3804			
			3892
	3805			
		3829		
	3806	

---------------------------------
plain	jelly	coconut	honey-dip
			4010
	3931			
		3931		
	3932			
		3932		
		3933		
3896				
	3933			
		3934		
	3934			
3897				
		3935	

---------------------------------
plain	jelly	coconut	honey-dip
		4079		
	4084			
			4148
		4080		
4069				
			4149
	4085			
4070				
			4150
4071				
		4081		
		4082	

---------------------------------
plain	jelly	coconut	honey-dip
			5399
	5399			
5347				
	5400			
			5400
			5401
		5347		
5348				
5349				
			5402
	5401			
	5402	

---------------------------------
plain	jelly	coconut	honey-dip
	5511			
	5512			
5468				
	5513			
		5449		
	5514			
	5515			
			5496
	5516			
			5497
			5498
			5499


---------------------------------
plain	jelly	coconut	honey-dip
			5613
5588				
			5614
	5624			
	5625			
		5579		
5589				
	5626			
	5627			
	5628			
			5615
5590	

---------------------------------
plain	jelly	coconut	honey-dip
	5762			
	5763			
5717				
	5764			
			5732
5718				
		5721		
5719				
5720				
	5765			
		5722		
5721	

---------------------------------
plain	jelly	coconut	honey-dip
		5830		
		5831		
			5853
5840				
		5832		
			5854
		5833		
	5901			
5841				
			5855
		5834		
5842	

---------------------------------
plain	jelly	coconut	honey-dip
6036				
6037				
		6024		
		6025		
	6117			
	6118			
6038				
6039				
			6075
			6076
		6026		
6040	

---------------------------------
plain	jelly	coconut	honey-dip
	6378			
		6268		
6260				
			6318
		6269		
	6379			
	6380			
			6319
			6320
	6381			
	6382			
	6383	

---------------------------------
plain	jelly	coconut	honey-dip
		6405		
			6460
6390				
6391				
	6533			
	6534			
		6406		
6392				
	6535			
6393				
6394				
6395	

---------------------------------
plain	jelly	coconut	honey-dip
			6574
			6575
6522				
			6576
		6530		
6523				
	6654			
			6577
			6578
6524				
6525				
		6531	

---------------------------------
plain	jelly	coconut	honey-dip
	6836			
	6837			
			6795
		6714		
			6796
6763				
6764				
			6797
	6838			
		6715		
	6839			
			6798


---------------------------------
plain	jelly	coconut	honey-dip
6902				
6903				
6904				
	6967			
			6940
		6839		
		6840		
	6968			
			6941
6905				
			6942
6906	

---------------------------------
plain	jelly	coconut	honey-dip
		6943		
	7078			
	7079			
7024				
7025				
	7080			
7026				
			7071
		6944		
			7072
		6945		
	7081	

---------------------------------
plain	jelly	coconut	honey-dip
7134				
7135				
			7216
	7212			
		7070		
		7071		
	7213			
			7217
7136				
	7214			
			7218
7137	

---------------------------------
plain	jelly	coconut	honey-dip
7250				
			7347
7251				
			7348
	7343			
	7344			
			7349
7252				
		7208		
	7345			
		7209		
7253	

---------------------------------
plain	jelly	coconut	honey-dip
			7455
			7456
7355				
7356				
7357				
7358				
			7457
			7458
	7467			
		7339		
		7340		
			7459


---------------------------------
plain	jelly	coconut	honey-dip
		7461		
			7574
7477				
7478				
	7596			
7479				
7480				
7481				
	7597			
			7575
		7462		
			7576


---------------------------------
plain	jelly	coconut	honey-dip
	7731			
7608				
		7592		
		7593		
			7729
	7732			
			7730
			7731
		7594		
	7733			
		7595		
7609	

---------------------------------
plain	jelly	coconut	honey-dip
7800				
			7934
		7769		
	7925			
		7770		
7801				
		7771		
	7926			
	7927			
		7772		
		7773		
		7774	

---------------------------------
plain	jelly	coconut	honey-dip
			8110
	8083			
		7915		
	8084			
	8085			
	8086			
			8111
7968				
7969				
		7916		
7970				
		7917	

---------------------------------
plain	jelly	coconut	honey-dip
8113				
8114				
		8050		
	8210			
	8211			
			8243
8115				
			8244
		8051		
		8052		
			8245
			8246


---------------------------------
plain	jelly	coconut	honey-dip
			8390
8250				
		8208		
8251				
		8209		
			8391
		8210		
	8380			
		8211		
	8381			
	8382			
			8392


---------------------------------
plain	jelly	coconut	honey-dip
	8547			
	8548			
	8549			
8411				
	8550			
8412				
8413				
8414				
		8351		
			8543
		8352		
	8551	

---------------------------------
plain	jelly	coconut	honey-dip
		8480		
8548				
		8481		
		8482		
	8671			
	8672			
		8483		
	8673			
8549				
8550				
			8669
			8670


---------------------------------
plain	jelly	coconut	honey-dip
		8634		
	8799			
		8635		
8687				
			8800
		8636		
		8637		
			8801
	8800			
	8801			
		8638		
	8802	

---------------------------------
plain	jelly	coconut	honey-dip
8810				
8811				
		8778		
	8948			
	8949			
		8779		
		8780		
	8950			
			8936
		8781		
			8937
			8938


---------------------------------
plain	jelly	coconut	honey-dip
			9097
	9078			
			9098
			9099
		8931		
	9079			
8954				
		8932		
	9080			
	9081			
8955				
8956	

---------------------------------
plain	jelly	coconut	honey-dip
9091				
	9219			
9092				
9093				
9094				
		9063		
			9239
9095				
	9220			
9096				
			9240
9097	

---------------------------------
plain	jelly	coconut	honey-dip
9255				
			9386
			9387
			9388
		9232		
9256				
9257				
	9387			
	9388			
	9389			
		9233		
9258	

---------------------------------
plain	jelly	coconut	honey-dip
			9522
9379				
	9524			
		9363		
		9364		
		9365		
		9366		
	9525			
			9523
			9524
9380				
		9367	

---------------------------------
plain	jelly	coconut	honey-dip
9548				
		9526		
	9668			
9549				
9550				
		9527		
		9528		
	9669			
9551				
	9670			
		9529		
			9670


---------------------------------
plain	jelly	coconut	honey-dip
	9925			
		9777		
			9907
	9926			
		9778		
		9779		
		9780		
	9927			
	9928			
9799				
			9908
		9781	

---------------------------------
plain	jelly	coconut	honey-dip
		9921		
	10074			
		9922		
			10059
			10060
		9923		
	10075			
		9924		
		9925		
	10076			
		9926		
			10061


---------------------------------
plain	jelly	coconut	honey-dip
	10250			
10087				
			10227
	10251			
	10252			
		10104		
	10253			
			10228
			10229
10088				
			10230
	10254	

---------------------------------
plain	jelly	coconut	honey-dip
10191				
10192				
	10384			
		10204		
			10333
10193				
	10385			
		10205		
	10386			
	10387			
	10388			
	10389	

---------------------------------
plain	jelly	coconut	honey-dip
10312				
10313				
			10473
			10474
	10514			
		10329		
			10475
			10476
	10515			
	10516			
			10477
		10330	

---------------------------------
plain	jelly	coconut	honey-dip
			10594
		10448		
	10636			
	10637			
10430				
		10449		
	10638			
10431				
			10595
		10450		
		10451		
			10596


---------------------------------
plain	jelly	coconut	honey-dip
	10815			
		10593		
10609				
		10594		
		10595		
			10775
			10776
10610				
		10596		
			10777
			10778
	10816	

---------------------------------
plain	jelly	coconut	honey-dip
			10908
		10761		
10756				
	10943			
		10762		
10757				
	10944			
			10909
	10945			
		10763		
		10764		
		10765	

---------------------------------
plain	jelly	coconut	honey-dip
	11087			
10903				
			11051
		10915		
	11088			
10904				
10905				
			11052
			11053
10906				
			11054
			11055


---------------------------------
plain	jelly	coconut	honey-dip
		11038		
		11039		
11004				
11005				
		11040		
	11222			
11006				
11007				
11008				
11009				
	11223			
	11224	

---------------------------------
plain	jelly	coconut	honey-dip
		11178		
			11344
		11179		
	11361			
			11345
		11180		
11153				
		11181		
11154				
		11182		
	11362			
11155	

---------------------------------
plain	jelly	coconut	honey-dip
11295				
			11500
11296				
			11501
	11504			
11297				
		11337		
11298				
11299				
			11502
11300				
	11505	

---------------------------------
plain	jelly	coconut	honey-dip
		11454		
11417				
			11632
	11649			
		11455		
	11650			
	11651			
			11633
11418				
11419				
	11652			
	11653	

---------------------------------
plain	jelly	coconut	honey-dip
			11753
	11758			
			11754
	11759			
			11755
11535				
		11586		
11536				
11537				
			11756
		11587		
			11757


---------------------------------
plain	jelly	coconut	honey-dip
11695				
	11878			
		11708		
	11879			
	11880			
	11881			
			11867
			11868
11696				
		11709		
			11869
			11870


---------------------------------
plain	jelly	coconut	honey-dip
			12034
	12001			
		11845		
		11846		
11844				
	12002			
			12035
11845				
			12036
11846				
			12037
			12038


---------------------------------
plain	jelly	coconut	honey-dip
11953				
		11956		
		11957		
11954				
			12139
			12140
		11958		
			12141
			12142
		11959		
		11960		
			12143


---------------------------------
plain	jelly	coconut	honey-dip
	12264			
	12265			
	12266			
	12267			
			12284
		12113		
12131				
		12114		
			12285
			12286
		12115		
			12287


---------------------------------
plain	jelly	coconut	honey-dip
		12238		
	12375			
			12403
		12239		
12244				
		12240		
			12404
			12405
	12376			
12245				
	12377			
12246	

---------------------------------
plain	jelly	coconut	honey-dip
			12556
12381				
12382				
			12557
		12361		
	12478			
			12558
	12479			
12383				
			12559
	12480			
12384	

---------------------------------
plain	jelly	coconut	honey-dip
			12734
			12735
			12736
			12737
12533				
			12738
			12739
		12545		
			12740
12534				
	12636			
	12637	

---------------------------------
plain	jelly	coconut	honey-dip
	12731			
12673				
	12732			
		12667		
	12733			
			12833
	12734			
			12834
12674				
	12735			
12675				
		12668	

---------------------------------
plain	jelly	coconut	honey-dip
	12875			
	12876			
12803				
			12950
	12877			
	12878			
	12879			
12804				
12805				
			12951
12806				
12807	

---------------------------------
plain	jelly	coconut	honey-dip
13017				
		12977		
			13141
			13142
	13041			
		12978		
		12979		
			13143
			13144
	13042			
			13145
13018	

---------------------------------
plain	jelly	coconut	honey-dip
	13159			
	13160			
			13260
13139				
13140				
			13261
		13110		
	13161			
13141				
		13111		
	13162			
	13163	

---------------------------------
plain	jelly	coconut	honey-dip
	13298			
		13222		
			13389
	13299			
		13223		
	13300			
	13301			
			13390
			13391
			13392
13275				
		13224	

---------------------------------
plain	jelly	coconut	honey-dip
		13421		
		13422		
	13514			
			13599
		13423		
		13424		
			13600
13490				
			13601
			13602
	13515			
		13425	

---------------------------------
plain	jelly	coconut	honey-dip
	13672			
	13673			
		13560		
13657				
			13747
13658				
			13748
13659				
			13749
13660				
13661				
		13561	

---------------------------------
plain	jelly	coconut	honey-dip
		13693		
13786				
13787				
13788				
		13694		
			13883
13789				
		13695		
	13802			
		13696		
			13884
	13803	

---------------------------------
plain	jelly	coconut	honey-dip
	13946			
		13828		
			14036
13918				
	13947			
	13948			
		13829		
		13830		
			14037
13919				
			14038
			14039


---------------------------------
plain	jelly	coconut	honey-dip
		13972		
			14187
		13973		
			14188
14038				
14039				
	14083			
	14084			
		13974		
		13975		
	14085			
	14086	

---------------------------------
plain	jelly	coconut	honey-dip
	14230			
		14129		
14179				
14180				
		14130		
	14231			
			14342
		14131		
	14232			
		14132		
14181				
		14133	

---------------------------------
plain	jelly	coconut	honey-dip
	14385			
			14500
			14501
		14306		
14337				
			14502
			14503
	14386			
		14307		
			14504
14338				
		14308	

---------------------------------
plain	jelly	coconut	honey-dip
14461				
	14506			
14462				
14463				
14464				
		14441		
			14648
14465				
14466				
			14649
14467				
14468	

---------------------------------
plain	jelly	coconut	honey-dip
	14615			
			14742
	14616			
	14617			
	14618			
	14619			
		14570		
			14743
	14620			
		14571		
			14744
	14621	

---------------------------------
plain	jelly	coconut	honey-dip
	14737			
			14879
14677				
14678				
		14699		
			14880
			14881
		14700		
			14882
			14883
		14701		
14679	

---------------------------------
plain	jelly	coconut	honey-dip
			15023
14814				
		14836		
	14883			
		14837		
			15024
14815				
	14884			
			15025
14816				
		14838		
		14839	

---------------------------------
plain	jelly	coconut	honey-dip
			15138
14961				
	15023			
			15139
14962				
14963				
			15140
			15141
	15024			
			15142
14964				
		14974	

---------------------------------
plain	jelly	coconut	honey-dip
		15101		
	15122			
			15269
		15102		
15084				
			15270
			15271
15085				
			15272
15086				
			15273
		15103	

---------------------------------
plain	jelly	coconut	honey-dip
15228				
	15270			
			15387
	15271			
		15255		
15229				
	15272			
	15273			
	15274			
		15256		
	15275			
	15276	

---------------------------------
plain	jelly	coconut	honey-dip
		15383		
			15513
	15412			
	15413			
		15384		
15360				
	15414			
15361				
		15385		
15362				
			15514
		15386	

---------------------------------
plain	jelly	coconut	honey-dip
15493				
	15555			
			15666
		15530		
15494				
	15556			
	15557			
	15558			
		15531		
		15532		
			15667
		15533	

---------------------------------
plain	jelly	coconut	honey-dip
15630				
			15800
		15690		
			15801
			15802
15631				
		15691		
		15692		
15632				
	15688			
15633				
		15693	

---------------------------------
plain	jelly	coconut	honey-dip
	15823			
		15832		
15777				
	15824			
		15833		
	15825			
			15940
		15834		
		15835		
15778				
	15826			
15779	

---------------------------------
plain	jelly	coconut	honey-dip
			16072
	15976			
15937				
	15977			
			16073
	15978			
			16074
	15979			
15938				
	15980			
		15975		
			16075


---------------------------------
plain	jelly	coconut	honey-dip
			16261
		16173		
16133				
		16174		
16134				
			16262
	16173			
		16175		
		16176		
16135				
	16174			
			16263


---------------------------------
plain	jelly	coconut	honey-dip
			16410
		16320		
16276				
			16411
			16412
	16310			
			16413
			16414
		16321		
			16415
	16311			
		16322	

---------------------------------
plain	jelly	coconut	honey-dip
16407				
		16453		
		16454		
		16455		
		16456		
		16457		
	16466			
	16467			
		16458		
			16542
		16459		
	16468	

---------------------------------
plain	jelly	coconut	honey-dip
16559				
		16628		
			16703
		16629		
16560				
		16630		
16561				
16562				
			16704
16563				
	16638			
16564	

---------------------------------
plain	jelly	coconut	honey-dip
			16844
			16845
16707				
		16743		
			16846
			16847
16708				
	16774			
16709				
			16848
		16744		
	16775	

---------------------------------
plain	jelly	coconut	honey-dip
		16874		
		16875		
		16876		
		16877		
			16963
			16964
		16878		
			16965
			16966
16864				
			16967
16865	

---------------------------------
plain	jelly	coconut	honey-dip
17015				
	17048			
	17049			
	17050			
17016				
			17106
		17051		
	17051			
	17052			
			17107
			17108
			17109


---------------------------------
plain	jelly	coconut	honey-dip
	17169			
	17170			
			17241
	17171			
	17172			
		17199		
	17173			
	17174			
17139				
		17200		
	17175			
	17176	

---------------------------------
plain	jelly	coconut	honey-dip
17259				
			17359
		17323		
			17360
	17287			
			17361
			17362
			17363
	17288			
	17289			
17260				
	17290	

---------------------------------
plain	jelly	coconut	honey-dip
	17437			
			17508
17419				
		17500		
		17501		
17420				
	17438			
17421				
17422				
	17439			
	17440			
		17502	

---------------------------------
plain	jelly	coconut	honey-dip
17548				
			17635
17549				
			17636
17550				
17551				
			17637
		17621		
		17622		
			17638
			17639
			17640


---------------------------------
plain	jelly	coconut	honey-dip
		17753		
	17722			
		17754		
17699				
17700				
	17723			
	17724			
		17755		
		17756		
17701				
			17782
17702	

---------------------------------
plain	jelly	coconut	honey-dip
		17926		
			17907
			17908
		17927		
17847				
17848				
			17909
	17864			
17849				
			17910
			17911
			17912


---------------------------------
plain	jelly	coconut	honey-dip
			17997
	17960			
			17998
	17961			
	17962			
		18014		
		18015		
	17963			
		18016		
17957				
	17964			
17958	

---------------------------------
plain	jelly	coconut	honey-dip
	18106			
	18107			
			18145
		18162		
			18146
		18163		
	18108			
		18164		
18091				
18092				
			18147
	18109	

---------------------------------
plain	jelly	coconut	honey-dip
		18287		
18233				
			18270
18234				
			18271
	18254			
		18288		
	18255			
18235				
	18256			
	18257			
			18272


---------------------------------
plain	jelly	coconut	honey-dip
18361				
	18376			
	18377			
	18378			
	18379			
			18397
			18398
18362				
18363				
			18399
18364				
		18414	

---------------------------------
plain	jelly	coconut	honey-dip
18481				
		18537		
18482				
18483				
	18497			
		18538		
		18539		
	18498			
18484				
		18540		
18485				
	18499	

---------------------------------
plain	jelly	coconut	honey-dip
		18754		
		18755		
	18680			
18680				
			18706
18681				
		18756		
			18707
18682				
			18708
	18681			
	18682	

---------------------------------
plain	jelly	coconut	honey-dip
18839				
	18829			
	18830			
18840				
18841				
18842				
		18877		
		18878		
		18879		
		18880		
18843				
			18851


---------------------------------
plain	jelly	coconut	honey-dip
	18977			
	18978			
19006				
	18979			
19007				
		19036		
			18977
19008				
19009				
		19037		
19010				
	18980	

---------------------------------
plain	jelly	coconut	honey-dip
19116				
			19114
	19091			
	19092			
19117				
	19093			
		19143		
			19115
		19144		
19118				
		19145		
		19146	

---------------------------------
plain	jelly	coconut	honey-dip
		19308		
			19281
		19309		
		19310		
			19282
			19283
19285				
		19311		
			19284
		19312		
	19238			
			19285


---------------------------------
plain	jelly	coconut	honey-dip
	19476			
19543				
			19544
			19545
		19545		
19544				
			19546
19545				
			19547
19546				
			19548
		19546	

---------------------------------
plain	jelly	coconut	honey-dip
	19605			
		19673		
19675				
19676				
			19683
			19684
		19674		
19677				
	19606			
	19607			
	19608			
	19609	

---------------------------------
plain	jelly	coconut	honey-dip
	19723			
		19820		
19794				
	19724			
19795				
	19725			
	19726			
	19727			
			19803
19796				
	19728			
19797	

---------------------------------
plain	jelly	coconut	honey-dip
19910				
19911				
		19936		
	19835			
19912				
19913				
			19915
	19836			
			19916
			19917
			19918
19914	

---------------------------------
plain	jelly	coconut	honey-dip
			20048
		20052		
		20053		
	19956			
		20054		
	19957			
	19958			
20020				
			20049
	19959			
	19960			
	19961	

---------------------------------
plain	jelly	coconut	honey-dip
20205				
	20161			
			20232
			20233
		20234		
			20234
20206				
		20235		
		20236		
			20235
20207				
20208	

---------------------------------
plain	jelly	coconut	honey-dip
20338				
20339				
	20291			
		20375		
		20376		
			20368
		20377		
			20369
		20378		
20340				
	20292			
	20293	

---------------------------------
plain	jelly	coconut	honey-dip
	20422			
20478				
			20516
			20517
	20423			
	20424			
		20532		
20479				
		20533		
		20534		
	20425			
			20518


---------------------------------
plain	jelly	coconut	honey-dip
		20675		
			20660
20607				
		20676		
			20661
	20558			
			20662
20608				
		20677		
		20678		
		20679		
	20559	

---------------------------------
plain	jelly	coconut	honey-dip
	20745			
			20861
			20862
20841				
20842				
			20863
20843				
	20746			
	20747			
	20748			
			20864
		20893	

---------------------------------
plain	jelly	coconut	honey-dip
20972				
			20988
20973				
20974				
			20989
	20860			
		21012		
			20990
			20991
	20861			
		21013		
		21014	

---------------------------------
plain	jelly	coconut	honey-dip
			21132
	21007			
	21008			
		21150		
		21151		
21119				
	21009			
			21133
	21010			
		21152		
21120				
21121	

---------------------------------
plain	jelly	coconut	honey-dip
		21337		
		21338		
		21339		
			21325
			21326
		21340		
21290				
	21188			
		21341		
	21189			
		21342		
	21190	

---------------------------------
plain	jelly	coconut	honey-dip
			21465
		21494		
	21336			
21469				
		21495		
		21496		
	21337			
21470				
21471				
21472				
			21466
		21497	

---------------------------------
plain	jelly	coconut	honey-dip
21615				
21616				
			21613
			21614
	21478			
	21479			
			21615
			21616
		21646		
	21480			
			21617
		21647	

---------------------------------
plain	jelly	coconut	honey-dip
			21803
			21804
21811				
			21805
	21661			
	21662			
21812				
	21663			
	21664			
21813				
			21806
		21821	

---------------------------------
plain	jelly	coconut	honey-dip
		21936		
21906				
		21937		
21907				
21908				
	21774			
		21938		
21909				
21910				
21911				
			21912
	21775	

---------------------------------
plain	jelly	coconut	honey-dip
		22080		
			22042
		22081		
	21922			
		22082		
22060				
22061				
			22043
	21923			
	21924			
		22083		
	21925	

---------------------------------
plain	jelly	coconut	honey-dip
			22177
	22073			
			22178
		22228		
		22229		
22190				
	22074			
	22075			
			22179
22191				
22192				
22193	

---------------------------------
plain	jelly	coconut	honey-dip
22307				
22308				
22309				
			22301
		22375		
		22376		
		22377		
	22213			
22310				
	22214			
		22378		
		22379	

---------------------------------
plain	jelly	coconut	honey-dip
	22406			
			22505
22512				
22513				
22514				
			22506
	22407			
			22507
		22577		
			22508
		22578		
			22509


---------------------------------
plain	jelly	coconut	honey-dip
		22704		
	22556			
	22557			
22637				
	22558			
			22619
22638				
		22705		
			22620
			22621
		22706		
	22559	

---------------------------------
plain	jelly	coconut	honey-dip
			22763
22767				
			22764
22768				
		22825		
			22765
			22766
	22713			
			22767
		22826		
22769				
22770	

---------------------------------
plain	jelly	coconut	honey-dip
22960				
		23014		
			22987
	22899			
	22900			
		23015		
		23016		
	22901			
22961				
22962				
22963				
	22902	

---------------------------------
plain	jelly	coconut	honey-dip
23102				
			23092
23103				
	23030			
		23152		
			23093
23104				
23105				
	23031			
	23032			
		23153		
	23033	

---------------------------------
plain	jelly	coconut	honey-dip
	23152			
23213				
	23153			
			23210
	23154			
	23155			
			23211
			23212
			23213
		23281		
		23282		
		23283	

---------------------------------
plain	jelly	coconut	honey-dip
	23306			
	23307			
		23419		
		23420		
	23308			
23343				
		23421		
		23422		
23344				
		23423		
			23352
		23424	

---------------------------------
plain	jelly	coconut	honey-dip
	23446			
			23485
	23447			
	23448			
		23579		
23486				
23487				
	23449			
	23450			
	23451			
23488				
23489	

---------------------------------
plain	jelly	coconut	honey-dip
	23567			
23602				
	23568			
		23706		
			23601
		23707		
23603				
23604				
23605				
		23708		
		23709		
23606	

---------------------------------
plain	jelly	coconut	honey-dip
23768				
		23860		
			23758
23769				
		23861		
			23759
		23862		
			23760
			23761
	23702			
			23762
			23763


---------------------------------
plain	jelly	coconut	honey-dip
	23841			
			23885
23881				
		24009		
	23842			
	23843			
23882				
23883				
	23844			
			23886
			23887
			23888


---------------------------------
plain	jelly	coconut	honey-dip
23990				
			23995
			23996
	23963			
			23997
23991				
			23998
			23999
			24000
	23964			
			24001
		24124	

---------------------------------
plain	jelly	coconut	honey-dip
	24069			
	24070			
			24110
		24237		
	24071			
	24072			
	24073			
24100				
		24238		
	24074			
		24239		
		24240	

---------------------------------
plain	jelly	coconut	honey-dip
		24398		
24273				
	24268			
		24399		
24274				
		24400		
	24269			
24275				
24276				
24277				
24278				
	24270	

---------------------------------
plain	jelly	coconut	honey-dip
			24372
		24533		
24425				
	24398			
			24373
		24534		
	24399			
	24400			
24426				
		24535		
		24536		
			24374


---------------------------------
plain	jelly	coconut	honey-dip
			24510
24558				
		24706		
		24707		
	24542			
	24543			
			24511
24559				
24560				
			24512
		24708		
24561	

---------------------------------
plain	jelly	coconut	honey-dip
		24823		
	24699			
	24700			
	24701			
	24702			
	24703			
			24634
		24824		
			24635
		24825		
		24826		
24688	

---------------------------------
plain	jelly	coconut	honey-dip
			24775
	24825			
			24776
		24928		
	24826			
24844				
		24929		
24845				
24846				
	24827			
24847				
		24930	

---------------------------------
plain	jelly	coconut	honey-dip
			24930
	24979			
			24931
	24980			
		25082		
		25083		
	24981			
24993				
			24932
24994				
	24982			
	24983	

---------------------------------
plain	jelly	coconut	honey-dip
			25066
25110				
25111				
		25216		
			25067
			25068
25112				
			25069
	25120			
	25121			
			25070
			25071


---------------------------------
plain	jelly	coconut	honey-dip
25255				
	25257			
			25192
			25193
	25258			
	25259			
	25260			
25256				
		25360		
25257				
25258				
25259	

---------------------------------
plain	jelly	coconut	honey-dip
	25350			
25354				
25355				
			25290
			25291
			25292
	25351			
			25293
25356				
		25478		
			25294
		25479	

---------------------------------
plain	jelly	coconut	honey-dip
			25426
	25477			
		25623		
			25427
		25624		
		25625		
			25428
25486				
			25429
25487				
		25626		
			25430


---------------------------------
plain	jelly	coconut	honey-dip
		25761		
25606				
		25762		
			25568
25607				
		25763		
	25617			
	25618			
	25619			
		25764		
	25620			
25608	

---------------------------------
plain	jelly	coconut	honey-dip
		25905		
			25723
25749				
		25906		
	25763			
		25907		
			25724
		25908		
			25725
25750				
	25764			
		25909	

---------------------------------
plain	jelly	coconut	honey-dip
	25897			
	25898			
	25899			
			25879
			25880
25888				
		26064		
25889				
		26065		
	25900			
25890				
25891	

---------------------------------
plain	jelly	coconut	honey-dip
26101				
			26090
			26091
26102				
	26108			
			26092
		26305		
	26109			
	26110			
		26306		
		26307		
			26093


---------------------------------
plain	jelly	coconut	honey-dip
	26325			
	26326			
		26503		
		26504		
26307				
26308				
	26327			
		26505		
26309				
		26506		
		26507		
		26508	

---------------------------------
plain	jelly	coconut	honey-dip
	26446			
			26425
			26426
			26427
		26644		
26421				
	26447			
26422				
		26645		
			26428
26423				
		26646	

---------------------------------
plain	jelly	coconut	honey-dip
		26719		
26495				
26496				
26497				
			26490
	26508			
26498				
26499				
		26720		
		26721		
		26722		
		26723	

---------------------------------
plain	jelly	coconut	honey-dip
	26633			
26648				
26649				
		26847		
26650				
26651				
		26848		
		26849		
26652				
26653				
		26850		
			26624


---------------------------------
plain	jelly	coconut	honey-dip
	26749			
		26961		
		26962		
26755				
		26963		
		26964		
			26731
	26750			
26756				
	26751			
			26732
		26965	

---------------------------------
plain	jelly	coconut	honey-dip
			26843
26854				
	26857			
26855				
	26858			
			26844
	26859			
	26860			
	26861			
		27062		
26856				
			26845


---------------------------------
plain	jelly	coconut	honey-dip
26976				
			26957
	26973			
			26958
26977				
			26959
		27202		
26978				
	26974			
			26960
			26961
			26962


---------------------------------
plain	jelly	coconut	honey-dip
	27065			
27103				
	27066			
27104				
		27321		
27105				
			27075
		27322		
			27076
27106				
	27067			
			27077


---------------------------------
plain	jelly	coconut	honey-dip
		27432		
27236				
	27176			
27237				
		27433		
	27177			
	27178			
27238				
		27434		
27239				
			27188
	27179	

---------------------------------
plain	jelly	coconut	honey-dip
	27281			
27375				
27376				
			27309
27377				
		27559		
			27310
27378				
	27282			
	27283			
	27284			
27379	

---------------------------------
plain	jelly	coconut	honey-dip
	27383			
27490				
27491				
		27664		
			27407
			27408
	27384			
		27665		
27492				
		27666		
			27409
			27410


---------------------------------
plain	jelly	coconut	honey-dip
			27507
	27506			
		27771		
	27507			
			27508
			27509
27616				
			27510
			27511
			27512
			27513
		27772	

---------------------------------
plain	jelly	coconut	honey-dip
		27842		
27740				
27741				
		27843		
27742				
	27619			
27743				
			27631
	27620			
			27632
		27844		
27744	

---------------------------------
plain	jelly	coconut	honey-dip
	27723			
			27704
	27724			
27834				
27835				
27836				
27837				
	27725			
	27726			
		27943		
			27705
		27944	

---------------------------------
plain	jelly	coconut	honey-dip
		28053		
			27828
27928				
		28054		
			27829
27929				
27930				
			27830
27931				
27932				
	27839			
		28055	

---------------------------------
plain	jelly	coconut	honey-dip
	27921			
28023				
	27922			
28024				
	27923			
	27924			
	27925			
	27926			
		28130		
		28131		
			27910
	27927	

---------------------------------
plain	jelly	coconut	honey-dip
		28231		
			28030
		28232		
28123				
		28233		
	28068			
	28069			
28124				
28125				
	28070			
			28031
		28234	

---------------------------------
plain	jelly	coconut	honey-dip
			28149
			28150
		28348		
		28349		
		28350		
			28151
	28166			
28257				
28258				
		28351		
28259				
			28152


---------------------------------
plain	jelly	coconut	honey-dip
		28419		
			28226
28361				
	28238			
			28227
		28420		
	28239			
		28421		
	28240			
			28228
		28422		
		28423	

---------------------------------
plain	jelly	coconut	honey-dip
28441				
28442				
			28293
		28502		
	28308			
28443				
28444				
			28294
	28309			
28445				
	28310			
	28311	

---------------------------------
plain	jelly	coconut	honey-dip
28539				
28540				
		28598		
			28390
	28401			
			28391
		28599		
	28402			
28541				
	28403			
	28404			
28542	

---------------------------------
plain	jelly	coconut	honey-dip
			28505
	28528			
			28506
	28529			
		28736		
			28507
			28508
28675				
	28530			
28676				
	28531			
28677	

---------------------------------
plain	jelly	coconut	honey-dip
28765				
	28598			
	28599			
28766				
28767				
			28589
		28816		
		28817		
	28600			
28768				
		28818		
28769	

---------------------------------
plain	jelly	coconut	honey-dip
28858				
			28673
		28902		
	28683			
		28903		
		28904		
		28905		
	28684			
		28906		
	28685			
28859				
	28686	

---------------------------------
plain	jelly	coconut	honey-dip
28914				
			28742
			28743
		28982		
			28744
	28754			
28915				
			28745
		28983		
			28746
28916				
			28747


---------------------------------
plain	jelly	coconut	honey-dip
28972				
28973				
28974				
	28813			
		29059		
		29060		
		29061		
28975				
	28814			
		29062		
	28815			
			28812


---------------------------------
plain	jelly	coconut	honey-dip
	28895			
		29134		
	28896			
	28897			
29056				
29057				
29058				
			28919
29059				
	28898			
	28899			
			28920


---------------------------------
plain	jelly	coconut	honey-dip
	29011			
			29048
29181				
	29012			
			29049
			29050
		29244		
		29245		
	29013			
			29051
			29052
29182	

---------------------------------
plain	jelly	coconut	honey-dip
		29283		
			29101
		29284		
	29070			
	29071			
29222				
		29285		
			29102
29223				
			29103
29224				
29225	

---------------------------------
plain	jelly	coconut	honey-dip
	29114			
29280				
29281				
29282				
		29349		
		29350		
	29115			
29283				
			29161
		29351		
			29162
29284	

---------------------------------
plain	jelly	coconut	honey-dip
		29412		
	29161			
29353				
		29413		
			29230
29354				
29355				
	29162			
		29414		
			29231
		29415		
			29232


---------------------------------
plain	jelly	coconut	honey-dip
			29317
		29480		
		29481		
		29482		
29451				
		29483		
29452				
		29484		
		29485		
			29318
			29319
	29244	

---------------------------------
plain	jelly	coconut	honey-dip
		29539		
29515				
		29540		
	29296			
		29541		
			29370
			29371
29516				
	29297			
29517				
29518				
		29542	

---------------------------------
plain	jelly	coconut	honey-dip
			29455
			29456
			29457
			29458
		29613		
29599				
		29614		
29600				
			29459
		29615		
			29460
			29461


---------------------------------
plain	jelly	coconut	honey-dip
	29387			
	29388			
	29389			
			29486
	29390			
			29487
		29651		
		29652		
			29488
			29489
	29391			
		29653	

---------------------------------
plain	jelly	coconut	honey-dip
29674				
29675				
29676				
			29537
	29442			
29677				
			29538
29678				
			29539
29679				
			29540
		29703	

