---------------------------------
plain	jelly	coconut	honey-dip
		1451		
			1419
		1452		
			1420
			1421
			1422
			1423
		1453		
			1424
1402				
1403				
1404	

---------------------------------
plain	jelly	coconut	honey-dip
1616				
	1663			
	1664			
			1648
	1665			
			1649
		1649		
		1650		
			1650
		1651		
1617				
	1666	

---------------------------------
plain	jelly	coconut	honey-dip
			1734
		1737		
		1738		
	1758			
			1735
			1736
		1739		
1707				
			1737
	1759			
		1740		
1708	

---------------------------------
plain	jelly	coconut	honey-dip
1803				
			1841
1804				
		1819		
			1842
			1843
	1833			
			1844
	1834			
			1845
	1835			
			1846


---------------------------------
plain	jelly	coconut	honey-dip
1886				
			1925
	1917			
		1904		
		1905		
			1926
			1927
1887				
	1918			
1888				
			1928
	1919	

---------------------------------
plain	jelly	coconut	honey-dip
		1965		
			2027
			2028
		1966		
1978				
			2029
	1998			
			2030
	1999			
	2000			
	2001			
		1967	

---------------------------------
plain	jelly	coconut	honey-dip
	2146			
	2147			
		2137		
	2148			
			2162
			2163
		2138		
2111				
2112				
2113				
	2149			
		2139	

---------------------------------
plain	jelly	coconut	honey-dip
			2271
2195				
2196				
		2239		
			2272
	2259			
		2240		
	2260			
2197				
	2261			
2198				
			2273


---------------------------------
plain	jelly	coconut	honey-dip
2323				
2324				
			2383
2325				
			2384
	2364			
		2362		
		2363		
			2385
2326				
2327				
	2365	

---------------------------------
plain	jelly	coconut	honey-dip
			2488
			2489
			2490
		2475		
		2476		
		2477		
			2491
	2486			
			2492
2451				
		2478		
		2479	

---------------------------------
plain	jelly	coconut	honey-dip
			2625
			2626
2557				
		2589		
		2590		
2558				
2559				
2560				
	2609			
	2610			
	2611			
		2591	

---------------------------------
plain	jelly	coconut	honey-dip
		2720		
			2746
			2747
		2721		
			2748
2683				
		2722		
2684				
2685				
		2723		
		2724		
		2725	

---------------------------------
plain	jelly	coconut	honey-dip
		2903		
		2904		
	2891			
2884				
	2892			
	2893			
		2905		
			2938
		2906		
	2894			
			2939
2885	

---------------------------------
plain	jelly	coconut	honey-dip
3037				
			3078
		3044		
			3079
		3045		
	3021			
		3046		
			3080
	3022			
			3081
3038				
			3082


---------------------------------
plain	jelly	coconut	honey-dip
			3200
3149				
3150				
		3144		
		3145		
			3201
	3131			
		3146		
	3132			
			3202
	3133			
		3147	

---------------------------------
plain	jelly	coconut	honey-dip
	3273			
	3274			
3297				
			3353
	3275			
3298				
	3276			
			3354
3299				
3300				
			3355
		3277	

---------------------------------
plain	jelly	coconut	honey-dip
			3483
3411				
		3403		
3412				
3413				
	3383			
3414				
			3484
	3384			
3415				
			3485
		3404	

---------------------------------
plain	jelly	coconut	honey-dip
		3541		
			3605
	3492			
3534				
	3493			
		3542		
			3606
3535				
	3494			
	3495			
3536				
		3543	

---------------------------------
plain	jelly	coconut	honey-dip
			3741
			3742
	3639			
		3695		
	3640			
	3641			
			3743
3661				
3662				
			3744
	3642			
3663	

---------------------------------
plain	jelly	coconut	honey-dip
3742				
3743				
3744				
3745				
			3845
	3752			
		3793		
	3753			
3746				
			3846
	3754			
			3847


---------------------------------
plain	jelly	coconut	honey-dip
3862				
		3886		
	3887			
		3887		
		3888		
	3888			
	3889			
		3889		
			3977
			3978
3863				
	3890	

---------------------------------
plain	jelly	coconut	honey-dip
	4086			
			4151
	4087			
	4088			
	4089			
	4090			
4072				
	4091			
4073				
		4083		
4074				
	4092	

---------------------------------
plain	jelly	coconut	honey-dip
			4334
		4250		
	4249			
		4251		
			4335
	4250			
			4336
			4337
4243				
			4338
	4251			
			4339


---------------------------------
plain	jelly	coconut	honey-dip
			4449
	4382			
	4383			
4366				
			4450
		4383		
	4384			
		4384		
4367				
		4385		
			4451
	4385	

---------------------------------
plain	jelly	coconut	honey-dip
		4489		
			4579
		4490		
			4580
	4507			
	4508			
4485				
		4491		
			4581
4486				
4487				
			4582


---------------------------------
plain	jelly	coconut	honey-dip
4681				
		4692		
	4698			
4682				
			4769
		4693		
		4694		
4683				
	4699			
	4700			
		4695		
	4701	

---------------------------------
plain	jelly	coconut	honey-dip
	4838			
			4882
4832				
			4883
			4884
		4804		
			4885
4833				
			4886
4834				
			4887
4835	

---------------------------------
plain	jelly	coconut	honey-dip
			5048
			5049
			5050
			5051
	5008			
		4971		
4989				
	5009			
		4972		
		4973		
4990				
			5052


---------------------------------
plain	jelly	coconut	honey-dip
			5171
		5101		
	5138			
	5139			
			5172
	5140			
5098				
5099				
			5173
			5174
	5141			
	5142	

---------------------------------
plain	jelly	coconut	honey-dip
		5220		
			5269
		5221		
			5270
5209				
5210				
5211				
		5222		
	5266			
		5223		
		5224		
	5267	

---------------------------------
plain	jelly	coconut	honey-dip
5335				
5336				
5337				
			5394
		5337		
	5390			
5338				
		5338		
		5339		
5339				
5340				
	5391	

---------------------------------
plain	jelly	coconut	honey-dip
		5448		
	5505			
	5506			
	5507			
5465				
	5508			
	5509			
			5494
5466				
	5510			
			5495
5467	

---------------------------------
plain	jelly	coconut	honey-dip
	5607			
5563				
			5592
	5608			
5564				
			5593
	5609			
		5558		
			5594
			5595
5565				
			5596


---------------------------------
plain	jelly	coconut	honey-dip
5724				
			5736
5725				
			5737
		5724		
			5738
	5772			
	5773			
	5774			
5726				
5727				
5728	

---------------------------------
plain	jelly	coconut	honey-dip
			5817
		5801		
			5818
		5802		
		5803		
5808				
5809				
	5854			
		5804		
			5819
			5820
			5821


---------------------------------
plain	jelly	coconut	honey-dip
			5973
		5936		
5938				
5939				
5940				
			5974
	6021			
		5937		
			5975
			5976
		5938		
	6022	

---------------------------------
plain	jelly	coconut	honey-dip
	6157			
			6113
6074				
	6158			
		6064		
6075				
6076				
	6159			
		6065		
	6160			
			6114
		6066	

---------------------------------
plain	jelly	coconut	honey-dip
			6252
			6253
			6254
	6308			
			6255
		6194		
	6309			
		6195		
		6196		
			6256
			6257
		6197	

---------------------------------
plain	jelly	coconut	honey-dip
		6352		
		6353		
		6354		
6341				
			6407
			6408
6342				
6343				
		6355		
	6472			
			6409
6344	

---------------------------------
plain	jelly	coconut	honey-dip
	6619			
			6538
		6494		
	6620			
6485				
		6495		
	6621			
		6496		
6486				
6487				
	6622			
6488	

---------------------------------
plain	jelly	coconut	honey-dip
6638				
6639				
			6661
		6608		
			6662
		6609		
	6745			
6640				
	6746			
		6610		
			6663
6641	

---------------------------------
plain	jelly	coconut	honey-dip
	6887			
	6888			
			6859
6821				
6822				
	6889			
6823				
			6860
			6861
			6862
	6890			
		6769	

---------------------------------
plain	jelly	coconut	honey-dip
	7018			
		6890		
		6891		
			7014
6966				
	7019			
		6892		
		6893		
		6894		
		6895		
6967				
	7020	

---------------------------------
plain	jelly	coconut	honey-dip
			7196
			7197
			7198
		7058		
7124				
			7199
7125				
			7200
7126				
			7201
			7202
	7194	

---------------------------------
plain	jelly	coconut	honey-dip
	7309			
	7310			
		7179		
		7180		
7223				
		7181		
			7317
		7182		
	7311			
7224				
	7312			
	7313	

---------------------------------
plain	jelly	coconut	honey-dip
7400				
7401				
	7515			
7402				
			7512
		7393		
7403				
	7516			
	7517			
		7394		
	7518			
7404	

---------------------------------
plain	jelly	coconut	honey-dip
	7649			
7523				
		7503		
7524				
	7650			
			7625
			7626
7525				
7526				
			7627
	7651			
7527	

---------------------------------
plain	jelly	coconut	honey-dip
			7785
	7785			
		7643		
7651				
			7786
7652				
			7787
			7788
			7789
			7790
7653				
7654	

---------------------------------
plain	jelly	coconut	honey-dip
7797				
			7929
			7930
		7766		
		7767		
		7768		
			7931
			7932
			7933
	7924			
7798				
7799	

---------------------------------
plain	jelly	coconut	honey-dip
8107				
		8047		
8108				
			8240
8109				
			8241
		8048		
		8049		
8110				
8111				
			8242
8112	

---------------------------------
plain	jelly	coconut	honey-dip
	8356			
			8372
		8181		
		8182		
		8183		
			8373
	8357			
8235				
	8358			
		8184		
		8185		
	8359	

---------------------------------
plain	jelly	coconut	honey-dip
	8521			
	8522			
8380				
	8523			
		8328		
		8329		
		8330		
			8515
8381				
8382				
		8331		
8383	

---------------------------------
plain	jelly	coconut	honey-dip
			8655
8536				
8537				
			8656
8538				
			8657
		8469		
		8470		
		8471		
	8660			
8539				
		8472	

---------------------------------
plain	jelly	coconut	honey-dip
8682				
8683				
	8797			
			8798
			8799
		8631		
8684				
		8632		
8685				
	8798			
		8633		
8686	

---------------------------------
plain	jelly	coconut	honey-dip
		8750		
	8908			
	8909			
8781				
		8751		
	8910			
	8911			
		8752		
8782				
		8753		
			8913
	8912	

---------------------------------
plain	jelly	coconut	honey-dip
			9071
		8906		
			9072
		8907		
		8908		
8929				
8930				
		8909		
		8910		
		8911		
8931				
	9058	

---------------------------------
plain	jelly	coconut	honey-dip
9088				
9089				
		9062		
	9217			
			9233
9090				
			9234
			9235
			9236
			9237
			9238
	9218	

---------------------------------
plain	jelly	coconut	honey-dip
	9325			
	9326			
	9327			
	9328			
			9340
		9184		
9207				
		9185		
9208				
	9329			
	9330			
	9331	

---------------------------------
plain	jelly	coconut	honey-dip
	9480			
			9484
			9485
			9486
			9487
	9481			
	9482			
		9328		
	9483			
		9329		
		9330		
	9484	

---------------------------------
plain	jelly	coconut	honey-dip
			9608
9465				
9466				
		9448		
	9591			
		9449		
		9450		
			9609
		9451		
9467				
	9592			
	9593	

---------------------------------
plain	jelly	coconut	honey-dip
9848				
			9969
	9988			
		9843		
9849				
9850				
		9844		
		9845		
			9970
			9971
			9972
9851	

---------------------------------
plain	jelly	coconut	honey-dip
9978				
	10133			
		9979		
		9980		
			10110
			10111
		9981		
			10112
			10113
		9982		
9979				
	10134	

---------------------------------
plain	jelly	coconut	honey-dip
10111				
	10278			
		10122		
	10279			
10112				
		10123		
		10124		
			10253
			10254
	10280			
	10281			
		10125	

---------------------------------
plain	jelly	coconut	honey-dip
		10257		
		10258		
10242				
10243				
10244				
		10259		
		10260		
			10392
	10437			
		10261		
	10438			
		10262	

---------------------------------
plain	jelly	coconut	honey-dip
10403				
10404				
	10613			
			10566
10405				
		10418		
	10614			
	10615			
10406				
	10616			
	10617			
	10618	

---------------------------------
plain	jelly	coconut	honey-dip
			10699
			10700
10540				
	10754			
10541				
	10755			
	10756			
		10535		
			10701
	10757			
			10702
	10758	

---------------------------------
plain	jelly	coconut	honey-dip
10645				
10646				
10647				
		10645		
	10854			
			10816
		10646		
10648				
		10647		
10649				
10650				
10651	

---------------------------------
plain	jelly	coconut	honey-dip
		10846		
10830				
	11016			
10831				
	11017			
	11018			
	11019			
10832				
	11020			
		10847		
			10976
	11021	

---------------------------------
plain	jelly	coconut	honey-dip
			11101
			11102
		10960		
		10961		
		10962		
			11103
	11128			
	11129			
			11104
			11105
			11106
	11130	

---------------------------------
plain	jelly	coconut	honey-dip
11066				
		11092		
			11245
		11093		
			11246
11067				
		11094		
			11247
11068				
11069				
	11273			
11070	

---------------------------------
plain	jelly	coconut	honey-dip
			11375
		11219		
		11220		
	11404			
11182				
	11405			
			11376
		11221		
11183				
	11406			
	11407			
	11408	

---------------------------------
plain	jelly	coconut	honey-dip
11339				
	11553			
11340				
		11369		
		11370		
		11371		
	11554			
	11555			
			11531
	11556			
		11372		
			11532


---------------------------------
plain	jelly	coconut	honey-dip
	11708			
			11690
			11691
			11692
		11510		
		11511		
11472				
11473				
			11693
		11512		
		11513		
	11709	

---------------------------------
plain	jelly	coconut	honey-dip
11748				
		11752		
			11912
11749				
			11913
		11753		
		11754		
11750				
11751				
11752				
	11904			
	11905	

---------------------------------
plain	jelly	coconut	honey-dip
			12081
		11892		
	12046			
		11893		
		11894		
		11895		
	12047			
			12082
		11896		
	12048			
			12083
	12049	

---------------------------------
plain	jelly	coconut	honey-dip
		12046		
	12183			
12038				
12039				
			12213
12040				
			12214
12041				
		12047		
		12048		
12042				
			12215


---------------------------------
plain	jelly	coconut	honey-dip
12176				
			12335
			12336
		12166		
			12337
		12167		
12177				
			12338
			12339
	12307			
12178				
12179	

---------------------------------
plain	jelly	coconut	honey-dip
12304				
			12476
		12289		
			12477
12305				
			12478
			12479
	12419			
	12420			
			12480
			12481
12306	

---------------------------------
plain	jelly	coconut	honey-dip
12408				
		12391		
12409				
	12517			
	12518			
		12392		
		12393		
12410				
			12604
		12394		
		12395		
12411	

---------------------------------
plain	jelly	coconut	honey-dip
12540				
12541				
	12641			
			12746
		12557		
			12747
12542				
		12558		
		12559		
	12642			
	12643			
	12644	

---------------------------------
plain	jelly	coconut	honey-dip
		12723		
12765				
	12810			
			12894
	12811			
			12895
		12724		
	12812			
		12725		
12766				
	12813			
	12814	

---------------------------------
plain	jelly	coconut	honey-dip
		12867		
12904				
	12928			
	12929			
12905				
		12868		
		12869		
		12870		
12906				
		12871		
			13045
	12930	

---------------------------------
plain	jelly	coconut	honey-dip
	13122			
			13227
			13228
	13123			
			13229
13103				
13104				
			13230
			13231
13105				
13106				
		13072	

---------------------------------
plain	jelly	coconut	honey-dip
		13183		
13212				
	13255			
	13256			
		13184		
		13185		
			13342
13213				
13214				
	13257			
13215				
13216	

---------------------------------
plain	jelly	coconut	honey-dip
			13489
13364				
			13490
13365				
			13491
13366				
13367				
	13402			
		13313		
	13403			
	13404			
13368	

---------------------------------
plain	jelly	coconut	honey-dip
13486				
13487				
	13511			
			13595
	13512			
13488				
	13513			
			13596
			13597
			13598
13489				
		13420	

---------------------------------
plain	jelly	coconut	honey-dip
		13535		
	13632			
	13633			
	13634			
13620				
	13635			
13621				
13622				
	13636			
			13717
		13536		
	13637	

---------------------------------
plain	jelly	coconut	honey-dip
13758				
	13780			
		13660		
			13858
		13661		
		13662		
13759				
	13781			
13760				
	13782			
	13783			
			13859


---------------------------------
plain	jelly	coconut	honey-dip
			14016
13900				
		13812		
	13928			
	13929			
13901				
		13813		
			14017
			14018
	13930			
			14019
	13931	

---------------------------------
plain	jelly	coconut	honey-dip
		13952		
			14164
	14070			
	14071			
14022				
14023				
		13953		
		13954		
			14165
			14166
		13955		
			14167


---------------------------------
plain	jelly	coconut	honey-dip
		14136		
	14237			
		14137		
	14238			
14183				
			14348
14184				
		14138		
14185				
			14349
		14139		
	14239	

---------------------------------
plain	jelly	coconut	honey-dip
			14492
14322				
14323				
14324				
		14295		
14325				
	14371			
14326				
	14372			
	14373			
			14493
			14494


---------------------------------
plain	jelly	coconut	honey-dip
	14535			
		14462		
			14664
		14463		
	14536			
	14537			
			14665
		14464		
14491				
		14465		
		14466		
			14666


---------------------------------
plain	jelly	coconut	honey-dip
			14821
	14687			
		14657		
	14688			
		14658		
	14689			
	14690			
			14822
		14659		
	14691			
		14660		
	14692	

---------------------------------
plain	jelly	coconut	honey-dip
	14843			
14775				
14776				
	14844			
		14799		
		14800		
		14801		
		14802		
14777				
	14845			
	14846			
		14803	

---------------------------------
plain	jelly	coconut	honey-dip
		15020		
		15021		
			15192
			15193
	15061			
		15022		
15015				
	15062			
		15023		
	15063			
		15024		
		15025	

---------------------------------
plain	jelly	coconut	honey-dip
15179				
		15200		
15180				
		15201		
	15213			
15181				
15182				
		15202		
		15203		
	15214			
			15344
	15215	

---------------------------------
plain	jelly	coconut	honey-dip
15326				
	15366			
	15367			
		15341		
		15342		
		15343		
	15368			
		15344		
	15369			
			15479
15327				
	15370	

---------------------------------
plain	jelly	coconut	honey-dip
		15491		
15454				
	15518			
15455				
15456				
	15519			
		15492		
		15493		
		15494		
			15637
		15495		
			15638


---------------------------------
plain	jelly	coconut	honey-dip
	15712			
15644				
		15707		
			15817
			15818
		15708		
		15709		
15645				
			15819
15646				
	15713			
15647	

---------------------------------
plain	jelly	coconut	honey-dip
	15836			
15791				
		15850		
	15837			
			15955
	15838			
			15956
		15851		
	15839			
	15840			
15792				
			15957


---------------------------------
plain	jelly	coconut	honey-dip
		15964		
			16065
15924				
		15965		
15925				
15926				
			16066
		15966		
		15967		
			16067
			16068
	15971	

---------------------------------
plain	jelly	coconut	honey-dip
		16164		
			16254
		16165		
	16165			
	16166			
	16167			
		16166		
			16255
		16167		
16121				
16122				
16123	

---------------------------------
plain	jelly	coconut	honey-dip
			16392
		16299		
			16393
		16300		
16258				
16259				
	16295			
			16394
			16395
	16296			
16260				
	16297	

---------------------------------
plain	jelly	coconut	honey-dip
		16432		
16382				
			16524
		16433		
			16525
16383				
16384				
			16526
	16434			
	16435			
		16434		
	16436	

---------------------------------
plain	jelly	coconut	honey-dip
			16684
	16634			
16550				
			16685
		16612		
	16635			
16551				
			16686
		16613		
			16687
		16614		
			16688


---------------------------------
plain	jelly	coconut	honey-dip
		16736		
		16737		
	16766			
16695				
16696				
16697				
16698				
			16835
16699				
			16836
			16837
	16767	

---------------------------------
plain	jelly	coconut	honey-dip
16861				
		16870		
	16892			
	16893			
		16871		
			16961
		16872		
			16962
16862				
	16894			
		16873		
16863	

---------------------------------
plain	jelly	coconut	honey-dip
			17100
17006				
	17039			
	17040			
			17101
17007				
		17039		
		17040		
		17041		
	17041			
			17102
	17042	

---------------------------------
plain	jelly	coconut	honey-dip
	17168			
17136				
		17193		
17137				
		17194		
		17195		
		17196		
17138				
		17197		
			17239
		17198		
			17240


---------------------------------
plain	jelly	coconut	honey-dip
			17395
		17362		
			17396
	17326			
	17327			
			17397
	17328			
		17363		
			17398
			17399
			17400
			17401


---------------------------------
plain	jelly	coconut	honey-dip
			17501
	17432			
17410				
17411				
		17497		
17412				
			17502
17413				
	17433			
	17434			
17414				
17415	

---------------------------------
plain	jelly	coconut	honey-dip
17519				
17520				
17521				
		17595		
	17565			
	17566			
		17596		
	17567			
		17597		
	17568			
			17617
	17569	

---------------------------------
plain	jelly	coconut	honey-dip
	17697			
17675				
	17698			
	17699			
17676				
	17700			
		17736		
	17701			
	17702			
		17737		
17677				
17678	

---------------------------------
plain	jelly	coconut	honey-dip
17831				
17832				
	17844			
		17900		
	17845			
			17885
			17886
17833				
		17901		
	17846			
		17902		
	17847	

---------------------------------
plain	jelly	coconut	honey-dip
17954				
	17958			
		18010		
			17994
		18011		
17955				
17956				
			17995
	17959			
			17996
		18012		
		18013	

---------------------------------
plain	jelly	coconut	honey-dip
18154				
			18200
			18201
		18213		
		18214		
			18202
		18215		
		18216		
		18217		
18155				
		18218		
		18219	

---------------------------------
plain	jelly	coconut	honey-dip
18333				
		18382		
		18383		
		18384		
18334				
		18385		
		18386		
	18349			
			18364
18335				
		18387		
		18388	

---------------------------------
plain	jelly	coconut	honey-dip
		18694		
18626				
	18631			
18627				
18628				
		18695		
18629				
18630				
	18632			
			18641
	18633			
			18642


---------------------------------
plain	jelly	coconut	honey-dip
	18770			
			18789
	18771			
		18815		
			18790
	18772			
18770				
		18816		
		18817		
		18818		
18771				
18772	

---------------------------------
plain	jelly	coconut	honey-dip
		18961		
		18962		
			18923
18926				
18927				
18928				
		18963		
18929				
18930				
	18922			
			18924
18931	

---------------------------------
plain	jelly	coconut	honey-dip
19072				
19073				
		19100		
			19063
	19049			
	19050			
19074				
19075				
			19064
19076				
		19101		
19077	

---------------------------------
plain	jelly	coconut	honey-dip
			19209
	19188			
		19233		
		19234		
19206				
			19210
19207				
	19189			
19208				
		19235		
		19236		
19209	

---------------------------------
plain	jelly	coconut	honey-dip
19389				
		19423		
		19424		
			19393
			19394
	19339			
	19340			
			19395
	19341			
	19342			
	19343			
			19396


---------------------------------
plain	jelly	coconut	honey-dip
			19542
19538				
	19471			
19539				
19540				
19541				
	19472			
	19473			
	19474			
			19543
	19475			
19542	

---------------------------------
plain	jelly	coconut	honey-dip
		19639		
19642				
			19650
	19573			
		19640		
	19574			
	19575			
	19576			
	19577			
		19641		
	19578			
		19642	

---------------------------------
plain	jelly	coconut	honey-dip
			19789
		19796		
			19790
19776				
19777				
19778				
	19707			
19779				
		19797		
19780				
		19798		
19781	

---------------------------------
plain	jelly	coconut	honey-dip
		19933		
	19833			
		19934		
			19910
			19911
19908				
			19912
		19935		
			19913
			19914
	19834			
19909	

---------------------------------
plain	jelly	coconut	honey-dip
20029				
			20062
			20063
	19970			
			20064
			20065
20030				
	19971			
			20066
20031				
	19972			
20032	

---------------------------------
plain	jelly	coconut	honey-dip
	20089			
		20172		
		20173		
		20174		
20143				
		20175		
		20176		
20144				
20145				
	20090			
	20091			
20146	

---------------------------------
plain	jelly	coconut	honey-dip
20343				
			20374
			20375
20344				
20345				
		20382		
	20297			
			20376
		20383		
	20298			
20346				
	20299	

---------------------------------
plain	jelly	coconut	honey-dip
	20409			
			20495
			20496
	20410			
	20411			
		20517		
20467				
		20518		
			20497
20468				
			20498
	20412	

---------------------------------
plain	jelly	coconut	honey-dip
20583				
	20531			
		20646		
			20632
20584				
	20532			
	20533			
			20633
20585				
	20534			
	20535			
20586	

---------------------------------
plain	jelly	coconut	honey-dip
20749				
		20815		
	20682			
20750				
	20683			
			20794
20751				
20752				
20753				
	20684			
		20816		
20754	

---------------------------------
plain	jelly	coconut	honey-dip
20899				
20900				
			20917
			20918
		20940		
20901				
		20941		
		20942		
		20943		
	20788			
20902				
		20944	

---------------------------------
plain	jelly	coconut	honey-dip
			21072
	20946			
			21073
21068				
			21074
	20947			
		21106		
21069				
21070				
			21075
			21076
	20948	

---------------------------------
plain	jelly	coconut	honey-dip
			21183
			21184
21162				
21163				
21164				
21165				
21166				
21167				
21168				
			21185
		21206		
			21186


---------------------------------
plain	jelly	coconut	honey-dip
			21320
			21321
	21184			
21288				
	21185			
			21322
		21336		
	21186			
21289				
	21187			
			21323
			21324


---------------------------------
plain	jelly	coconut	honey-dip
	21310			
			21443
	21311			
21432				
21433				
		21459		
21434				
	21312			
	21313			
			21444
			21445
		21460	

---------------------------------
plain	jelly	coconut	honey-dip
			21577
		21603		
			21578
21579				
	21437			
		21604		
		21605		
		21606		
		21607		
	21438			
	21439			
			21579


---------------------------------
plain	jelly	coconut	honey-dip
			21733
		21752		
			21734
			21735
			21736
	21595			
	21596			
21740				
		21753		
21741				
		21754		
		21755	

---------------------------------
plain	jelly	coconut	honey-dip
		21980		
21946				
21947				
21948				
21949				
			21944
		21981		
		21982		
21950				
	21814			
	21815			
21951	

---------------------------------
plain	jelly	coconut	honey-dip
			22079
	21953			
		22108		
			22080
		22109		
		22110		
	21954			
			22081
			22082
			22083
22084				
	21955	

---------------------------------
plain	jelly	coconut	honey-dip
	22099			
	22100			
22214				
22215				
		22262		
			22201
	22101			
			22202
	22102			
22216				
		22263		
		22264	

---------------------------------
plain	jelly	coconut	honey-dip
		22419		
		22420		
			22327
			22328
	22253			
		22421		
			22329
22341				
		22422		
	22254			
		22423		
		22424	

---------------------------------
plain	jelly	coconut	honey-dip
22497				
		22564		
			22494
22498				
	22397			
	22398			
			22495
			22496
		22565		
22499				
	22399			
		22566	

---------------------------------
plain	jelly	coconut	honey-dip
	22549			
	22550			
			22610
		22696		
			22611
	22551			
			22612
22625				
22626				
22627				
22628				
		22697	

---------------------------------
plain	jelly	coconut	honey-dip
		22801		
	22691			
22749				
22750				
		22802		
	22692			
		22803		
	22693			
			22743
	22694			
	22695			
			22744


---------------------------------
plain	jelly	coconut	honey-dip
	22836			
	22837			
			22912
22888				
	22838			
22889				
22890				
	22839			
			22913
	22840			
			22914
	22841	

---------------------------------
plain	jelly	coconut	honey-dip
23022				
			23033
			23034
23023				
			23035
		23088		
23024				
		23089		
23025				
			23036
		23090		
23026	

---------------------------------
plain	jelly	coconut	honey-dip
			23145
		23203		
			23146
		23204		
23157				
		23205		
23158				
		23206		
			23147
		23207		
23159				
	23087	

---------------------------------
plain	jelly	coconut	honey-dip
			23298
23289				
	23253			
			23299
23290				
			23300
	23254			
	23255			
	23256			
		23364		
		23365		
23291	

---------------------------------
plain	jelly	coconut	honey-dip
	23337			
			23373
23375				
	23338			
			23374
		23467		
			23375
	23339			
	23340			
			23376
23376				
		23468	

---------------------------------
plain	jelly	coconut	honey-dip
		23654		
			23555
23563				
			23556
			23557
23564				
			23558
	23524			
			23559
			23560
23565				
			23561


---------------------------------
plain	jelly	coconut	honey-dip
23685				
23686				
		23770		
		23771		
		23772		
	23630			
23687				
		23773		
23688				
			23679
			23680
	23631	

---------------------------------
plain	jelly	coconut	honey-dip
		23932		
		23933		
23823				
		23934		
23824				
	23763			
	23764			
23825				
		23935		
		23936		
23826				
	23765	

---------------------------------
plain	jelly	coconut	honey-dip
	23922			
23953				
			23969
	23923			
		24084		
		24085		
23954				
		24086		
			23970
			23971
	23924			
			23972


---------------------------------
plain	jelly	coconut	honey-dip
		24223		
	24056			
24083				
24084				
		24224		
			24094
	24057			
		24225		
	24058			
	24059			
	24060			
			24095


---------------------------------
plain	jelly	coconut	honey-dip
	24224			
			24245
		24366		
	24225			
			24246
	24226			
	24227			
24233				
	24228			
	24229			
24234				
	24230	

---------------------------------
plain	jelly	coconut	honey-dip
			24346
		24507		
		24508		
		24509		
	24370			
	24371			
		24510		
	24372			
	24373			
			24347
24385				
		24511	

---------------------------------
plain	jelly	coconut	honey-dip
	24522			
			24496
		24689		
	24523			
	24524			
		24690		
	24525			
24549				
		24691		
	24526			
24550				
	24527	

---------------------------------
plain	jelly	coconut	honey-dip
		24832		
		24833		
			24641
24693				
			24642
			24643
			24644
	24714			
			24645
	24715			
		24834		
	24716	

---------------------------------
plain	jelly	coconut	honey-dip
			24777
	24828			
	24829			
			24778
	24830			
	24831			
		24931		
		24932		
24848				
		24933		
			24779
		24934	

---------------------------------
plain	jelly	coconut	honey-dip
		25240		
25142				
	25145			
	25146			
25143				
25144				
		25241		
			25093
		25242		
		25243		
		25244		
	25147	

---------------------------------
plain	jelly	coconut	honey-dip
			25228
			25229
		25397		
25299				
		25398		
25300				
25301				
		25399		
			25230
			25231
			25232
			25233


---------------------------------
plain	jelly	coconut	honey-dip
			25362
25421				
		25572		
	25429			
		25573		
25422				
		25574		
25423				
			25363
	25430			
	25431			
		25575	

---------------------------------
plain	jelly	coconut	honey-dip
			25538
			25539
	25580			
25566				
25567				
	25581			
		25724		
25568				
	25582			
	25583			
			25540
			25541


---------------------------------
plain	jelly	coconut	honey-dip
			25704
			25705
			25706
	25750			
		25885		
25729				
			25707
		25886		
	25751			
25730				
		25887		
25731	

---------------------------------
plain	jelly	coconut	honey-dip
	25853			
	25854			
		26020		
	25855			
	25856			
			25834
	25857			
25853				
25854				
		26021		
			25835
25855	

---------------------------------
plain	jelly	coconut	honey-dip
25972				
			25984
		26141		
25973				
		26142		
25974				
		26143		
	25979			
		26144		
		26145		
25975				
		26146	

---------------------------------
plain	jelly	coconut	honey-dip
26274				
			26282
	26295			
			26283
			26284
	26296			
26275				
		26473		
26276				
		26474		
26277				
		26475	

---------------------------------
plain	jelly	coconut	honey-dip
			26366
26382				
	26393			
	26394			
	26395			
		26579		
		26580		
		26581		
	26396			
26383				
26384				
26385	

---------------------------------
plain	jelly	coconut	honey-dip
26549				
26550				
	26560			
			26540
26551				
26552				
			26541
	26561			
		26779		
	26562			
		26780		
26553	

---------------------------------
plain	jelly	coconut	honey-dip
26733				
			26705
	26719			
		26931		
		26932		
			26706
		26933		
		26934		
		26935		
		26936		
26734				
			26707


---------------------------------
plain	jelly	coconut	honey-dip
			26793
			26794
	26813			
			26795
			26796
26814				
		27028		
		27029		
26815				
	26814			
		27030		
	26815	

---------------------------------
plain	jelly	coconut	honey-dip
	27049			
			27046
27079				
		27294		
		27295		
	27050			
	27051			
		27296		
	27052			
		27297		
	27053			
			27047


---------------------------------
plain	jelly	coconut	honey-dip
	27168			
		27427		
			27180
			27181
	27169			
		27428		
27233				
	27170			
			27182
			27183
	27171			
			27184


---------------------------------
plain	jelly	coconut	honey-dip
			27304
			27305
27367				
	27276			
		27553		
27368				
27369				
		27554		
27370				
		27555		
			27306
		27556	

---------------------------------
plain	jelly	coconut	honey-dip
	27373			
27477				
		27647		
27478				
	27374			
		27648		
27479				
		27649		
27480				
		27650		
			27399
		27651	

---------------------------------
plain	jelly	coconut	honey-dip
	27487			
27597				
			27487
			27488
			27489
	27488			
27598				
	27489			
	27490			
27599				
27600				
		27745	

---------------------------------
plain	jelly	coconut	honey-dip
			27609
	27597			
27719				
			27610
	27598			
27720				
			27611
			27612
27721				
	27599			
	27600			
27722	

---------------------------------
plain	jelly	coconut	honey-dip
	27709			
		27937		
	27710			
27827				
			27695
27828				
			27696
		27938		
	27711			
27829				
	27712			
	27713	

---------------------------------
plain	jelly	coconut	honey-dip
	27852			
		28063		
27945				
		28064		
27946				
	27853			
27947				
			27848
	27854			
			27849
27948				
27949	

---------------------------------
plain	jelly	coconut	honey-dip
	27966			
		28161		
	27967			
			27946
	27968			
28043				
			27947
			27948
	27969			
28044				
		28162		
		28163	

---------------------------------
plain	jelly	coconut	honey-dip
		28249		
		28250		
		28251		
28146				
		28252		
		28253		
28147				
28148				
			28043
28149				
	28086			
		28254	

---------------------------------
plain	jelly	coconut	honey-dip
28243				
28244				
	28154			
		28334		
	28155			
		28335		
		28336		
	28156			
28245				
	28157			
	28158			
	28159	

---------------------------------
plain	jelly	coconut	honey-dip
		28475		
	28279			
			28273
28421				
28422				
		28476		
	28280			
		28477		
28423				
28424				
28425				
28426	

---------------------------------
plain	jelly	coconut	honey-dip
28493				
		28540		
		28541		
		28542		
		28543		
		28544		
	28365			
28494				
			28338
			28339
			28340
		28545	

---------------------------------
plain	jelly	coconut	honey-dip
28581				
		28641		
		28642		
	28442			
	28443			
			28420
			28421
		28643		
	28444			
		28644		
	28445			
	28446	

---------------------------------
plain	jelly	coconut	honey-dip
		28744		
	28537			
		28745		
		28746		
			28516
28683				
	28538			
	28539			
		28747		
			28517
28684				
	28540	

---------------------------------
plain	jelly	coconut	honey-dip
			28593
	28606			
		28821		
	28607			
		28822		
28772				
		28823		
		28824		
28773				
28774				
		28825		
28775	

---------------------------------
plain	jelly	coconut	honey-dip
	28673			
	28674			
			28669
28852				
28853				
28854				
	28675			
			28670
28855				
	28676			
			28671
	28677	

---------------------------------
plain	jelly	coconut	honey-dip
		28987		
	28757			
		28988		
28921				
28922				
			28751
		28989		
28923				
	28758			
28924				
			28752
	28759	

---------------------------------
plain	jelly	coconut	honey-dip
28991				
28992				
	28837			
	28838			
			28830
28993				
28994				
28995				
			28831
			28832
28996				
28997	

---------------------------------
plain	jelly	coconut	honey-dip
		29137		
	28904			
29064				
	28905			
		29138		
			28923
		29139		
			28924
	28906			
29065				
		29140		
	28907	

---------------------------------
plain	jelly	coconut	honey-dip
			29000
29134				
29135				
			29001
			29002
29136				
	28961			
			29003
		29197		
			29004
		29198		
29137	

---------------------------------
plain	jelly	coconut	honey-dip
			29066
	29024			
			29067
			29068
29190				
	29025			
			29069
			29070
		29252		
29191				
	29026			
29192	

---------------------------------
plain	jelly	coconut	honey-dip
			29113
	29077			
29234				
	29078			
29235				
			29114
	29079			
			29115
			29116
29236				
	29080			
		29300	

---------------------------------
plain	jelly	coconut	honey-dip
			29193
29308				
		29376		
29309				
			29194
	29135			
			29195
29310				
		29377		
			29196
29311				
	29136	

---------------------------------
plain	jelly	coconut	honey-dip
			29253
			29254
29385				
29386				
		29431		
		29432		
	29183			
29387				
			29255
29388				
	29184			
	29185	

