---------------------------------
plain	jelly	coconut	honey-dip
			1071
	1077			
	1078			
1049				
			1072
	1079			
		1075		
		1076		
		1077		
			1073
	1080			
			1074


---------------------------------
plain	jelly	coconut	honey-dip
	1394			
		1390		
		1391		
	1395			
		1392		
	1396			
	1397			
			1355
	1398			
		1393		
1345				
			1356


---------------------------------
plain	jelly	coconut	honey-dip
1437				
		1480		
	1487			
	1488			
1438				
		1481		
	1489			
1439				
		1482		
	1490			
			1464
1440	

---------------------------------
plain	jelly	coconut	honey-dip
		1556		
		1557		
		1558		
		1559		
		1560		
	1570			
		1561		
			1560
			1561
			1562
		1562		
			1563


---------------------------------
plain	jelly	coconut	honey-dip
1620				
	1671			
			1654
			1655
			1656
			1657
	1672			
			1658
		1655		
	1673			
	1674			
	1675	

---------------------------------
plain	jelly	coconut	honey-dip
			1747
			1748
	1761			
			1749
	1762			
			1750
			1751
1715				
			1752
1716				
	1763			
		1749	

---------------------------------
plain	jelly	coconut	honey-dip
			1823
			1824
		1807		
	1824			
1782				
	1825			
1783				
1784				
1785				
			1825
		1808		
1786	

---------------------------------
plain	jelly	coconut	honey-dip
	1922			
	1923			
1893				
	1924			
		1909		
			1932
	1925			
		1910		
			1933
			1934
	1926			
		1911	

---------------------------------
plain	jelly	coconut	honey-dip
			2038
	2013			
	2014			
	2015			
			2039
	2016			
1982				
1983				
			2040
	2017			
1984				
1985	

---------------------------------
plain	jelly	coconut	honey-dip
			2114
			2115
			2116
			2117
	2097			
		2079		
2062				
	2098			
			2118
		2080		
	2099			
			2119


---------------------------------
plain	jelly	coconut	honey-dip
	2183			
			2204
		2168		
	2184			
2145				
		2169		
2146				
	2185			
2147				
		2170		
2148				
		2171	

---------------------------------
plain	jelly	coconut	honey-dip
2255				
	2313			
2256				
			2319
	2314			
2257				
	2315			
	2316			
		2293		
			2320
		2294		
			2321


---------------------------------
plain	jelly	coconut	honey-dip
			2417
		2393		
	2396			
2370				
2371				
2372				
2373				
2374				
		2394		
	2397			
2375				
2376	

---------------------------------
plain	jelly	coconut	honey-dip
	2500			
			2511
		2496		
2465				
	2501			
			2512
	2502			
			2513
			2514
		2497		
2466				
			2515


---------------------------------
plain	jelly	coconut	honey-dip
		2611		
			2644
2571				
			2645
2572				
			2646
			2647
		2612		
			2648
2573				
			2649
	2626	

---------------------------------
plain	jelly	coconut	honey-dip
		2726		
2686				
		2727		
2687				
	2723			
	2724			
		2728		
			2749
2688				
			2750
			2751
2689	

---------------------------------
plain	jelly	coconut	honey-dip
	2838			
		2842		
2806				
		2843		
2807				
		2844		
2808				
			2878
2809				
		2845		
			2879
			2880


---------------------------------
plain	jelly	coconut	honey-dip
2998				
2999				
		3013		
		3014		
3000				
			3056
			3057
	2993			
			3058
		3015		
	2994			
		3016	

---------------------------------
plain	jelly	coconut	honey-dip
			3175
3118				
	3105			
	3106			
			3176
		3130		
			3177
			3178
3119				
	3107			
3120				
3121	

---------------------------------
plain	jelly	coconut	honey-dip
		3233		
			3312
3243				
	3220			
			3313
	3221			
			3314
	3222			
3244				
	3223			
	3224			
	3225	

---------------------------------
plain	jelly	coconut	honey-dip
			3424
			3425
3361				
3362				
3363				
	3343			
			3426
3364				
			3427
	3344			
	3345			
			3428


---------------------------------
plain	jelly	coconut	honey-dip
3460				
			3529
		3469		
		3470		
			3530
			3531
		3471		
3461				
			3532
			3533
3462				
3463	

---------------------------------
plain	jelly	coconut	honey-dip
		3586		
	3539			
			3641
3574				
		3587		
3575				
	3540			
		3588		
			3642
3576				
3577				
	3541	

---------------------------------
plain	jelly	coconut	honey-dip
	3681			
			3788
			3789
	3682			
	3683			
	3684			
	3685			
3686				
	3686			
3687				
	3687			
	3688	

---------------------------------
plain	jelly	coconut	honey-dip
	3808			
	3809			
		3832		
			3897
		3833		
		3834		
	3810			
3787				
	3811			
	3812			
	3813			
3788	

---------------------------------
plain	jelly	coconut	honey-dip
			4144
			4145
			4146
	4081			
4066				
			4147
4067				
4068				
		4077		
		4078		
	4082			
	4083	

---------------------------------
plain	jelly	coconut	honey-dip
		4197		
		4198		
		4199		
	4191			
			4277
			4278
			4279
	4192			
			4280
		4200		
			4281
4183	

---------------------------------
plain	jelly	coconut	honey-dip
		4341		
		4342		
		4343		
	4336			
	4337			
	4338			
		4344		
			4407
			4408
			4409
		4345		
	4339	

---------------------------------
plain	jelly	coconut	honey-dip
			4569
			4570
4479				
		4485		
			4571
			4572
	4503			
4480				
		4486		
		4487		
4481				
	4504	

---------------------------------
plain	jelly	coconut	honey-dip
		4613		
	4608			
			4693
4602				
4603				
		4614		
		4615		
	4609			
	4610			
	4611			
		4616		
			4694


---------------------------------
plain	jelly	coconut	honey-dip
	4786			
		4763		
	4787			
		4764		
		4765		
4779				
		4766		
4780				
4781				
4782				
			4836
			4837


---------------------------------
plain	jelly	coconut	honey-dip
4950				
	4966			
4951				
		4913		
4952				
4953				
		4914		
	4967			
		4915		
		4916		
			4983
			4984


---------------------------------
plain	jelly	coconut	honey-dip
	5076			
	5077			
		5044		
		5045		
	5078			
5056				
			5128
		5046		
	5079			
		5047		
			5129
			5130


---------------------------------
plain	jelly	coconut	honey-dip
5194				
		5209		
			5258
	5255			
	5256			
		5210		
		5211		
		5212		
	5257			
		5213		
5195				
			5259


---------------------------------
plain	jelly	coconut	honey-dip
5329				
	5382			
	5383			
	5384			
			5384
	5385			
			5385
			5386
5330				
5331				
	5386			
5332	

---------------------------------
plain	jelly	coconut	honey-dip
			5457
			5458
5414				
		5406		
		5407		
5415				
5416				
		5408		
	5455			
5417				
	5456			
5418	

---------------------------------
plain	jelly	coconut	honey-dip
5518				
		5507		
	5577			
5519				
		5508		
5520				
			5550
			5551
		5509		
			5552
5521				
5522	

---------------------------------
plain	jelly	coconut	honey-dip
	5702			
			5681
	5703			
		5657		
5664				
		5658		
5665				
		5659		
			5682
	5704			
		5660		
			5683


---------------------------------
plain	jelly	coconut	honey-dip
			5799
	5836			
5793				
		5792		
	5837			
			5800
	5838			
	5839			
	5840			
			5801
			5802
5794	

---------------------------------
plain	jelly	coconut	honey-dip
		5897		
5894				
5895				
		5898		
			5918
5896				
	5979			
		5899		
5897				
5898				
		5900		
	5980	

---------------------------------
plain	jelly	coconut	honey-dip
			6069
			6070
		6018		
	6109			
	6110			
6032				
			6071
	6111			
	6112			
			6072
		6019		
6033	

---------------------------------
plain	jelly	coconut	honey-dip
			6195
			6196
	6240			
6141				
			6197
	6241			
	6242			
			6198
			6199
		6132		
			6200
6142	

---------------------------------
plain	jelly	coconut	honey-dip
			6309
6253				
		6258		
6254				
			6310
6255				
			6311
	6368			
	6369			
			6312
	6370			
	6371	

---------------------------------
plain	jelly	coconut	honey-dip
	6503			
		6382		
	6504			
6371				
			6436
6372				
			6437
			6438
	6505			
6373				
			6439
	6506	

---------------------------------
plain	jelly	coconut	honey-dip
		6491		
	6614			
		6492		
6483				
			6536
	6615			
6484				
	6616			
	6617			
	6618			
			6537
		6493	

---------------------------------
plain	jelly	coconut	honey-dip
6643				
			6668
			6669
6644				
		6616		
			6670
		6617		
	6749			
			6671
6645				
		6618		
6646	

---------------------------------
plain	jelly	coconut	honey-dip
		6729		
			6818
		6730		
6780				
		6731		
		6732		
		6733		
6781				
			6819
		6734		
			6820
6782	

---------------------------------
plain	jelly	coconut	honey-dip
6952				
			6989
			6990
	6997			
	6998			
	6999			
	7000			
			6991
	7001			
6953				
		6878		
6954	

---------------------------------
plain	jelly	coconut	honey-dip
			7126
		6988		
	7126			
	7127			
			7127
		6989		
7056				
	7128			
	7129			
	7130			
7057				
		6990	

---------------------------------
plain	jelly	coconut	honey-dip
	7362			
7266				
		7228		
	7363			
	7364			
7267				
7268				
		7229		
7269				
		7230		
7270				
	7365	

---------------------------------
plain	jelly	coconut	honey-dip
			7500
			7501
7389				
			7502
			7503
	7499			
7390				
7391				
7392				
	7500			
	7501			
			7504


---------------------------------
plain	jelly	coconut	honey-dip
	7629			
			7608
		7484		
7507				
7508				
7509				
	7630			
		7485		
			7609
			7610
			7611
7510	

---------------------------------
plain	jelly	coconut	honey-dip
	7766			
7633				
	7767			
			7755
7634				
			7756
7635				
			7757
7636				
7637				
7638				
			7758


---------------------------------
plain	jelly	coconut	honey-dip
			7874
7735				
	7874			
			7875
			7876
		7729		
			7877
7736				
7737				
	7875			
7738				
			7878


---------------------------------
plain	jelly	coconut	honey-dip
7861				
			8006
7862				
7863				
7864				
			8007
	7987			
	7988			
		7826		
7865				
	7989			
		7827	

---------------------------------
plain	jelly	coconut	honey-dip
7989				
	8101			
		7939		
7990				
7991				
		7940		
7992				
			8131
			8132
	8102			
		7941		
			8133


---------------------------------
plain	jelly	coconut	honey-dip
		8106		
			8296
		8107		
		8108		
		8109		
		8110		
			8297
			8298
8162				
		8111		
		8112		
			8299


---------------------------------
plain	jelly	coconut	honey-dip
8332				
			8463
	8466			
8333				
8334				
		8279		
	8467			
8335				
8336				
		8280		
		8281		
8337	

---------------------------------
plain	jelly	coconut	honey-dip
		8496		
			8678
	8680			
		8497		
8562				
		8498		
	8681			
		8499		
	8682			
			8679
			8680
	8683	

---------------------------------
plain	jelly	coconut	honey-dip
	8811			
			8808
	8812			
8692				
8693				
		8645		
			8809
			8810
			8811
	8813			
	8814			
		8646	

---------------------------------
plain	jelly	coconut	honey-dip
8801				
		8772		
8802				
	8944			
8803				
8804				
8805				
8806				
		8773		
			8931
		8774		
	8945	

---------------------------------
plain	jelly	coconut	honey-dip
		8921		
	9070			
8947				
		8922		
			9086
			9087
		8923		
8948				
			9088
			9089
8949				
			9090


---------------------------------
plain	jelly	coconut	honey-dip
	9208			
		9058		
		9059		
	9209			
	9210			
			9225
			9226
	9211			
	9212			
		9060		
			9227
9085	

---------------------------------
plain	jelly	coconut	honey-dip
9218				
9219				
9220				
		9194		
	9350			
9221				
9222				
			9354
	9351			
			9355
		9195		
		9196	

---------------------------------
plain	jelly	coconut	honey-dip
9354				
	9506			
		9350		
9355				
		9351		
9356				
			9506
		9352		
			9507
		9353		
9357				
9358	

---------------------------------
plain	jelly	coconut	honey-dip
		9491		
		9492		
		9493		
		9494		
9518				
9519				
		9495		
	9640			
			9643
		9496		
		9497		
			9644


---------------------------------
plain	jelly	coconut	honey-dip
		9655		
9686				
			9795
	9792			
9687				
9688				
			9796
		9656		
	9793			
			9797
	9794			
9689	

---------------------------------
plain	jelly	coconut	honey-dip
			9909
9800				
		9782		
		9783		
9801				
			9910
	9929			
		9784		
		9785		
		9786		
		9787		
	9930	

---------------------------------
plain	jelly	coconut	honey-dip
9951				
			10085
9952				
	10096			
			10086
		9948		
			10087
9953				
	10097			
		9949		
			10088
		9950	

---------------------------------
plain	jelly	coconut	honey-dip
	10234			
10071				
			10209
	10235			
	10236			
	10237			
10072				
	10238			
		10082		
10073				
	10239			
10074	

---------------------------------
plain	jelly	coconut	honey-dip
			10318
			10319
10170				
10171				
	10364			
		10188		
10172				
			10320
	10365			
10173				
			10321
10174	

---------------------------------
plain	jelly	coconut	honey-dip
		10287		
			10426
		10288		
			10427
			10428
		10289		
			10429
			10430
			10431
		10290		
			10432
	10475	

---------------------------------
plain	jelly	coconut	honey-dip
	10630			
	10631			
		10438		
		10439		
			10591
10425				
10426				
		10440		
	10632			
10427				
		10441		
10428	

---------------------------------
plain	jelly	coconut	honey-dip
		10690		
10678				
		10691		
		10692		
10679				
		10693		
10680				
	10880			
		10694		
		10695		
			10844
		10696	

---------------------------------
plain	jelly	coconut	honey-dip
			11000
	11043			
10857				
10858				
	11044			
10859				
	11045			
	11046			
10860				
	11047			
	11048			
10861	

---------------------------------
plain	jelly	coconut	honey-dip
		10972		
			11110
10949				
		10973		
10950				
		10974		
			11111
		10975		
			11112
		10976		
		10977		
			11113


---------------------------------
plain	jelly	coconut	honey-dip
11103				
	11304			
		11122		
	11305			
	11306			
			11279
		11123		
			11280
		11124		
		11125		
	11307			
11104	

---------------------------------
plain	jelly	coconut	honey-dip
	11475			
11252				
			11452
	11476			
		11289		
11253				
		11290		
			11453
		11291		
		11292		
			11454
		11293	

---------------------------------
plain	jelly	coconut	honey-dip
			11618
			11619
		11439		
	11636			
		11440		
	11637			
			11620
			11621
		11441		
	11638			
			11622
			11623


---------------------------------
plain	jelly	coconut	honey-dip
11532				
		11584		
			11749
11533				
			11750
	11755			
			11751
			11752
	11756			
		11585		
11534				
	11757	

---------------------------------
plain	jelly	coconut	honey-dip
11691				
			11864
11692				
		11705		
	11876			
		11706		
			11865
11693				
			11866
	11877			
11694				
		11707	

---------------------------------
plain	jelly	coconut	honey-dip
11881				
	12044			
11882				
11883				
	12045			
		11889		
			12078
11884				
			12079
		11890		
		11891		
			12080


---------------------------------
plain	jelly	coconut	honey-dip
			12206
			12207
		12036		
		12037		
		12038		
12027				
12028				
	12175			
	12176			
12029				
12030				
	12177	

---------------------------------
plain	jelly	coconut	honey-dip
		12200		
12209				
			12370
		12201		
			12371
			12372
12210				
12211				
	12337			
	12338			
12212				
12213	

---------------------------------
plain	jelly	coconut	honey-dip
	12446			
	12447			
12336				
			12504
		12322		
	12448			
12337				
		12323		
12338				
			12505
	12449			
12339	

---------------------------------
plain	jelly	coconut	honey-dip
12455				
12456				
			12655
	12563			
		12451		
	12564			
		12452		
	12565			
12457				
			12656
			12657
		12453	

---------------------------------
plain	jelly	coconut	honey-dip
12586				
		12605		
12587				
12588				
	12671			
		12606		
12589				
	12672			
			12778
	12673			
12590				
	12674	

---------------------------------
plain	jelly	coconut	honey-dip
	12846			
	12847			
			12916
			12917
	12848			
	12849			
	12850			
		12754		
			12918
			12919
	12851			
	12852	

---------------------------------
plain	jelly	coconut	honey-dip
		12872		
		12873		
	12933			
		12874		
12912				
		12875		
			13051
			13052
	12934			
12913				
	12935			
	12936	

---------------------------------
plain	jelly	coconut	honey-dip
13065				
13066				
	13091			
	13092			
		13034		
			13190
13067				
	13093			
13068				
		13035		
	13094			
13069	

---------------------------------
plain	jelly	coconut	honey-dip
13190				
	13222			
		13158		
13191				
			13326
	13223			
		13159		
	13224			
		13160		
	13225			
		13161		
			13327


---------------------------------
plain	jelly	coconut	honey-dip
			13523
13412				
			13524
13413				
			13525
			13526
		13356		
13414				
		13357		
			13527
13415				
		13358	

---------------------------------
plain	jelly	coconut	honey-dip
			13667
	13569			
			13668
13563				
			13669
		13477		
	13570			
13564				
	13571			
13565				
13566				
	13572	

---------------------------------
plain	jelly	coconut	honey-dip
13680				
		13581		
			13774
	13697			
13681				
13682				
	13698			
13683				
			13775
		13582		
13684				
			13776


---------------------------------
plain	jelly	coconut	honey-dip
13808				
			13909
	13819			
13809				
			13910
			13911
			13912
		13712		
	13820			
	13821			
		13713		
	13822	

---------------------------------
plain	jelly	coconut	honey-dip
		13838		
13926				
			14043
			14044
13927				
	13957			
		13839		
		13840		
		13841		
	13958			
			14045
	13959	

---------------------------------
plain	jelly	coconut	honey-dip
			14356
		14142		
	14242			
			14357
	14243			
14188				
	14244			
			14358
			14359
		14143		
			14360
		14144	

---------------------------------
plain	jelly	coconut	honey-dip
			14538
			14539
14363				
			14540
14364				
			14541
	14416			
	14417			
14365				
			14542
			14543
14366	

---------------------------------
plain	jelly	coconut	honey-dip
		14454		
14477				
14478				
		14455		
14479				
14480				
		14456		
	14527			
14481				
14482				
			14658
	14528	

---------------------------------
plain	jelly	coconut	honey-dip
	14654			
	14655			
	14656			
14603				
	14657			
		14613		
14604				
		14614		
	14658			
14605				
		14615		
			14786


---------------------------------
plain	jelly	coconut	honey-dip
	14807			
	14808			
			14945
14736				
			14946
14737				
		14756		
	14809			
		14757		
	14810			
14738				
		14758	

---------------------------------
plain	jelly	coconut	honey-dip
14922				
	14982			
14923				
	14983			
	14984			
14924				
			15110
14925				
			15111
			15112
		14938		
	14985	

---------------------------------
plain	jelly	coconut	honey-dip
15047				
		15060		
			15225
			15226
			15227
		15061		
	15100			
	15101			
			15228
	15102			
	15103			
15048	

---------------------------------
plain	jelly	coconut	honey-dip
	15205			
		15198		
		15199		
	15206			
	15207			
	15208			
15177				
	15209			
15178				
	15210			
	15211			
	15212	

---------------------------------
plain	jelly	coconut	honey-dip
		15323		
15310				
15311				
15312				
			15470
15313				
15314				
15315				
15316				
		15324		
	15349			
	15350	

---------------------------------
plain	jelly	coconut	honey-dip
			15596
	15484			
		15454		
15410				
			15597
		15455		
		15456		
15411				
			15598
			15599
	15485			
15412	

---------------------------------
plain	jelly	coconut	honey-dip
		15604		
			15732
15562				
15563				
		15605		
			15733
		15606		
		15607		
		15608		
			15734
			15735
15564	

---------------------------------
plain	jelly	coconut	honey-dip
15702				
	15754			
	15755			
15703				
15704				
			15870
	15756			
	15757			
			15871
15705				
			15872
		15758	

---------------------------------
plain	jelly	coconut	honey-dip
15822				
15823				
15824				
		15885		
	15881			
	15882			
		15886		
		15887		
		15888		
			15988
		15889		
		15890	

---------------------------------
plain	jelly	coconut	honey-dip
16046				
	16083			
	16084			
		16081		
	16085			
		16082		
			16182
	16086			
16047				
	16087			
		16083		
	16088	

---------------------------------
plain	jelly	coconut	honey-dip
16180				
16181				
16182				
			16303
	16221			
	16222			
		16216		
		16217		
			16304
16183				
	16223			
			16305


---------------------------------
plain	jelly	coconut	honey-dip
			16460
	16359			
	16360			
		16371		
16318				
		16372		
16319				
16320				
			16461
	16361			
16321				
		16373	

---------------------------------
plain	jelly	coconut	honey-dip
16454				
16455				
		16513		
			16580
		16514		
		16515		
16456				
			16581
	16525			
	16526			
		16516		
		16517	

---------------------------------
plain	jelly	coconut	honey-dip
		16656		
		16657		
		16658		
16596				
			16737
	16671			
	16672			
		16659		
	16673			
			16738
		16660		
		16661	

---------------------------------
plain	jelly	coconut	honey-dip
16785				
			16907
		16815		
	16849			
			16908
16786				
		16816		
			16909
		16817		
	16850			
		16818		
16787	

---------------------------------
plain	jelly	coconut	honey-dip
	16977			
		16957		
		16958		
		16959		
		16960		
			17046
		16961		
		16962		
		16963		
			17047
			17048
16952	

---------------------------------
plain	jelly	coconut	honey-dip
17111				
			17219
	17145			
			17220
			17221
			17222
		17165		
	17146			
			17223
		17166		
	17147			
		17167	

---------------------------------
plain	jelly	coconut	honey-dip
17296				
	17321			
			17389
			17390
			17391
	17322			
			17392
			17393
		17354		
		17355		
17297				
		17356	

---------------------------------
plain	jelly	coconut	honey-dip
			17576
	17528			
		17568		
17492				
	17529			
		17569		
	17530			
	17531			
			17577
			17578
	17532			
			17579


---------------------------------
plain	jelly	coconut	honey-dip
	17647			
17612				
			17688
			17689
17613				
			17690
	17648			
		17673		
		17674		
		17675		
			17691
			17692


---------------------------------
plain	jelly	coconut	honey-dip
17803				
	17817			
		17864		
		17865		
		17866		
		17867		
		17868		
			17868
	17818			
			17869
			17870
17804	

---------------------------------
plain	jelly	coconut	honey-dip
			17987
		18005		
17946				
	17954			
			17988
17947				
	17955			
		18006		
			17989
17948				
			17990
17949	

---------------------------------
plain	jelly	coconut	honey-dip
18070				
			18117
		18139		
		18140		
	18082			
	18083			
		18141		
18071				
	18084			
18072				
			18118
	18085	

---------------------------------
plain	jelly	coconut	honey-dip
			18290
		18313		
18261				
	18288			
			18291
	18289			
18262				
	18290			
			18292
		18314		
18263				
			18293


---------------------------------
plain	jelly	coconut	honey-dip
18393				
		18449		
18394				
			18427
18395				
	18411			
	18412			
18396				
		18450		
	18413			
			18428
		18451	

---------------------------------
plain	jelly	coconut	honey-dip
	18544			
			18556
	18545			
18553				
18554				
		18603		
		18604		
	18546			
		18605		
	18547			
			18557
18555	

---------------------------------
plain	jelly	coconut	honey-dip
		18743		
18668				
			18693
18669				
			18694
			18695
		18744		
			18696
			18697
	18668			
			18698
			18699


---------------------------------
plain	jelly	coconut	honey-dip
		18853		
			18833
	18799			
18815				
		18854		
	18800			
	18801			
	18802			
	18803			
18816				
		18855		
	18804	

---------------------------------
plain	jelly	coconut	honey-dip
			18949
			18950
		18994		
		18995		
			18951
18964				
	18945			
18965				
	18946			
			18952
	18947			
18966	

---------------------------------
plain	jelly	coconut	honey-dip
		19124		
19096				
	19075			
	19076			
19097				
		19125		
		19126		
	19077			
			19085
19098				
			19086
		19127	

---------------------------------
plain	jelly	coconut	honey-dip
	19211			
19244				
19245				
			19242
			19243
19246				
			19244
	19212			
		19271		
19247				
19248				
			19245


---------------------------------
plain	jelly	coconut	honey-dip
		19411		
			19373
19375				
	19325			
	19326			
		19412		
	19327			
		19413		
			19374
			19375
19376				
	19328	

---------------------------------
plain	jelly	coconut	honey-dip
	19501			
19572				
19573				
		19571		
	19502			
		19572		
			19572
			19573
		19573		
	19503			
			19574
	19504	

---------------------------------
plain	jelly	coconut	honey-dip
	19637			
		19708		
			19710
		19709		
19713				
19714				
			19711
19715				
		19710		
		19711		
			19712
			19713


---------------------------------
plain	jelly	coconut	honey-dip
	19781			
	19782			
19847				
	19783			
19848				
		19872		
		19873		
			19856
19849				
			19857
		19874		
	19784	

---------------------------------
plain	jelly	coconut	honey-dip
		20152		
		20153		
	20070			
			20170
		20154		
20128				
			20171
			20172
	20071			
			20173
		20155		
		20156	

---------------------------------
plain	jelly	coconut	honey-dip
	20234			
20281				
	20235			
		20312		
	20236			
20282				
		20313		
		20314		
	20237			
	20238			
		20315		
		20316	

---------------------------------
plain	jelly	coconut	honey-dip
			20451
		20477		
20429				
			20452
	20363			
			20453
			20454
			20455
			20456
20430				
		20478		
		20479	

---------------------------------
plain	jelly	coconut	honey-dip
20545				
	20502			
			20601
20546				
	20503			
			20602
20547				
			20603
		20612		
		20613		
			20604
	20504	

---------------------------------
plain	jelly	coconut	honey-dip
		20752		
			20728
	20634			
			20729
		20753		
	20635			
		20754		
	20636			
	20637			
			20730
			20731
	20638	

---------------------------------
plain	jelly	coconut	honey-dip
			20869
	20752			
20845				
20846				
20847				
20848				
	20753			
20849				
20850				
	20754			
	20755			
	20756	

---------------------------------
plain	jelly	coconut	honey-dip
		21075		
		21076		
		21077		
			21051
		21078		
21043				
21044				
21045				
21046				
	20915			
21047				
21048	

---------------------------------
plain	jelly	coconut	honey-dip
			21196
		21222		
	21071			
	21072			
		21223		
	21073			
21183				
		21224		
		21225		
21184				
	21074			
			21197


---------------------------------
plain	jelly	coconut	honey-dip
	21222			
	21223			
		21374		
		21375		
			21354
			21355
		21376		
	21224			
21322				
21323				
			21356
21324	

---------------------------------
plain	jelly	coconut	honey-dip
		21564		
	21397			
		21565		
21529				
	21398			
			21538
21530				
		21566		
21531				
		21567		
			21539
		21568	

---------------------------------
plain	jelly	coconut	honey-dip
		21717		
			21694
	21557			
21696				
			21695
21697				
	21558			
21698				
		21718		
	21559			
	21560			
		21719	

---------------------------------
plain	jelly	coconut	honey-dip
21838				
			21841
	21700			
	21701			
			21842
21839				
		21861		
	21702			
	21703			
		21862		
		21863		
21840	

---------------------------------
plain	jelly	coconut	honey-dip
			21967
21971				
			21968
		22003		
		22004		
			21969
			21970
	21839			
	21840			
			21971
21972				
21973	

---------------------------------
plain	jelly	coconut	honey-dip
	21968			
		22117		
		22118		
22092				
			22095
		22119		
		22120		
	21969			
22093				
		22121		
22094				
22095	

---------------------------------
plain	jelly	coconut	honey-dip
			22217
			22218
	22123			
		22287		
			22219
	22124			
			22220
	22125			
			22221
		22288		
			22222
		22289	

---------------------------------
plain	jelly	coconut	honey-dip
	22267			
22361				
		22440		
		22441		
			22344
			22345
22362				
		22442		
	22268			
	22269			
	22270			
			22346


---------------------------------
plain	jelly	coconut	honey-dip
			22511
	22418			
	22419			
22524				
		22583		
			22512
22525				
			22513
22526				
	22420			
			22514
		22584	

---------------------------------
plain	jelly	coconut	honey-dip
	22569			
22647				
		22709		
		22710		
	22570			
			22627
			22628
			22629
			22630
		22711		
22648				
22649	

---------------------------------
plain	jelly	coconut	honey-dip
22782				
			22777
	22723			
		22834		
		22835		
	22724			
	22725			
22783				
22784				
	22726			
			22778
	22727	

---------------------------------
plain	jelly	coconut	honey-dip
			22915
		22936		
22891				
	22842			
	22843			
		22937		
22892				
			22916
		22938		
			22917
			22918
22893	

---------------------------------
plain	jelly	coconut	honey-dip
	22975			
23037				
			23039
		23097		
			23040
23038				
23039				
			23041
			23042
	22976			
			23043
	22977	

---------------------------------
plain	jelly	coconut	honey-dip
23161				
		23212		
23162				
			23151
23163				
23164				
			23152
		23213		
		23214		
			23153
	23092			
			23154


---------------------------------
plain	jelly	coconut	honey-dip
23285				
	23249			
	23250			
23286				
			23296
23287				
		23362		
		23363		
			23297
	23251			
23288				
	23252	

---------------------------------
plain	jelly	coconut	honey-dip
		23497		
		23498		
			23404
23413				
		23499		
			23405
			23406
	23370			
23414				
	23371			
			23407
	23372	

---------------------------------
plain	jelly	coconut	honey-dip
	23471			
23520				
	23472			
	23473			
			23510
			23511
			23512
23521				
			23513
			23514
23522				
	23474	

---------------------------------
plain	jelly	coconut	honey-dip
			23609
	23581			
		23725		
	23582			
			23610
	23583			
23621				
		23726		
		23727		
23622				
	23584			
			23611


---------------------------------
plain	jelly	coconut	honey-dip
			23825
		23920		
			23826
			23827
	23754			
	23755			
	23756			
		23921		
	23757			
		23922		
	23758			
23817	

---------------------------------
plain	jelly	coconut	honey-dip
			23959
	23914			
		24076		
	23915			
23943				
23944				
			23960
		24077		
		24078		
	23916			
			23961
	23917	

---------------------------------
plain	jelly	coconut	honey-dip
	24085			
		24246		
	24086			
			24116
			24117
		24247		
	24087			
			24118
24105				
		24248		
	24088			
24106	

---------------------------------
plain	jelly	coconut	honey-dip
24335				
		24467		
			24315
	24323			
	24324			
	24325			
			24316
	24326			
	24327			
	24328			
	24329			
		24468	

---------------------------------
plain	jelly	coconut	honey-dip
	24489			
24523				
	24490			
			24468
	24491			
	24492			
			24469
	24493			
	24494			
		24656		
	24495			
		24657	

---------------------------------
plain	jelly	coconut	honey-dip
			24636
	24704			
24689				
	24705			
			24637
			24638
24690				
		24827		
24691				
	24706			
	24707			
			24639


---------------------------------
plain	jelly	coconut	honey-dip
	24879			
			24829
			24830
		24981		
	24880			
24911				
	24881			
	24882			
			24831
			24832
		24982		
24912	

---------------------------------
plain	jelly	coconut	honey-dip
			24954
			24955
25018				
	25011			
		25109		
		25110		
		25111		
	25012			
	25013			
25019				
	25014			
25020	

---------------------------------
plain	jelly	coconut	honey-dip
	25153			
25152				
25153				
			25101
	25154			
	25155			
		25250		
			25102
	25156			
		25251		
		25252		
	25157	

---------------------------------
plain	jelly	coconut	honey-dip
25294				
25295				
	25289			
	25290			
		25391		
25296				
		25392		
25297				
	25291			
	25292			
			25222
		25393	

---------------------------------
plain	jelly	coconut	honey-dip
		25553		
	25415			
			25358
		25554		
		25555		
25410				
		25556		
	25416			
		25557		
			25359
	25417			
	25418	

---------------------------------
plain	jelly	coconut	honey-dip
25569				
		25725		
			25542
		25726		
	25584			
			25543
		25727		
25570				
	25585			
			25544
		25728		
25571	

---------------------------------
plain	jelly	coconut	honey-dip
		25852		
25697				
	25718			
	25719			
		25853		
			25669
			25670
25698				
			25671
	25720			
	25721			
25699	

---------------------------------
plain	jelly	coconut	honey-dip
25821				
25822				
	25835			
			25806
		25990		
		25991		
25823				
		25992		
25824				
25825				
25826				
			25807


---------------------------------
plain	jelly	coconut	honey-dip
	25942			
		26114		
	25943			
		26115		
	25944			
	25945			
25949				
			25951
			25952
			25953
25950				
			25954


---------------------------------
plain	jelly	coconut	honey-dip
		26266		
			26059
	26084			
		26267		
		26268		
26075				
		26269		
		26270		
			26060
26076				
		26271		
			26061


---------------------------------
plain	jelly	coconut	honey-dip
	26168			
	26169			
			26173
26178				
		26373		
26179				
26180				
			26174
	26170			
			26175
		26374		
		26375	

---------------------------------
plain	jelly	coconut	honey-dip
			26293
26290				
		26484		
	26305			
	26306			
	26307			
	26308			
26291				
		26485		
			26294
	26309			
26292	

---------------------------------
plain	jelly	coconut	honey-dip
			26394
			26395
			26396
		26624		
	26420			
26402				
		26625		
26403				
			26397
		26626		
26404				
	26421	

---------------------------------
plain	jelly	coconut	honey-dip
	26576			
	26577			
26568				
	26578			
26569				
	26579			
	26580			
		26790		
26570				
		26791		
	26581			
		26792	

---------------------------------
plain	jelly	coconut	honey-dip
26684				
	26668			
		26880		
	26669			
	26670			
		26881		
		26882		
			26652
		26883		
		26884		
	26671			
			26653


---------------------------------
plain	jelly	coconut	honey-dip
	26800			
26804				
	26801			
			26779
			26780
			26781
		27017		
26805				
		27018		
			26782
26806				
		27019	

---------------------------------
plain	jelly	coconut	honey-dip
27039				
	27005			
		27250		
	27006			
			27006
			27007
	27007			
			27008
27040				
	27008			
		27251		
		27252	

---------------------------------
plain	jelly	coconut	honey-dip
27171				
	27120			
	27121			
			27127
			27128
27172				
			27129
27173				
27174				
	27122			
			27130
27175	

---------------------------------
plain	jelly	coconut	honey-dip
			27246
		27488		
	27232			
27306				
			27247
			27248
			27249
		27489		
			27250
			27251
		27490		
		27491	

---------------------------------
plain	jelly	coconut	honey-dip
27421				
	27327			
	27328			
27422				
27423				
			27348
	27329			
			27349
		27596		
		27597		
	27330			
			27350


---------------------------------
plain	jelly	coconut	honey-dip
		27791		
			27543
	27530			
			27544
27656				
		27792		
			27545
		27793		
	27531			
27657				
	27532			
			27546


---------------------------------
plain	jelly	coconut	honey-dip
			27659
27774				
		27871		
27775				
			27660
			27661
			27662
			27663
27776				
		27872		
		27873		
27777	

---------------------------------
plain	jelly	coconut	honey-dip
		27979		
			27748
			27749
27866				
27867				
			27750
27868				
27869				
			27751
	27767			
			27752
			27753


---------------------------------
plain	jelly	coconut	honey-dip
	27877			
27980				
		28091		
	27878			
			27868
27981				
		28092		
27982				
			27869
		28093		
	27879			
27983	

---------------------------------
plain	jelly	coconut	honey-dip
		28192		
	28002			
			27972
			27973
		28193		
	28003			
28070				
28071				
28072				
			27974
	28004			
	28005	

---------------------------------
plain	jelly	coconut	honey-dip
	28104			
			28069
28174				
	28105			
		28273		
			28070
	28106			
28175				
		28274		
	28107			
			28071
		28275	

---------------------------------
plain	jelly	coconut	honey-dip
			28208
	28201			
	28202			
		28398		
		28399		
	28203			
			28209
			28210
	28204			
28317				
	28205			
		28400	

---------------------------------
plain	jelly	coconut	honey-dip
		28499		
		28500		
		28501		
			28288
			28289
	28304			
	28305			
			28290
	28306			
			28291
	28307			
			28292


---------------------------------
plain	jelly	coconut	honey-dip
			28378
28530				
28531				
		28591		
			28379
			28380
			28381
	28393			
		28592		
		28593		
	28394			
			28382


---------------------------------
plain	jelly	coconut	honey-dip
	28478			
		28678		
	28479			
	28480			
28614				
	28481			
	28482			
28615				
	28483			
		28679		
	28484			
		28680	

---------------------------------
plain	jelly	coconut	honey-dip
			28537
			28538
	28554			
28711				
	28555			
		28762		
	28556			
	28557			
	28558			
		28763		
			28539
	28559	

---------------------------------
plain	jelly	coconut	honey-dip
	28678			
		28898		
		28899		
	28679			
	28680			
28856				
	28681			
		28900		
		28901		
28857				
			28672
	28682	

---------------------------------
plain	jelly	coconut	honey-dip
			28759
28931				
			28760
	28766			
			28761
28932				
	28767			
	28768			
28933				
			28762
28934				
	28769	

