---------------------------------
plain	jelly	coconut	honey-dip
			2078
	2063			
	2064			
		2039		
	2065			
2028				
			2079
	2066			
2029				
2030				
			2080
		2040	

---------------------------------
plain	jelly	coconut	honey-dip
	2388			
			2413
2363				
		2388		
2364				
2365				
2366				
		2389		
2367				
	2389			
	2390			
		2390	

---------------------------------
plain	jelly	coconut	honey-dip
			2533
2480				
			2534
			2535
			2536
2481				
		2508		
		2509		
			2537
	2523			
			2538
	2524	

---------------------------------
plain	jelly	coconut	honey-dip
		2615		
		2616		
2578				
		2617		
		2618		
2579				
	2629			
2580				
2581				
			2654
			2655
		2619	

---------------------------------
plain	jelly	coconut	honey-dip
	2746			
2716				
			2776
		2754		
		2755		
		2756		
		2757		
	2747			
	2748			
			2777
2717				
	2749	

---------------------------------
plain	jelly	coconut	honey-dip
			2923
2854				
2855				
		2880		
	2875			
	2876			
2856				
			2924
			2925
		2881		
		2882		
	2877	

---------------------------------
plain	jelly	coconut	honey-dip
3052				
			3096
			3097
	3039			
	3040			
			3098
			3099
		3065		
	3041			
	3042			
			3100
		3066	

---------------------------------
plain	jelly	coconut	honey-dip
		3158		
3169				
		3159		
	3143			
			3214
3170				
			3215
	3144			
		3160		
		3161		
3171				
		3162	

---------------------------------
plain	jelly	coconut	honey-dip
	3297			
3323				
3324				
			3364
3325				
			3365
	3298			
			3366
	3299			
		3288		
3326				
	3300	

---------------------------------
plain	jelly	coconut	honey-dip
3473				
3474				
		3477		
	3433			
		3478		
			3537
			3538
		3479		
		3480		
3475				
	3434			
		3481	

---------------------------------
plain	jelly	coconut	honey-dip
			3681
			3682
3608				
			3683
		3629		
		3630		
	3578			
	3579			
			3684
		3631		
		3632		
	3580	

---------------------------------
plain	jelly	coconut	honey-dip
		3777		
			3833
	3734			
			3834
	3735			
		3778		
	3736			
3728				
	3737			
	3738			
		3779		
3729	

---------------------------------
plain	jelly	coconut	honey-dip
			3972
		3885		
			3973
			3974
3859				
	3884			
			3975
3860				
3861				
			3976
	3885			
	3886	

---------------------------------
plain	jelly	coconut	honey-dip
	3985			
	3986			
		3989		
		3990		
3952				
			4070
		3991		
		3992		
	3987			
		3993		
		3994		
			4071


---------------------------------
plain	jelly	coconut	honey-dip
4190				
	4198			
	4199			
			4290
			4291
			4292
4191				
			4293
4192				
		4206		
4193				
4194	

---------------------------------
plain	jelly	coconut	honey-dip
	4389			
			4457
4370				
		4388		
			4458
		4389		
	4390			
	4391			
			4459
			4460
			4461
4371	

---------------------------------
plain	jelly	coconut	honey-dip
		4501		
			4589
4499				
4500				
	4519			
	4520			
4501				
	4521			
			4590
4502				
4503				
	4522	

---------------------------------
plain	jelly	coconut	honey-dip
			4727
		4656		
4637				
	4640			
	4641			
			4728
	4642			
		4657		
4638				
4639				
4640				
	4643	

---------------------------------
plain	jelly	coconut	honey-dip
		4702		
			4778
	4712			
		4703		
	4713			
			4779
			4780
4696				
			4781
		4704		
	4714			
	4715	

---------------------------------
plain	jelly	coconut	honey-dip
	4873			
			4909
			4910
		4819		
4863				
4864				
			4911
		4820		
	4874			
	4875			
			4912
4865	

---------------------------------
plain	jelly	coconut	honey-dip
			5023
	4995			
			5024
			5025
		4959		
	4996			
			5026
	4997			
			5027
		4960		
			5028
4979	

---------------------------------
plain	jelly	coconut	honey-dip
			5147
		5067		
5072				
		5068		
		5069		
5073				
	5102			
	5103			
		5070		
	5104			
		5071		
		5072	

---------------------------------
plain	jelly	coconut	honey-dip
	5297			
			5288
	5298			
		5242		
5233				
5234				
		5243		
		5244		
5235				
5236				
	5299			
	5300	

---------------------------------
plain	jelly	coconut	honey-dip
			5461
	5461			
5422				
		5412		
5423				
			5462
		5413		
5424				
	5462			
			5463
5425				
	5463	

---------------------------------
plain	jelly	coconut	honey-dip
			5556
		5514		
			5557
		5515		
5530				
			5558
			5559
	5588			
5531				
			5560
		5516		
		5517	

---------------------------------
plain	jelly	coconut	honey-dip
	5893			
5832				
5833				
5834				
		5825		
5835				
5836				
5837				
		5826		
	5894			
	5895			
			5850


---------------------------------
plain	jelly	coconut	honey-dip
			5987
		5950		
			5988
	6034			
		5951		
			5989
	6035			
		5952		
			5990
		5953		
			5991
		5954	

---------------------------------
plain	jelly	coconut	honey-dip
		6092		
6109				
6110				
		6093		
			6152
		6094		
			6153
	6199			
			6154
	6200			
6111				
		6095	

---------------------------------
plain	jelly	coconut	honey-dip
6250				
		6255		
			6305
		6256		
	6366			
6251				
6252				
		6257		
			6306
			6307
	6367			
			6308


---------------------------------
plain	jelly	coconut	honey-dip
			6455
	6523			
	6524			
		6400		
6386				
	6525			
	6526			
6387				
	6527			
	6528			
		6401		
		6402	

---------------------------------
plain	jelly	coconut	honey-dip
		6534		
		6535		
6529				
			6583
			6584
		6536		
		6537		
			6585
		6538		
6530				
		6539		
	6658	

---------------------------------
plain	jelly	coconut	honey-dip
	6802			
6708				
		6680		
	6803			
	6804			
		6681		
	6805			
		6682		
			6750
		6683		
	6806			
			6751


---------------------------------
plain	jelly	coconut	honey-dip
6884				
			6920
		6814		
	6946			
6885				
	6947			
		6815		
	6948			
			6921
	6949			
			6922
	6950	

---------------------------------
plain	jelly	coconut	honey-dip
	7050			
			7046
	7051			
7001				
7002				
			7047
		6923		
7003				
	7052			
	7053			
			7048
	7054	

---------------------------------
plain	jelly	coconut	honey-dip
			7173
7104				
		7036		
			7174
			7175
		7037		
	7175			
	7176			
	7177			
7105				
		7038		
			7176


---------------------------------
plain	jelly	coconut	honey-dip
	7376			
7277				
		7244		
			7371
			7372
	7377			
		7245		
		7246		
	7378			
		7247		
			7373
	7379	

---------------------------------
plain	jelly	coconut	honey-dip
		7441		
			7553
		7442		
			7554
			7555
7459				
7460				
	7571			
		7443		
			7556
7461				
	7572	

---------------------------------
plain	jelly	coconut	honey-dip
			7714
7596				
	7719			
		7583		
	7720			
	7721			
7597				
7598				
	7722			
7599				
			7715
7600	

---------------------------------
plain	jelly	coconut	honey-dip
			7844
	7838			
	7839			
		7695		
		7696		
7703				
		7697		
		7698		
	7840			
	7841			
		7699		
			7845


---------------------------------
plain	jelly	coconut	honey-dip
			8008
7866				
			8009
			8010
			8011
7867				
7868				
	7990			
			8012
7869				
	7991			
7870	

---------------------------------
plain	jelly	coconut	honey-dip
			8118
7978				
7979				
			8119
			8120
		7932		
	8096			
			8121
		7933		
7980				
			8122
	8097	

---------------------------------
plain	jelly	coconut	honey-dip
	8231			
8131				
8132				
			8258
			8259
			8260
			8261
			8262
			8263
		8068		
8133				
	8232	

---------------------------------
plain	jelly	coconut	honey-dip
	8370			
			8386
	8371			
	8372			
		8203		
			8387
	8373			
8245				
8246				
		8204		
			8388
	8374	

---------------------------------
plain	jelly	coconut	honey-dip
	8515			
	8516			
8373				
	8517			
			8507
8374				
8375				
8376				
	8518			
			8508
			8509
			8510


---------------------------------
plain	jelly	coconut	honey-dip
		8437		
		8438		
	8628			
			8626
	8629			
		8439		
	8630			
8497				
8498				
8499				
8500				
			8627


---------------------------------
plain	jelly	coconut	honey-dip
	8751			
	8752			
8647				
		8591		
		8592		
8648				
8649				
	8753			
8650				
		8593		
8651				
		8594	

---------------------------------
plain	jelly	coconut	honey-dip
	8902			
8775				
	8903			
		8746		
			8905
8776				
8777				
8778				
	8904			
			8906
		8747		
			8907


---------------------------------
plain	jelly	coconut	honey-dip
	9012			
			9024
	9013			
8886				
8887				
8888				
8889				
		8862		
			9025
	9014			
8890				
	9015	

---------------------------------
plain	jelly	coconut	honey-dip
			9160
9025				
			9161
			9162
			9163
9026				
9027				
		9004		
	9147			
9028				
	9148			
9029	

---------------------------------
plain	jelly	coconut	honey-dip
			9359
9223				
			9360
9224				
9225				
9226				
	9356			
9227				
	9357			
	9358			
9228				
9229	

---------------------------------
plain	jelly	coconut	honey-dip
	9472			
	9473			
	9474			
			9473
	9475			
			9474
			9475
			9476
	9476			
			9477
	9477			
			9478


---------------------------------
plain	jelly	coconut	honey-dip
			9638
	9637			
		9487		
9506				
9507				
9508				
	9638			
9509				
9510				
		9488		
9511				
			9639


---------------------------------
plain	jelly	coconut	honey-dip
9676				
			9783
			9784
	9789			
		9644		
		9645		
	9790			
		9646		
9677				
9678				
9679				
9680	

---------------------------------
plain	jelly	coconut	honey-dip
			9911
9802				
			9912
		9788		
		9789		
		9790		
	9931			
		9791		
9803				
	9932			
9804				
	9933	

---------------------------------
plain	jelly	coconut	honey-dip
			10067
			10068
9935				
9936				
			10069
9937				
			10070
			10071
			10072
		9936		
		9937		
		9938	

---------------------------------
plain	jelly	coconut	honey-dip
			10195
			10196
		10072		
10062				
			10197
		10073		
10063				
			10198
10064				
10065				
		10074		
			10199


---------------------------------
plain	jelly	coconut	honey-dip
	10372			
			10324
10181				
			10325
		10199		
	10373			
10182				
	10374			
10183				
			10326
		10200		
			10327


---------------------------------
plain	jelly	coconut	honey-dip
10307				
		10322		
			10465
		10323		
			10466
			10467
		10324		
10308				
		10325		
		10326		
	10510			
			10468


---------------------------------
plain	jelly	coconut	honey-dip
10461				
	10674			
		10476		
10462				
	10675			
		10477		
	10676			
		10478		
		10479		
10463				
	10677			
		10480	

---------------------------------
plain	jelly	coconut	honey-dip
10626				
10627				
10628				
10629				
	10841			
			10801
10630				
		10620		
		10621		
	10842			
		10622		
	10843	

---------------------------------
plain	jelly	coconut	honey-dip
		10770		
10766				
	10953			
		10771		
10767				
			10915
			10916
		10772		
		10773		
		10774		
	10954			
	10955	

---------------------------------
plain	jelly	coconut	honey-dip
		10929		
			11074
10921				
		10930		
		10931		
10922				
	11104			
10923				
			11075
			11076
	11105			
		10932	

---------------------------------
plain	jelly	coconut	honey-dip
	11253			
			11215
	11254			
			11216
			11217
	11255			
			11218
11044				
		11068		
			11219
		11069		
11045	

---------------------------------
plain	jelly	coconut	honey-dip
	11386			
	11387			
11167				
			11367
	11388			
		11200		
	11389			
11168				
		11201		
		11202		
			11368
11169	

---------------------------------
plain	jelly	coconut	honey-dip
			11557
		11391		
			11558
			11559
		11392		
		11393		
			11560
		11394		
11355				
			11561
		11395		
11356	

---------------------------------
plain	jelly	coconut	honey-dip
11497				
	11725			
	11726			
			11714
		11540		
		11541		
		11542		
		11543		
11498				
	11727			
11499				
11500	

---------------------------------
plain	jelly	coconut	honey-dip
	11857			
			11847
			11848
11668				
		11692		
11669				
		11693		
11670				
			11849
11671				
			11850
	11858	

---------------------------------
plain	jelly	coconut	honey-dip
		11857		
11853				
		11858		
	12012			
			12050
			12051
		11859		
11854				
11855				
	12013			
		11860		
	12014	

---------------------------------
plain	jelly	coconut	honey-dip
			12176
			12177
			12178
	12150			
		12002		
		12003		
			12179
		12004		
			12180
			12181
		12005		
		12006	

---------------------------------
plain	jelly	coconut	honey-dip
		12141		
12148				
	12290			
		12142		
	12291			
12149				
		12143		
		12144		
			12309
	12292			
		12145		
			12310


---------------------------------
plain	jelly	coconut	honey-dip
12307				
			12482
		12290		
12308				
	12421			
		12291		
12309				
12310				
			12483
	12422			
	12423			
12311	

---------------------------------
plain	jelly	coconut	honey-dip
			12624
	12531			
	12532			
	12533			
	12534			
12420				
			12625
12421				
	12535			
			12626
12422				
		12417	

---------------------------------
plain	jelly	coconut	honey-dip
12630				
12631				
			12800
12632				
12633				
		12632		
			12801
12634				
	12698			
			12802
12635				
			12803


---------------------------------
plain	jelly	coconut	honey-dip
			12967
12816				
12817				
		12796		
12818				
			12968
		12797		
			12969
		12798		
		12799		
		12800		
12819	

---------------------------------
plain	jelly	coconut	honey-dip
	13070			
13042				
	13071			
13043				
13044				
13045				
			13165
			13166
			13167
			13168
		13007		
	13072	

---------------------------------
plain	jelly	coconut	honey-dip
		13112		
			13262
	13164			
			13263
13142				
			13264
			13265
	13165			
13143				
		13113		
		13114		
			13266


---------------------------------
plain	jelly	coconut	honey-dip
13302				
			13417
	13329			
			13418
13303				
			13419
		13244		
	13330			
		13245		
		13246		
13304				
	13331	

---------------------------------
plain	jelly	coconut	honey-dip
			13566
13451				
	13487			
			13567
			13568
	13488			
13452				
	13489			
	13490			
			13569
			13570
		13388	

---------------------------------
plain	jelly	coconut	honey-dip
			13672
			13673
13568				
		13480		
		13481		
	13580			
		13482		
	13581			
	13582			
13569				
			13674
			13675


---------------------------------
plain	jelly	coconut	honey-dip
13707				
			13801
13708				
		13609		
13709				
	13723			
	13724			
13710				
	13725			
			13802
13711				
			13803


---------------------------------
plain	jelly	coconut	honey-dip
	13854			
	13855			
	13856			
		13747		
13830				
			13937
			13938
			13939
	13857			
13831				
	13858			
			13940


---------------------------------
plain	jelly	coconut	honey-dip
	13982			
13947				
13948				
		13862		
		13863		
		13864		
		13865		
			14069
			14070
13949				
		13866		
13950	

---------------------------------
plain	jelly	coconut	honey-dip
			14233
			14234
14081				
14082				
			14235
14083				
		14030		
		14031		
		14032		
	14140			
			14236
		14033	

---------------------------------
plain	jelly	coconut	honey-dip
14216				
		14179		
			14383
		14180		
			14384
14217				
		14181		
			14385
		14182		
			14386
14218				
14219	

---------------------------------
plain	jelly	coconut	honey-dip
			14530
14359				
		14337		
			14531
	14410			
		14338		
		14339		
			14532
			14533
			14534
			14535
	14411	

---------------------------------
plain	jelly	coconut	honey-dip
	14540			
			14668
14499				
			14669
	14541			
14500				
14501				
14502				
	14542			
	14543			
	14544			
	14545	

---------------------------------
plain	jelly	coconut	honey-dip
			14781
14597				
		14606		
		14607		
	14648			
14598				
		14608		
14599				
	14649			
14600				
		14609		
14601	

---------------------------------
plain	jelly	coconut	honey-dip
		14750		
		14751		
		14752		
		14753		
	14804			
14734				
14735				
			14944
		14754		
	14805			
		14755		
	14806	

---------------------------------
plain	jelly	coconut	honey-dip
	14953			
		14916		
14901				
14902				
		14917		
			15086
			15087
		14918		
			15088
14903				
	14954			
	14955	

---------------------------------
plain	jelly	coconut	honey-dip
		15040		
	15080			
	15081			
	15082			
		15041		
	15083			
		15042		
	15084			
	15085			
15032				
15033				
		15043	

---------------------------------
plain	jelly	coconut	honey-dip
			15395
15242				
			15396
			15397
			15398
		15270		
15243				
	15293			
	15294			
			15399
		15271		
			15400


---------------------------------
plain	jelly	coconut	honey-dip
15372				
	15426			
		15401		
			15529
	15427			
	15428			
15373				
			15530
15374				
		15402		
			15531
		15403	

---------------------------------
plain	jelly	coconut	honey-dip
15496				
			15674
			15675
		15536		
			15676
			15677
	15562			
			15678
			15679
		15537		
			15680
15497	

---------------------------------
plain	jelly	coconut	honey-dip
15618				
	15669			
		15672		
			15789
		15673		
			15790
		15674		
15619				
			15791
		15675		
		15676		
		15677	

---------------------------------
plain	jelly	coconut	honey-dip
			15954
	15834			
		15846		
15786				
15787				
15788				
		15847		
		15848		
	15835			
		15849		
15789				
15790	

---------------------------------
plain	jelly	coconut	honey-dip
			16158
16014				
	16064			
	16065			
16015				
		16048		
16016				
		16049		
16017				
			16159
16018				
			16160


---------------------------------
plain	jelly	coconut	honey-dip
	16184			
		16190		
	16185			
			16275
		16191		
			16276
			16277
			16278
16151				
	16186			
			16279
16152	

---------------------------------
plain	jelly	coconut	honey-dip
		16313		
		16314		
			16408
		16315		
			16409
		16316		
	16309			
		16317		
		16318		
		16319		
16274				
16275	

---------------------------------
plain	jelly	coconut	honey-dip
		16540		
16471				
			16604
		16541		
16472				
			16605
		16542		
16473				
			16606
16474				
		16543		
16475	

---------------------------------
plain	jelly	coconut	honey-dip
		16671		
16611				
	16687			
16612				
16613				
		16672		
16614				
16615				
	16688			
	16689			
			16751
		16673	

---------------------------------
plain	jelly	coconut	honey-dip
	16867			
			16931
			16932
16829				
16830				
	16868			
		16837		
			16933
	16869			
16831				
			16934
		16838	

---------------------------------
plain	jelly	coconut	honey-dip
17019				
	17055			
17020				
			17117
		17053		
	17056			
		17054		
17021				
			17118
17022				
17023				
			17119


---------------------------------
plain	jelly	coconut	honey-dip
17141				
		17205		
	17182			
			17244
		17206		
17142				
17143				
	17183			
17144				
	17184			
	17185			
		17207	

---------------------------------
plain	jelly	coconut	honey-dip
17287				
			17378
			17379
17288				
		17346		
		17347		
17289				
17290				
			17380
			17381
	17313			
17291	

---------------------------------
plain	jelly	coconut	honey-dip
17403				
	17426			
17404				
		17493		
17405				
			17494
17406				
	17427			
		17494		
		17495		
17407				
	17428	

---------------------------------
plain	jelly	coconut	honey-dip
17529				
17530				
			17624
	17584			
		17607		
17531				
17532				
	17585			
			17625
	17586			
		17608		
17533	

---------------------------------
plain	jelly	coconut	honey-dip
			17758
	17694			
			17759
17666				
		17730		
		17731		
			17760
			17761
17667				
17668				
17669				
		17732	

---------------------------------
plain	jelly	coconut	honey-dip
		17873		
		17874		
17807				
		17875		
17808				
			17874
17809				
		17876		
	17822			
	17823			
17810				
17811	

---------------------------------
plain	jelly	coconut	honey-dip
	18031			
18021				
			18078
18022				
	18032			
		18086		
	18033			
		18087		
		18088		
			18079
18023				
18024	

---------------------------------
plain	jelly	coconut	honey-dip
18150				
	18174			
18151				
18152				
		18209		
		18210		
			18199
	18175			
18153				
	18176			
		18211		
		18212	

---------------------------------
plain	jelly	coconut	honey-dip
	18329			
			18333
		18356		
			18334
			18335
		18357		
			18336
			18337
			18338
	18330			
			18339
			18340


---------------------------------
plain	jelly	coconut	honey-dip
		18489		
			18469
		18490		
	18453			
		18491		
			18470
	18454			
		18492		
		18493		
	18455			
		18494		
		18495	

---------------------------------
plain	jelly	coconut	honey-dip
			18626
			18627
18614				
		18682		
18615				
			18628
18616				
18617				
	18622			
18618				
18619				
			18629


---------------------------------
plain	jelly	coconut	honey-dip
		18793		
18734				
18735				
		18794		
		18795		
18736				
			18755
		18796		
	18742			
			18756
			18757
18737	

---------------------------------
plain	jelly	coconut	honey-dip
			18900
		18938		
	18904			
		18939		
18906				
	18905			
			18901
		18940		
	18906			
			18902
18907				
	18907	

---------------------------------
plain	jelly	coconut	honey-dip
			19042
19053				
19054				
	19024			
19055				
	19025			
	19026			
		19081		
			19043
		19082		
		19083		
19056	

---------------------------------
plain	jelly	coconut	honey-dip
	19171			
			19182
			19183
		19213		
		19214		
19186				
		19215		
19187				
	19172			
		19216		
	19173			
		19217	

---------------------------------
plain	jelly	coconut	honey-dip
		19377		
			19351
19345				
19346				
		19378		
			19352
		19379		
		19380		
19347				
	19303			
19348				
	19304	

---------------------------------
plain	jelly	coconut	honey-dip
		19585		
	19516			
		19586		
	19517			
		19587		
19580				
			19583
			19584
19581				
			19585
19582				
		19588	

---------------------------------
plain	jelly	coconut	honey-dip
			19740
		19733		
19731				
	19660			
	19661			
19732				
			19741
19733				
			19742
			19743
	19662			
19734	

---------------------------------
plain	jelly	coconut	honey-dip
19850				
	19785			
		19875		
		19876		
	19786			
		19877		
	19787			
19851				
			19858
		19878		
		19879		
			19859


---------------------------------
plain	jelly	coconut	honey-dip
		20013		
			20004
	19905			
	19906			
19974				
19975				
	19907			
		20014		
		20015		
		20016		
	19908			
			20005


---------------------------------
plain	jelly	coconut	honey-dip
	20135			
20180				
		20212		
			20221
20181				
		20213		
		20214		
	20136			
	20137			
		20215		
	20138			
20182	

---------------------------------
plain	jelly	coconut	honey-dip
			20347
		20351		
			20348
		20352		
20320				
		20353		
		20354		
20321				
	20270			
			20349
		20355		
		20356	

---------------------------------
plain	jelly	coconut	honey-dip
			20499
			20500
		20522		
			20501
			20502
			20503
	20417			
	20418			
			20504
		20523		
			20505
			20506


---------------------------------
plain	jelly	coconut	honey-dip
20596				
			20647
			20648
	20548			
20597				
		20661		
			20649
20598				
	20549			
		20662		
		20663		
		20664	

---------------------------------
plain	jelly	coconut	honey-dip
20742				
			20791
	20681			
20743				
20744				
			20792
20745				
20746				
			20793
		20814		
20747				
20748	

---------------------------------
plain	jelly	coconut	honey-dip
20890				
		20930		
20891				
20892				
		20931		
		20932		
	20780			
	20781			
20893				
			20908
20894				
		20933	

---------------------------------
plain	jelly	coconut	honey-dip
		21079		
		21080		
		21081		
			21052
	20916			
	20917			
		21082		
	20918			
			21053
21049				
			21054
21050	

---------------------------------
plain	jelly	coconut	honey-dip
		21265		
21223				
21224				
		21266		
			21234
		21267		
			21235
	21106			
			21236
			21237
		21268		
21225	

---------------------------------
plain	jelly	coconut	honey-dip
		21410		
	21257			
	21258			
21366				
21367				
		21411		
21368				
21369				
	21259			
21370				
21371				
21372	

---------------------------------
plain	jelly	coconut	honey-dip
21498				
21499				
			21508
			21509
	21365			
	21366			
	21367			
			21510
	21368			
	21369			
		21537		
			21511


---------------------------------
plain	jelly	coconut	honey-dip
			21631
21631				
	21492			
			21632
21632				
	21493			
			21633
	21494			
			21634
	21495			
		21658		
21633	

---------------------------------
plain	jelly	coconut	honey-dip
			21758
			21759
	21620			
	21621			
			21760
		21777		
	21622			
			21761
	21623			
		21778		
21761				
21762	

---------------------------------
plain	jelly	coconut	honey-dip
		21913		
	21752			
		21914		
		21915		
		21916		
			21883
		21917		
21884				
			21884
		21918		
	21753			
21885	

---------------------------------
plain	jelly	coconut	honey-dip
	21964			
22090				
		22115		
			22091
	21965			
			22092
22091				
	21966			
		22116		
			22093
	21967			
			22094


---------------------------------
plain	jelly	coconut	honey-dip
		22257		
		22258		
22211				
22212				
		22259		
22213				
			22197
			22198
		22260		
		22261		
			22199
			22200


---------------------------------
plain	jelly	coconut	honey-dip
22363				
		22443		
22364				
22365				
			22347
		22444		
22366				
		22445		
22367				
		22446		
	22271			
	22272	

---------------------------------
plain	jelly	coconut	honey-dip
22518				
			22510
22519				
22520				
	22414			
	22415			
		22582		
22521				
22522				
	22416			
	22417			
22523	

---------------------------------
plain	jelly	coconut	honey-dip
22608				
	22525			
		22678		
	22526			
		22679		
			22597
			22598
22609				
22610				
22611				
22612				
	22527	

---------------------------------
plain	jelly	coconut	honey-dip
22834				
		22889		
22835				
	22778			
	22779			
22836				
		22890		
22837				
	22780			
		22891		
	22781			
22838	

---------------------------------
plain	jelly	coconut	honey-dip
22964				
	22903			
		23017		
	22904			
22965				
22966				
	22905			
		23018		
		23019		
		23020		
			22988
		23021	

---------------------------------
plain	jelly	coconut	honey-dip
	23063			
23125				
		23171		
23126				
		23172		
23127				
		23173		
	23064			
23128				
23129				
	23065			
			23113


---------------------------------
plain	jelly	coconut	honey-dip
	23206			
23253				
			23265
23254				
			23266
		23324		
23255				
	23207			
		23325		
	23208			
		23326		
	23209	

---------------------------------
plain	jelly	coconut	honey-dip
		23478		
	23351			
			23390
		23479		
	23352			
			23391
23393				
		23480		
		23481		
	23353			
	23354			
23394	

---------------------------------
plain	jelly	coconut	honey-dip
	23486			
23532				
		23617		
	23487			
	23488			
		23618		
	23489			
		23619		
23533				
		23620		
		23621		
	23490	

---------------------------------
plain	jelly	coconut	honey-dip
		23766		
	23629			
23682				
23683				
			23675
		23767		
		23768		
			23676
			23677
		23769		
			23678
23684	

---------------------------------
plain	jelly	coconut	honey-dip
	23751			
			23821
		23916		
	23752			
			23822
		23917		
			23823
		23918		
		23919		
23816				
			23824
	23753	

---------------------------------
plain	jelly	coconut	honey-dip
		24108		
		24109		
			23992
	23951			
		24110		
	23952			
23973				
		24111		
		24112		
	23953			
	23954			
23974	

---------------------------------
plain	jelly	coconut	honey-dip
	24098			
			24125
		24257		
		24258		
	24099			
		24259		
		24260		
	24100			
		24261		
		24262		
	24101			
		24263	

---------------------------------
plain	jelly	coconut	honey-dip
24309				
			24294
	24292			
24310				
	24293			
	24294			
			24295
	24295			
			24296
		24437		
24311				
	24296	

---------------------------------
plain	jelly	coconut	honey-dip
		24571		
		24572		
	24425			
24455				
			24409
24456				
24457				
	24426			
		24573		
	24427			
		24574		
			24410


---------------------------------
plain	jelly	coconut	honey-dip
		24749		
24611				
			24548
24612				
			24549
	24600			
	24601			
		24750		
			24550
24613				
		24751		
	24602	

---------------------------------
plain	jelly	coconut	honey-dip
	24797			
			24745
24807				
	24798			
24808				
24809				
		24915		
24810				
	24799			
24811				
	24800			
			24746


---------------------------------
plain	jelly	coconut	honey-dip
	24936			
24961				
	24937			
			24891
		25040		
			24892
		25041		
		25042		
	24938			
		25043		
			24893
		25044	

---------------------------------
plain	jelly	coconut	honey-dip
25083				
25084				
		25183		
	25089			
	25090			
	25091			
		25184		
		25185		
			25037
	25092			
			25038
25085	

---------------------------------
plain	jelly	coconut	honey-dip
	25234			
			25172
	25235			
25234				
			25173
25235				
25236				
			25174
	25236			
			25175
		25340		
			25176


---------------------------------
plain	jelly	coconut	honey-dip
			25380
		25586		
		25587		
			25381
	25442			
			25382
	25443			
	25444			
			25383
		25588		
25436				
			25384


---------------------------------
plain	jelly	coconut	honey-dip
			25547
		25737		
		25738		
		25739		
			25548
25581				
25582				
			25549
			25550
		25740		
			25551
	25591	

---------------------------------
plain	jelly	coconut	honey-dip
			25675
		25859		
		25860		
25702				
		25861		
			25676
	25724			
25703				
			25677
	25725			
	25726			
	25727	

---------------------------------
plain	jelly	coconut	honey-dip
	25858			
		26022		
		26023		
			25836
		26024		
25856				
			25837
			25838
25857				
			25839
		26025		
	25859	

---------------------------------
plain	jelly	coconut	honey-dip
25965				
			25979
25966				
		26137		
	25971			
			25980
			25981
	25972			
		26138		
	25973			
		26139		
	25974	

---------------------------------
plain	jelly	coconut	honey-dip
			26077
		26288		
		26289		
		26290		
		26291		
		26292		
	26096			
	26097			
		26293		
	26098			
	26099			
			26078


---------------------------------
plain	jelly	coconut	honey-dip
	26301			
	26302			
			26286
		26480		
26281				
26282				
26283				
			26287
			26288
		26481		
	26303			
26284	

---------------------------------
plain	jelly	coconut	honey-dip
			26391
	26418			
		26618		
		26619		
			26392
	26419			
		26620		
			26393
		26621		
		26622		
26401				
		26623	

---------------------------------
plain	jelly	coconut	honey-dip
		26784		
	26570			
26561				
			26549
	26571			
			26550
		26785		
		26786		
		26787		
	26572			
			26551
26562	

---------------------------------
plain	jelly	coconut	honey-dip
			26615
	26629			
		26841		
	26630			
26643				
			26616
			26617
			26618
	26631			
26644				
		26842		
			26619


---------------------------------
plain	jelly	coconut	honey-dip
			26733
			26734
	26752			
		26966		
			26735
	26753			
			26736
		26967		
	26754			
			26737
26757				
			26738


---------------------------------
plain	jelly	coconut	honey-dip
			26850
26860				
		27065		
			26851
			26852
		27066		
	26865			
	26866			
	26867			
			26853
26861				
		27067	

---------------------------------
plain	jelly	coconut	honey-dip
		27221		
			26982
27001				
	26988			
			26983
			26984
			26985
	26989			
		27222		
		27223		
		27224		
		27225	

---------------------------------
plain	jelly	coconut	honey-dip
27124				
		27333		
			27093
27125				
			27094
27126				
			27095
27127				
			27096
			27097
27128				
		27334	

---------------------------------
plain	jelly	coconut	honey-dip
27234				
	27172			
			27185
	27173			
		27429		
27235				
	27174			
		27430		
		27431		
	27175			
			27186
			27187


---------------------------------
plain	jelly	coconut	honey-dip
	27315			
27410				
27411				
		27582		
27412				
			27337
		27583		
			27338
		27584		
	27316			
		27585		
27413	

---------------------------------
plain	jelly	coconut	honey-dip
		27720		
			27465
		27721		
27571				
27572				
		27722		
	27452			
			27466
			27467
	27453			
		27723		
			27468


---------------------------------
plain	jelly	coconut	honey-dip
			27561
	27553			
	27554			
		27805		
27673				
		27806		
27674				
27675				
			27562
		27807		
	27555			
27676	

---------------------------------
plain	jelly	coconut	honey-dip
27791				
		27890		
	27674			
27792				
		27891		
	27675			
	27676			
27793				
27794				
27795				
	27677			
	27678	

---------------------------------
plain	jelly	coconut	honey-dip
	27803			
27894				
27895				
			27786
		28009		
27896				
		28010		
27897				
			27787
		28011		
	27804			
	27805	

---------------------------------
plain	jelly	coconut	honey-dip
			27888
	27898			
		28109		
		28110		
		28111		
	27899			
			27889
		28112		
			27890
		28113		
28005				
		28114	

---------------------------------
plain	jelly	coconut	honey-dip
			27992
28086				
		28208		
		28209		
	28022			
28087				
28088				
28089				
			27993
	28023			
	28024			
28090	

---------------------------------
plain	jelly	coconut	honey-dip
	28216			
		28405		
28326				
28327				
	28217			
28328				
28329				
			28213
28330				
28331				
			28214
			28215


---------------------------------
plain	jelly	coconut	honey-dip
	28285			
	28286			
	28287			
	28288			
28428				
28429				
	28289			
	28290			
	28291			
	28292			
28430				
		28485	

---------------------------------
plain	jelly	coconut	honey-dip
		28608		
			28393
			28394
28549				
			28395
	28414			
	28415			
	28416			
		28609		
28550				
		28610		
			28396


---------------------------------
plain	jelly	coconut	honey-dip
			28469
	28499			
		28699		
28633				
			28470
			28471
	28500			
28634				
28635				
		28700		
			28472
28636	

---------------------------------
plain	jelly	coconut	honey-dip
28692				
			28524
	28545			
28693				
28694				
28695				
28696				
		28755		
			28525
28697				
		28756		
			28526


---------------------------------
plain	jelly	coconut	honey-dip
		28994		
28928				
			28756
			28757
			28758
	28762			
28929				
	28763			
	28764			
		28995		
28930				
	28765	

---------------------------------
plain	jelly	coconut	honey-dip
			28902
			28903
	28892			
	28893			
			28904
29046				
		29128		
			28905
			28906
			28907
			28908
	28894	

---------------------------------
plain	jelly	coconut	honey-dip
29140				
	28964			
	28965			
29141				
29142				
29143				
	28966			
			29008
		29204		
		29205		
			29009
29144	

---------------------------------
plain	jelly	coconut	honey-dip
29200				
		29265		
29201				
	29036			
	29037			
29202				
	29038			
	29039			
	29040			
			29079
			29080
		29266	

---------------------------------
plain	jelly	coconut	honey-dip
		29321		
			29145
	29099			
		29322		
29255				
		29323		
	29100			
		29324		
		29325		
29256				
29257				
			29146


---------------------------------
plain	jelly	coconut	honey-dip
29335				
		29393		
			29210
	29146			
	29147			
			29211
		29394		
			29212
		29395		
			29213
	29148			
29336	

---------------------------------
plain	jelly	coconut	honey-dip
29412				
	29204			
		29452		
29413				
29414				
29415				
			29280
		29453		
		29454		
			29281
	29205			
		29455	

---------------------------------
plain	jelly	coconut	honey-dip
	29263			
	29264			
		29507		
29481				
29482				
	29265			
29483				
			29349
29484				
			29350
		29508		
	29266	

---------------------------------
plain	jelly	coconut	honey-dip
		29647		
			29481
29626				
29627				
	29386			
			29482
			29483
		29648		
			29484
			29485
		29649		
		29650	

---------------------------------
plain	jelly	coconut	honey-dip
	29499			
		29765		
	29500			
		29766		
	29501			
29735				
	29502			
		29767		
			29585
			29586
	29503			
			29587


---------------------------------
plain	jelly	coconut	honey-dip
29768				
29769				
	29548			
	29549			
			29636
		29800		
29770				
		29801		
	29550			
		29802		
29771				
29772	

---------------------------------
plain	jelly	coconut	honey-dip
	29581			
		29845		
	29582			
			29674
	29583			
29820				
		29846		
29821				
29822				
29823				
	29584			
		29847	

---------------------------------
plain	jelly	coconut	honey-dip
	29618			
		29870		
		29871		
		29872		
	29619			
	29620			
29851				
		29873		
	29621			
	29622			
29852				
29853	

---------------------------------
plain	jelly	coconut	honey-dip
			29731
29884				
			29732
		29898		
			29733
	29647			
		29899		
	29648			
	29649			
	29650			
29885				
		29900	

---------------------------------
plain	jelly	coconut	honey-dip
		29924		
		29925		
	29684			
	29685			
	29686			
		29926		
			29761
		29927		
	29687			
		29928		
			29762
			29763


---------------------------------
plain	jelly	coconut	honey-dip
	29717			
		29954		
	29718			
		29955		
			29794
29935				
29936				
29937				
	29719			
29938				
	29720			
			29795


