---------------------------------
plain	jelly	coconut	honey-dip
			664
675				
			665
676				
			666
	685			
	686			
677				
			667
	687			
			668
678	

---------------------------------
plain	jelly	coconut	honey-dip
	872			
			878
			879
			880
		885		
		886		
			881
			882
		887		
857				
		888		
			883


---------------------------------
plain	jelly	coconut	honey-dip
944				
945				
	946			
	947			
		969		
946				
		970		
		971		
947				
		972		
			969
		973	

---------------------------------
plain	jelly	coconut	honey-dip
		1072		
	1060			
1038				
	1061			
	1062			
1039				
			1066
	1063			
		1073		
			1067
1040				
	1064	

---------------------------------
plain	jelly	coconut	honey-dip
		1143		
		1144		
1113				
	1141			
		1145		
1114				
1115				
			1127
		1146		
1116				
			1128
1117	

---------------------------------
plain	jelly	coconut	honey-dip
	1226			
		1209		
		1210		
		1211		
1180				
	1227			
1181				
			1197
	1228			
	1229			
	1230			
		1212	

---------------------------------
plain	jelly	coconut	honey-dip
1274				
		1317		
1275				
1276				
1277				
	1331			
1278				
1279				
			1298
	1332			
	1333			
1280	

---------------------------------
plain	jelly	coconut	honey-dip
			1362
	1403			
1353				
		1402		
			1363
	1404			
	1405			
1354				
			1364
1355				
		1403		
	1406	

---------------------------------
plain	jelly	coconut	honey-dip
1422				
		1459		
	1465			
	1466			
			1438
		1460		
			1439
			1440
			1441
			1442
			1443
	1467	

---------------------------------
plain	jelly	coconut	honey-dip
			1528
			1529
	1541			
1489				
		1526		
	1542			
1490				
			1530
			1531
	1543			
1491				
			1532


---------------------------------
plain	jelly	coconut	honey-dip
	1679			
		1660		
		1661		
	1680			
1623				
	1681			
		1662		
1624				
			1662
	1682			
		1663		
	1683	

---------------------------------
plain	jelly	coconut	honey-dip
	1772			
		1755		
	1773			
	1774			
		1756		
		1757		
			1759
		1758		
			1760
			1761
	1775			
			1762


---------------------------------
plain	jelly	coconut	honey-dip
		1828		
1812				
	1843			
		1829		
	1844			
			1849
			1850
			1851
		1830		
1813				
			1852
			1853


---------------------------------
plain	jelly	coconut	honey-dip
1906				
1907				
		1922		
		1923		
	1942			
	1943			
1908				
			1958
			1959
			1960
	1944			
			1961


---------------------------------
plain	jelly	coconut	honey-dip
		2072		
2055				
	2095			
		2073		
			2106
2056				
			2107
		2074		
			2108
		2075		
	2096			
2057	

---------------------------------
plain	jelly	coconut	honey-dip
2149				
2150				
	2186			
	2187			
	2188			
			2205
			2206
		2172		
		2173		
			2207
		2174		
2151	

---------------------------------
plain	jelly	coconut	honey-dip
		2286		
			2313
			2314
			2315
2243				
2244				
		2287		
		2288		
		2289		
2245				
2246				
2247	

---------------------------------
plain	jelly	coconut	honey-dip
2419				
		2428		
		2429		
			2455
		2430		
	2442			
			2456
			2457
	2443			
		2431		
	2444			
	2445	

---------------------------------
plain	jelly	coconut	honey-dip
			2581
			2582
		2547		
	2567			
			2583
	2568			
			2584
	2569			
			2585
			2586
		2548		
	2570	

---------------------------------
plain	jelly	coconut	honey-dip
		2704		
	2712			
2669				
	2713			
		2705		
2670				
	2714			
		2706		
		2707		
	2715			
2671				
	2716	

---------------------------------
plain	jelly	coconut	honey-dip
		2839		
			2873
2804				
	2836			
			2874
			2875
	2837			
2805				
			2876
			2877
		2840		
		2841	

---------------------------------
plain	jelly	coconut	honey-dip
			3017
			3018
			3019
		2974		
			3020
2957				
		2975		
	2956			
			3021
		2976		
		2977		
2958	

---------------------------------
plain	jelly	coconut	honey-dip
		3106		
		3107		
3093				
		3108		
	3083			
	3084			
3094				
	3085			
			3150
3095				
3096				
			3151


---------------------------------
plain	jelly	coconut	honey-dip
3220				
	3189			
3221				
	3190			
	3191			
			3284
3222				
			3285
	3192			
			3286
			3287
	3193	

---------------------------------
plain	jelly	coconut	honey-dip
		3293		
			3370
		3294		
			3371
3328				
			3372
		3295		
3329				
			3373
		3296		
3330				
		3297	

---------------------------------
plain	jelly	coconut	honey-dip
3554				
			3620
	3519			
		3563		
	3520			
		3564		
		3565		
	3521			
		3566		
		3567		
		3568		
	3522	

---------------------------------
plain	jelly	coconut	honey-dip
	3678			
3684				
			3783
	3679			
			3784
		3723		
			3785
	3680			
3685				
			3786
			3787
		3724	

---------------------------------
plain	jelly	coconut	honey-dip
3807				
	3832			
			3922
	3833			
3808				
	3834			
	3835			
3809				
	3836			
	3837			
	3838			
3810	

---------------------------------
plain	jelly	coconut	honey-dip
	3944			
			4024
		3941		
3907				
		3942		
	3945			
			4025
			4026
3908				
		3943		
3909				
3910	

---------------------------------
plain	jelly	coconut	honey-dip
			4130
	4071			
4053				
			4131
		4066		
		4067		
4054				
4055				
	4072			
		4068		
	4073			
	4074	

---------------------------------
plain	jelly	coconut	honey-dip
	4172			
			4254
4169				
	4173			
		4181		
	4174			
			4255
4170				
		4182		
			4256
	4175			
		4183	

---------------------------------
plain	jelly	coconut	honey-dip
4284				
			4372
			4373
			4374
4285				
	4303			
		4309		
4286				
		4310		
			4375
4287				
		4311	

---------------------------------
plain	jelly	coconut	honey-dip
			4482
		4410		
		4411		
			4483
	4413			
4395				
4396				
		4412		
		4413		
			4484
	4414			
	4415	

---------------------------------
plain	jelly	coconut	honey-dip
4546				
		4547		
			4635
		4548		
4547				
			4636
			4637
			4638
4548				
		4549		
		4550		
		4551	

---------------------------------
plain	jelly	coconut	honey-dip
4691				
4692				
			4774
	4709			
			4775
4693				
4694				
			4776
4695				
			4777
	4710			
	4711	

---------------------------------
plain	jelly	coconut	honey-dip
	4886			
		4830		
4874				
4875				
4876				
			4922
			4923
4877				
		4831		
4878				
	4887			
4879	

---------------------------------
plain	jelly	coconut	honey-dip
			5041
			5042
			5043
	5005			
	5006			
			5044
4987				
			5045
	5007			
4988				
			5046
			5047


---------------------------------
plain	jelly	coconut	honey-dip
5064				
5065				
	5095			
5066				
			5143
		5062		
			5144
5067				
	5096			
5068				
	5097			
		5063	

---------------------------------
plain	jelly	coconut	honey-dip
		5201		
5188				
			5251
		5202		
		5203		
			5252
	5252			
5189				
5190				
			5253
		5204		
			5254


---------------------------------
plain	jelly	coconut	honey-dip
	5372			
			5372
	5373			
			5373
	5374			
	5375			
			5374
		5324		
			5375
5316				
	5376			
5317	

---------------------------------
plain	jelly	coconut	honey-dip
		5394		
			5446
			5447
	5443			
	5444			
			5448
			5449
5401				
	5445			
	5446			
5402				
			5450


---------------------------------
plain	jelly	coconut	honey-dip
		5488		
5508				
		5489		
		5490		
		5491		
		5492		
			5531
5509				
		5493		
	5565			
	5566			
	5567	

---------------------------------
plain	jelly	coconut	honey-dip
			5740
		5728		
		5729		
		5730		
	5779			
		5731		
	5780			
5733				
5734				
		5732		
			5741
5735	

---------------------------------
plain	jelly	coconut	honey-dip
5864				
	5928			
		5854		
			5874
			5875
5865				
			5876
		5855		
			5877
	5929			
		5856		
	5930	

---------------------------------
plain	jelly	coconut	honey-dip
		5972		
	6053			
			6022
		5973		
5977				
	6054			
5978				
	6055			
			6023
5979				
	6056			
		5974	

---------------------------------
plain	jelly	coconut	honey-dip
		6100		
6118				
		6101		
			6163
		6102		
		6103		
			6164
	6207			
			6165
			6166
		6104		
		6105	

---------------------------------
plain	jelly	coconut	honey-dip
		6318		
		6319		
			6368
	6432			
6310				
6311				
6312				
	6433			
		6320		
			6369
	6434			
			6370


---------------------------------
plain	jelly	coconut	honey-dip
	6590			
			6518
		6467		
6453				
		6468		
			6519
6454				
6455				
		6469		
	6591			
		6470		
		6471	

---------------------------------
plain	jelly	coconut	honey-dip
			6701
6670				
6671				
6672				
		6642		
		6643		
			6702
	6771			
	6772			
		6644		
	6773			
		6645	

---------------------------------
plain	jelly	coconut	honey-dip
			6984
6949				
6950				
			6985
6951				
		6876		
		6877		
	6995			
			6986
			6987
			6988
	6996	

---------------------------------
plain	jelly	coconut	honey-dip
		6993		
		6994		
		6995		
		6996		
7062				
	7132			
			7133
7063				
			7134
			7135
		6997		
	7133	

---------------------------------
plain	jelly	coconut	honey-dip
	7277			
	7278			
		7144		
	7279			
	7280			
	7281			
7196				
			7291
		7145		
	7282			
			7292
		7146	

---------------------------------
plain	jelly	coconut	honey-dip
			7405
			7406
	7420			
		7293		
			7407
		7294		
			7408
	7421			
		7295		
		7296		
7318				
		7297	

---------------------------------
plain	jelly	coconut	honey-dip
	7586			
7467				
7468				
	7587			
		7453		
	7588			
7469				
			7566
			7567
7470				
	7589			
		7454	

---------------------------------
plain	jelly	coconut	honey-dip
	7771			
			7763
	7772			
		7628		
		7629		
			7764
			7765
			7766
7642				
	7773			
			7767
			7768


---------------------------------
plain	jelly	coconut	honey-dip
	7907			
		7747		
			7908
			7909
			7910
		7748		
	7908			
		7749		
	7909			
		7750		
7770				
		7751	

---------------------------------
plain	jelly	coconut	honey-dip
	8060			
			8079
			8080
7945				
		7896		
			8081
	8061			
		7897		
	8062			
			8082
			8083
7946	

---------------------------------
plain	jelly	coconut	honey-dip
			8255
		8063		
	8222			
	8223			
	8224			
		8064		
8124				
8125				
	8225			
	8226			
	8227			
			8256


---------------------------------
plain	jelly	coconut	honey-dip
			8393
			8394
	8383			
			8395
8252				
			8396
	8384			
		8212		
			8397
8253				
		8213		
		8214	

---------------------------------
plain	jelly	coconut	honey-dip
8393				
			8522
		8339		
			8523
	8526			
		8340		
			8524
	8527			
	8528			
			8525
	8529			
8394	

---------------------------------
plain	jelly	coconut	honey-dip
8855				
			8984
		8824		
	8989			
			8985
		8825		
		8826		
		8827		
	8990			
	8991			
		8828		
	8992	

---------------------------------
plain	jelly	coconut	honey-dip
		9033		
9065				
	9187			
	9188			
9066				
		9034		
		9035		
			9195
		9036		
		9037		
	9189			
	9190	

---------------------------------
plain	jelly	coconut	honey-dip
		9234		
9259				
	9390			
	9391			
			9389
	9392			
			9390
	9393			
	9394			
			9391
9260				
		9235	

---------------------------------
plain	jelly	coconut	honey-dip
		9380		
	9530			
		9381		
			9530
	9531			
9396				
	9532			
9397				
		9382		
9398				
		9383		
9399	

---------------------------------
plain	jelly	coconut	honey-dip
9539				
		9521		
		9522		
	9664			
			9664
		9523		
9540				
			9665
			9666
9541				
9542				
9543	

---------------------------------
plain	jelly	coconut	honey-dip
			9788
			9789
			9790
			9791
		9652		
9684				
9685				
			9792
			9793
		9653		
		9654		
			9794


---------------------------------
plain	jelly	coconut	honey-dip
			9913
			9914
	9934			
9805				
	9935			
			9915
			9916
			9917
9806				
			9918
			9919
	9936	

---------------------------------
plain	jelly	coconut	honey-dip
	10056			
		9898		
9903				
	10057			
9904				
			10031
9905				
		9899		
			10032
			10033
	10058			
			10034


---------------------------------
plain	jelly	coconut	honey-dip
	10187			
			10164
		10039		
			10165
		10040		
		10041		
10026				
	10188			
10027				
			10166
			10167
	10189	

---------------------------------
plain	jelly	coconut	honey-dip
			10302
	10329			
10146				
	10330			
			10303
		10167		
10147				
			10304
		10168		
		10169		
		10170		
10148	

---------------------------------
plain	jelly	coconut	honey-dip
	10486			
	10487			
		10294		
			10439
			10440
	10488			
		10295		
10277				
	10489			
			10441
			10442
10278	

---------------------------------
plain	jelly	coconut	honey-dip
		10423		
			10569
	10620			
	10621			
			10570
			10571
		10424		
		10425		
10412				
		10426		
10413				
		10427	

---------------------------------
plain	jelly	coconut	honey-dip
	10776			
			10738
		10560		
			10739
			10740
		10561		
10574				
			10741
			10742
	10777			
		10562		
		10563	

---------------------------------
plain	jelly	coconut	honey-dip
	10972			
			10935
10785				
		10796		
			10936
		10797		
			10937
10786				
	10973			
			10938
		10798		
10787	

---------------------------------
plain	jelly	coconut	honey-dip
	11099			
10918				
10919				
	11100			
			11072
		10927		
	11101			
		10928		
			11073
	11102			
10920				
	11103	

---------------------------------
plain	jelly	coconut	honey-dip
11022				
		11051		
11023				
			11190
	11233			
11024				
			11191
	11234			
			11192
		11052		
11025				
		11053	

---------------------------------
plain	jelly	coconut	honey-dip
		11192		
	11376			
	11377			
	11378			
	11379			
	11380			
	11381			
	11382			
11163				
		11193		
	11383			
	11384	

---------------------------------
plain	jelly	coconut	honey-dip
	11500			
		11324		
		11325		
		11326		
11291				
		11327		
			11497
	11501			
11292				
		11328		
11293				
			11498


---------------------------------
plain	jelly	coconut	honey-dip
			11650
		11472		
		11473		
		11474		
		11475		
			11651
			11652
			11653
		11476		
			11654
		11477		
	11675	

---------------------------------
plain	jelly	coconut	honey-dip
			11814
	11823			
11623				
	11824			
		11660		
	11825			
		11661		
	11826			
		11662		
11624				
			11815
		11663	

---------------------------------
plain	jelly	coconut	honey-dip
11796				
			11970
		11797		
			11971
	11957			
			11972
		11798		
			11973
		11799		
		11800		
		11801		
			11974


---------------------------------
plain	jelly	coconut	honey-dip
		11999		
	12145			
			12172
		12000		
			12173
	12146			
	12147			
	12148			
		12001		
			12174
	12149			
			12175


---------------------------------
plain	jelly	coconut	honey-dip
			12295
12137				
		12128		
		12129		
		12130		
		12131		
12138				
	12280			
			12296
			12297
		12132		
			12298


---------------------------------
plain	jelly	coconut	honey-dip
	12408			
12283				
12284				
12285				
	12409			
	12410			
12286				
		12271		
			12454
12287				
		12272		
		12273	

---------------------------------
plain	jelly	coconut	honey-dip
	12569			
			12672
			12673
	12570			
12463				
			12674
		12468		
12464				
	12571			
			12675
		12469		
12465	

---------------------------------
plain	jelly	coconut	honey-dip
	12675			
			12779
	12676			
			12780
		12607		
12591				
			12781
12592				
	12677			
	12678			
12593				
	12679	

---------------------------------
plain	jelly	coconut	honey-dip
12721				
		12692		
			12862
12722				
12723				
12724				
		12693		
			12863
	12773			
12725				
			12864
	12774	

---------------------------------
plain	jelly	coconut	honey-dip
			13006
		12835		
		12836		
			13007
		12837		
12862				
		12838		
12863				
		12839		
			13008
		12840		
	12909	

---------------------------------
plain	jelly	coconut	honey-dip
13052				
		13018		
13053				
13054				
13055				
		13019		
13056				
			13174
			13175
			13176
13057				
	13076	

---------------------------------
plain	jelly	coconut	honey-dip
			13287
	13185			
	13186			
		13130		
		13131		
	13187			
		13132		
	13188			
13162				
			13288
13163				
13164	

---------------------------------
plain	jelly	coconut	honey-dip
	13340			
	13341			
	13342			
13310				
		13249		
			13429
			13430
		13250		
	13343			
			13431
	13344			
	13345	

---------------------------------
plain	jelly	coconut	honey-dip
13446				
			13561
		13382		
	13479			
			13562
	13480			
		13383		
	13481			
		13384		
			13563
	13482			
		13385	

---------------------------------
plain	jelly	coconut	honey-dip
	13676			
		13565		
			13755
	13677			
			13756
	13678			
		13566		
13664				
		13567		
			13757
			13758
13665	

---------------------------------
plain	jelly	coconut	honey-dip
	13804			
	13805			
13790				
		13697		
		13698		
	13806			
			13885
13791				
			13886
13792				
	13807			
			13887


---------------------------------
plain	jelly	coconut	honey-dip
			14032
			14033
		13826		
13914				
	13944			
			14034
13915				
13916				
13917				
		13827		
			14035
	13945	

---------------------------------
plain	jelly	coconut	honey-dip
14035				
		13965		
			14177
		13966		
		13967		
	14079			
	14080			
		13968		
			14178
			14179
	14081			
		13969	

---------------------------------
plain	jelly	coconut	honey-dip
		14267		
14299				
		14268		
		14269		
		14270		
		14271		
14300				
		14272		
			14461
			14462
			14463
		14273	

---------------------------------
plain	jelly	coconut	honey-dip
		14442		
			14650
14469				
			14651
	14507			
		14443		
	14508			
	14509			
		14444		
	14510			
		14445		
		14446	

---------------------------------
plain	jelly	coconut	honey-dip
14609				
14610				
			14789
	14661			
			14790
14611				
		14621		
	14662			
	14663			
		14622		
	14664			
	14665	

---------------------------------
plain	jelly	coconut	honey-dip
	14788			
14719				
	14789			
	14790			
14720				
		14731		
		14732		
			14922
			14923
	14791			
			14924
			14925


---------------------------------
plain	jelly	coconut	honey-dip
14859				
		14874		
		14875		
14860				
		14876		
			15059
	14920			
	14921			
14861				
14862				
14863				
	14922	

---------------------------------
plain	jelly	coconut	honey-dip
			15170
			15171
			15172
14998				
			15173
	15044			
	15045			
		15004		
			15174
	15046			
			15175
	15047	

---------------------------------
plain	jelly	coconut	honey-dip
	15147			
15109				
		15125		
		15126		
		15127		
15110				
			15291
	15148			
			15292
	15149			
		15128		
15111	

---------------------------------
plain	jelly	coconut	honey-dip
15263				
		15284		
			15416
			15417
			15418
15264				
	15309			
	15310			
	15311			
			15419
15265				
		15285	

---------------------------------
plain	jelly	coconut	honey-dip
	15450			
	15451			
	15452			
	15453			
		15425		
			15558
		15426		
	15454			
		15427		
15391				
15392				
	15455	

---------------------------------
plain	jelly	coconut	honey-dip
	15568			
15504				
		15544		
15505				
15506				
15507				
15508				
			15688
15509				
15510				
15511				
		15545	

---------------------------------
plain	jelly	coconut	honey-dip
			15803
	15689			
	15690			
			15804
		15694		
	15691			
	15692			
			15805
		15695		
15634				
		15696		
	15693	

---------------------------------
plain	jelly	coconut	honey-dip
15774				
		15829		
	15820			
	15821			
			15937
			15938
15775				
		15830		
15776				
		15831		
			15939
	15822	

---------------------------------
plain	jelly	coconut	honey-dip
		16007		
			16108
15973				
		16008		
		16009		
			16109
			16110
	16016			
		16010		
			16111
	16017			
	16018	

---------------------------------
plain	jelly	coconut	honey-dip
	16162			
		16156		
			16249
16113				
		16157		
16114				
			16250
16115				
		16158		
16116				
		16159		
		16160	

---------------------------------
plain	jelly	coconut	honey-dip
	16337			
16294				
	16338			
		16344		
	16339			
16295				
		16345		
			16437
		16346		
	16340			
			16438
	16341	

---------------------------------
plain	jelly	coconut	honey-dip
	16506			
	16507			
		16491		
	16508			
16433				
	16509			
16434				
16435				
16436				
			16570
16437				
16438	

---------------------------------
plain	jelly	coconut	honey-dip
	16660			
	16661			
	16662			
	16663			
16587				
		16649		
16588				
16589				
			16728
16590				
			16729
		16650	

---------------------------------
plain	jelly	coconut	honey-dip
		16762		
16735				
		16763		
			16869
		16764		
			16870
	16798			
16736				
		16765		
	16799			
16737				
16738	

---------------------------------
plain	jelly	coconut	honey-dip
			17006
16902				
			17007
	16932			
	16933			
		16912		
	16934			
16903				
16904				
16905				
			17008
			17009


---------------------------------
plain	jelly	coconut	honey-dip
	17068			
	17069			
			17128
	17070			
	17071			
			17129
17033				
17034				
17035				
	17072			
	17073			
17036	

---------------------------------
plain	jelly	coconut	honey-dip
17132				
17133				
	17162			
			17238
	17163			
17134				
	17164			
	17165			
	17166			
17135				
	17167			
		17192	

---------------------------------
plain	jelly	coconut	honey-dip
	17273			
	17274			
			17343
			17344
		17308		
	17275			
		17309		
17244				
		17310		
17245				
			17345
			17346


---------------------------------
plain	jelly	coconut	honey-dip
17388				
17389				
	17407			
	17408			
			17472
			17473
		17465		
		17466		
			17474
		17467		
			17475
		17468	

---------------------------------
plain	jelly	coconut	honey-dip
		17703		
17647				
	17669			
	17670			
	17671			
17648				
			17721
17649				
			17722
			17723
17650				
		17704	

---------------------------------
plain	jelly	coconut	honey-dip
17774				
17775				
	17793			
		17831		
			17846
			17847
17776				
		17832		
			17848
	17794			
17777				
	17795	

---------------------------------
plain	jelly	coconut	honey-dip
			17949
		17977		
	17906			
		17978		
17892				
			17950
	17907			
	17908			
17893				
		17979		
17894				
			17951


---------------------------------
plain	jelly	coconut	honey-dip
18035				
	18043			
	18044			
			18086
	18045			
18036				
	18046			
18037				
18038				
18039				
	18047			
		18100	

---------------------------------
plain	jelly	coconut	honey-dip
18138				
		18194		
		18195		
	18156			
		18196		
			18184
	18157			
18139				
			18185
		18197		
		18198		
			18186


---------------------------------
plain	jelly	coconut	honey-dip
		18358		
			18341
18314				
18315				
18316				
			18342
		18359		
18317				
18318				
			18343
		18360		
		18361	

---------------------------------
plain	jelly	coconut	honey-dip
	18477			
	18478			
			18483
	18479			
18460				
		18512		
		18513		
18461				
	18480			
	18481			
	18482			
18462	

---------------------------------
plain	jelly	coconut	honey-dip
	18578			
	18579			
			18596
	18580			
18592				
			18597
	18581			
	18582			
	18583			
			18598
		18646		
		18647	

---------------------------------
plain	jelly	coconut	honey-dip
		18778		
		18779		
			18730
			18731
			18732
	18722			
		18780		
			18733
18710				
18711				
18712				
		18781	

---------------------------------
plain	jelly	coconut	honey-dip
			18875
		18914		
			18876
18875				
	18864			
18876				
	18865			
18877				
	18866			
	18867			
			18877
		18915	

---------------------------------
plain	jelly	coconut	honey-dip
		19049		
		19050		
		19051		
	18992			
	18993			
			18990
			18991
	18994			
		19052		
			18992
			18993
19025	

---------------------------------
plain	jelly	coconut	honey-dip
	19152			
19166				
		19190		
	19153			
		19191		
			19172
		19192		
		19193		
		19194		
			19173
19167				
		19195	

---------------------------------
plain	jelly	coconut	honey-dip
	19292			
19334				
		19370		
19335				
	19293			
19336				
19337				
		19371		
	19294			
		19372		
	19295			
			19344


---------------------------------
plain	jelly	coconut	honey-dip
			19496
			19497
		19505		
			19498
19480				
		19506		
		19507		
19481				
19482				
			19499
		19508		
			19500


---------------------------------
plain	jelly	coconut	honey-dip
			19639
	19564			
			19640
	19565			
19625				
		19628		
		19629		
		19630		
	19566			
19626				
19627				
19628	

---------------------------------
plain	jelly	coconut	honey-dip
	19699			
	19700			
			19778
19771				
19772				
			19779
		19784		
	19701			
		19785		
		19786		
19773				
		19787	

---------------------------------
plain	jelly	coconut	honey-dip
			19900
			19901
	19823			
		19924		
		19925		
			19902
	19824			
			19903
		19926		
		19927		
	19825			
19901	

---------------------------------
plain	jelly	coconut	honey-dip
	19973			
		20063		
	19974			
20033				
	19975			
20034				
20035				
	19976			
	19977			
	19978			
			20067
	19979	

---------------------------------
plain	jelly	coconut	honey-dip
	20099			
	20100			
	20101			
	20102			
		20183		
	20103			
	20104			
20152				
20153				
			20194
		20184		
			20195


---------------------------------
plain	jelly	coconut	honey-dip
		20317		
20283				
			20317
			20318
20284				
		20318		
		20319		
			20319
	20239			
20285				
20286				
20287	

---------------------------------
plain	jelly	coconut	honey-dip
	20346			
20409				
20410				
			20440
		20453		
20411				
	20347			
		20454		
		20455		
20412				
		20456		
			20441


---------------------------------
plain	jelly	coconut	honey-dip
			20595
			20596
			20597
		20606		
			20598
20539				
		20607		
		20608		
	20496			
		20609		
	20497			
20540	

---------------------------------
plain	jelly	coconut	honey-dip
	20731			
	20732			
20831				
	20733			
	20734			
20832				
20833				
	20735			
20834				
20835				
	20736			
20836	

---------------------------------
plain	jelly	coconut	honey-dip
			20973
	20845			
	20846			
	20847			
20959				
20960				
	20848			
		20995		
		20996		
	20849			
	20850			
20961	

---------------------------------
plain	jelly	coconut	honey-dip
21082				
21083				
	20962			
21084				
	20963			
21085				
			21089
		21119		
	20964			
21086				
	20965			
		21120	

---------------------------------
plain	jelly	coconut	honey-dip
21201				
		21244		
21202				
	21093			
			21218
21203				
			21219
		21245		
21204				
	21094			
	21095			
			21220


---------------------------------
plain	jelly	coconut	honey-dip
		21381		
		21382		
		21383		
		21384		
		21385		
			21358
	21229			
		21386		
		21387		
		21388		
			21359
			21360


---------------------------------
plain	jelly	coconut	honey-dip
21549				
			21557
21550				
	21416			
21551				
	21417			
			21558
		21578		
		21579		
	21418			
21552				
		21580	

---------------------------------
plain	jelly	coconut	honey-dip
		21707		
	21542			
			21684
	21543			
		21708		
21683				
21684				
21685				
		21709		
21686				
	21544			
21687	

---------------------------------
plain	jelly	coconut	honey-dip
			21832
	21685			
			21833
21832				
		21843		
		21844		
	21686			
		21845		
		21846		
		21847		
	21687			
	21688	

---------------------------------
plain	jelly	coconut	honey-dip
	21841			
		22005		
	21842			
		22006		
			21972
		22007		
		22008		
		22009		
21974				
	21843			
			21973
21975	

---------------------------------
plain	jelly	coconut	honey-dip
22122				
	22012			
22123				
22124				
		22157		
22125				
		22158		
			22113
		22159		
		22160		
22126				
		22161	

---------------------------------
plain	jelly	coconut	honey-dip
22318				
22319				
	22226			
		22393		
	22227			
			22307
	22228			
		22394		
	22229			
		22395		
			22308
		22396	

---------------------------------
plain	jelly	coconut	honey-dip
22489				
22490				
			22488
			22489
			22490
		22559		
22491				
			22491
		22560		
	22392			
	22393			
			22492


---------------------------------
plain	jelly	coconut	honey-dip
			22602
	22532			
		22684		
22614				
		22685		
			22603
22615				
			22604
22616				
	22533			
	22534			
	22535	

---------------------------------
plain	jelly	coconut	honey-dip
			22741
			22742
	22689			
22743				
22744				
	22690			
22745				
22746				
22747				
22748				
		22799		
		22800	

---------------------------------
plain	jelly	coconut	honey-dip
	22830			
			22904
			22905
			22906
	22831			
22883				
22884				
22885				
	22832			
			22907
			22908
		22931	

---------------------------------
plain	jelly	coconut	honey-dip
			23018
			23019
		23070		
	22954			
		23071		
			23020
			23021
			23022
			23023
	22955			
23010				
			23024


---------------------------------
plain	jelly	coconut	honey-dip
		23179		
			23126
		23180		
			23127
			23128
		23181		
	23075			
			23129
			23130
23140				
		23182		
			23131


---------------------------------
plain	jelly	coconut	honey-dip
			23276
	23222			
	23223			
	23224			
			23277
			23278
		23343		
	23225			
	23226			
			23279
		23344		
		23345	

---------------------------------
plain	jelly	coconut	honey-dip
	23393			
23431				
23432				
			23434
		23522		
			23435
			23436
		23523		
		23524		
23433				
23434				
23435	

---------------------------------
plain	jelly	coconut	honey-dip
		23639		
	23510			
23556				
		23640		
	23511			
	23512			
		23641		
23557				
		23642		
	23513			
			23543
	23514	

---------------------------------
plain	jelly	coconut	honey-dip
			23687
			23688
23699				
		23783		
	23643			
			23689
		23784		
23700				
		23785		
			23690
	23644			
	23645	

---------------------------------
plain	jelly	coconut	honey-dip
		23911		
		23912		
		23913		
			23819
	23748			
	23749			
		23914		
	23750			
23814				
		23915		
23815				
			23820


---------------------------------
plain	jelly	coconut	honey-dip
		24079		
			23962
23945				
	23918			
		24080		
23946				
			23963
			23964
			23965
	23919			
			23966
23947	

---------------------------------
plain	jelly	coconut	honey-dip
		24254		
		24255		
			24123
	24094			
	24095			
24117				
24118				
		24256		
	24096			
	24097			
			24124
24119	

---------------------------------
plain	jelly	coconut	honey-dip
			24261
	24251			
24256				
		24384		
	24252			
	24253			
24257				
	24254			
24258				
24259				
		24385		
		24386	

---------------------------------
plain	jelly	coconut	honey-dip
	24385			
	24386			
24413				
24414				
24415				
			24364
24416				
24417				
24418				
	24387			
			24365
		24530	

---------------------------------
plain	jelly	coconut	honey-dip
		24692		
			24497
			24498
	24528			
		24693		
	24529			
	24530			
		24694		
24551				
			24499
		24695		
	24531	

---------------------------------
plain	jelly	coconut	honey-dip
	24708			
		24828		
	24709			
		24829		
	24710			
		24830		
		24831		
24692				
	24711			
	24712			
			24640
	24713	

---------------------------------
plain	jelly	coconut	honey-dip
	24848			
			24794
24864				
	24849			
24865				
24866				
		24950		
			24795
	24850			
24867				
24868				
		24951	

---------------------------------
plain	jelly	coconut	honey-dip
		25095		
		25096		
		25097		
		25098		
25004				
	24994			
			24939
	24995			
	24996			
25005				
			24940
	24997	

---------------------------------
plain	jelly	coconut	honey-dip
		25238		
25138				
			25089
		25239		
	25143			
			25090
			25091
25139				
25140				
25141				
	25144			
			25092


---------------------------------
plain	jelly	coconut	honey-dip
	25315			
		25435		
			25253
25325				
	25316			
25326				
	25317			
		25436		
25327				
			25254
		25437		
		25438	

---------------------------------
plain	jelly	coconut	honey-dip
		25610		
			25416
	25463			
			25417
25475				
			25418
	25464			
	25465			
		25611		
		25612		
25476				
	25466	

---------------------------------
plain	jelly	coconut	honey-dip
		25813		
	25672			
	25673			
		25814		
			25628
			25629
	25674			
			25630
			25631
25655				
			25632
	25675	

---------------------------------
plain	jelly	coconut	honey-dip
			25760
		25935		
	25792			
	25793			
25773				
		25936		
		25937		
			25761
			25762
			25763
			25764
	25794	

---------------------------------
plain	jelly	coconut	honey-dip
		26073		
	25912			
			25891
			25892
			25893
25900				
			25894
25901				
		26074		
	25913			
25902				
			25895


---------------------------------
plain	jelly	coconut	honey-dip
			26017
		26205		
		26206		
26031				
		26207		
		26208		
	26039			
		26209		
			26018
	26040			
			26019
	26041	

---------------------------------
plain	jelly	coconut	honey-dip
		26341		
26135				
		26342		
	26140			
			26144
		26343		
		26344		
			26145
26136				
26137				
		26345		
26138	

---------------------------------
plain	jelly	coconut	honey-dip
			26224
			26225
		26425		
			26226
			26227
			26228
	26223			
			26229
26224				
			26230
		26426		
			26231


---------------------------------
plain	jelly	coconut	honey-dip
			26327
26334				
		26539		
			26328
26335				
			26329
	26352			
26336				
			26330
26337				
	26353			
			26331


---------------------------------
plain	jelly	coconut	honey-dip
		26676		
	26465			
26435				
26436				
	26466			
26437				
		26677		
		26678		
			26456
	26467			
			26457
			26458


---------------------------------
plain	jelly	coconut	honey-dip
	26522			
26518				
			26509
	26523			
	26524			
26519				
			26510
			26511
	26525			
	26526			
		26747		
			26512


---------------------------------
plain	jelly	coconut	honey-dip
26722				
			26696
		26923		
		26924		
		26925		
26723				
26724				
			26697
			26698
			26699
		26926		
26725	

---------------------------------
plain	jelly	coconut	honey-dip
	26793			
			26769
		27006		
		27007		
			26770
26796				
	26794			
			26771
		27008		
26797				
			26772
			26773


---------------------------------
plain	jelly	coconut	honey-dip
26895				
			26885
			26886
	26907			
26896				
	26908			
			26887
26897				
	26909			
		27109		
	26910			
		27110	

---------------------------------
plain	jelly	coconut	honey-dip
			26993
27015				
		27237		
27016				
27017				
27018				
27019				
27020				
27021				
			26994
			26995
27022	

---------------------------------
plain	jelly	coconut	honey-dip
			27143
			27144
27185				
27186				
27187				
			27145
27188				
27189				
			27146
			27147
	27127			
			27148


---------------------------------
plain	jelly	coconut	honey-dip
	27265			
	27266			
27356				
27357				
27358				
		27546		
27359				
27360				
		27547		
		27548		
27361				
	27267	

---------------------------------
plain	jelly	coconut	honey-dip
			27449
27547				
		27704		
			27450
			27451
27548				
27549				
27550				
		27705		
		27706		
			27452
	27436	

---------------------------------
plain	jelly	coconut	honey-dip
		27788		
27634				
			27529
			27530
			27531
27635				
27636				
27637				
			27532
	27521			
			27533
	27522	

---------------------------------
plain	jelly	coconut	honey-dip
	27636			
	27637			
		27860		
	27638			
27759				
27760				
	27639			
27761				
27762				
			27649
27763				
	27640	

---------------------------------
plain	jelly	coconut	honey-dip
	27780			
27872				
		27983		
		27984		
	27781			
	27782			
27873				
		27985		
	27783			
27874				
27875				
		27986	

---------------------------------
plain	jelly	coconut	honey-dip
28010				
			27893
		28118		
	27903			
		28119		
	27904			
28011				
	27905			
			27894
	27906			
			27895
28012	

---------------------------------
plain	jelly	coconut	honey-dip
28102				
		28214		
	28044			
			28008
	28045			
	28046			
		28215		
			28009
		28216		
28103				
28104				
	28047	

---------------------------------
plain	jelly	coconut	honey-dip
28197				
28198				
		28292		
28199				
			28095
		28293		
		28294		
			28096
	28132			
		28295		
		28296		
28200	

---------------------------------
plain	jelly	coconut	honey-dip
		28380		
28297				
28298				
	28190			
28299				
28300				
			28185
		28381		
		28382		
		28383		
		28384		
28301	

---------------------------------
plain	jelly	coconut	honey-dip
28401				
			28247
	28264			
28402				
		28452		
			28248
			28249
			28250
			28251
28403				
	28265			
			28252


---------------------------------
plain	jelly	coconut	honey-dip
		28554		
			28349
	28370			
			28350
			28351
			28352
28499				
	28371			
28500				
			28353
			28354
	28372	

---------------------------------
plain	jelly	coconut	honey-dip
		28655		
	28454			
		28656		
		28657		
			28439
		28658		
		28659		
	28455			
			28440
28596				
			28441
	28456	

