---------------------------------
plain	jelly	coconut	honey-dip
		28		
20				
	20			
	21			
			16
	22			
			17
		29		
			18
	23			
		30		
21	

---------------------------------
plain	jelly	coconut	honey-dip
	53			
		65		
			53
	54			
		66		
57				
	55			
	56			
			54
58				
		67		
		68	

---------------------------------
plain	jelly	coconut	honey-dip
	94			
			77
	95			
89				
90				
			78
		100		
		101		
			79
	96			
			80
	97	

---------------------------------
plain	jelly	coconut	honey-dip
		134		
			108
	121			
	122			
		135		
129				
130				
	123			
		136		
			109
131				
			110


---------------------------------
plain	jelly	coconut	honey-dip
			142
	155			
			143
		170		
	156			
169				
170				
	157			
	158			
171				
			144
	159	

---------------------------------
plain	jelly	coconut	honey-dip
			174
219				
	194			
		205		
	195			
			175
			176
			177
			178
	196			
	197			
220	

---------------------------------
plain	jelly	coconut	honey-dip
			207
		241		
245				
	231			
246				
	232			
	233			
		242		
			208
	234			
		243		
		244	

---------------------------------
plain	jelly	coconut	honey-dip
		280		
	269			
278				
	270			
279				
		281		
			253
		282		
			254
280				
	271			
	272	

---------------------------------
plain	jelly	coconut	honey-dip
312				
		323		
	302			
		324		
	303			
		325		
313				
		326		
	304			
	305			
314				
315	

---------------------------------
plain	jelly	coconut	honey-dip
		355		
			331
	350			
	351			
	352			
356				
	353			
	354			
		356		
357				
358				
			332


---------------------------------
plain	jelly	coconut	honey-dip
			370
	378			
			371
			372
		389		
		390		
		391		
		392		
			373
		393		
		394		
		395	

---------------------------------
plain	jelly	coconut	honey-dip
	415			
			401
		422		
	416			
		423		
			402
		424		
	417			
	418			
			403
	419			
		425	

---------------------------------
plain	jelly	coconut	honey-dip
			429
			430
439				
			431
		454		
440				
441				
			432
		455		
			433
	442			
442	

---------------------------------
plain	jelly	coconut	honey-dip
		487		
			463
	479			
			464
491				
492				
493				
494				
	480			
495				
		488		
			465


---------------------------------
plain	jelly	coconut	honey-dip
533				
			516
			517
534				
			518
		537		
535				
			519
			520
536				
			521
	538	

---------------------------------
plain	jelly	coconut	honey-dip
626				
		626		
	620			
	621			
627				
	622			
			600
		627		
			601
			602
		628		
		629	

---------------------------------
plain	jelly	coconut	honey-dip
	688			
		688		
679				
			669
			670
	689			
	690			
	691			
680				
	692			
681				
		689	

---------------------------------
plain	jelly	coconut	honey-dip
			735
			736
			737
		751		
		752		
	749			
		753		
			738
			739
		754		
		755		
729	

---------------------------------
plain	jelly	coconut	honey-dip
			802
790				
			803
	804			
			804
	805			
791				
792				
			805
		832		
			806
793	

---------------------------------
plain	jelly	coconut	honey-dip
			851
	844			
		868		
845				
	845			
	846			
			852
		869		
	847			
846				
		870		
	848	

---------------------------------
plain	jelly	coconut	honey-dip
914				
	918			
915				
916				
917				
			930
918				
		934		
	919			
			931
			932
			933


---------------------------------
plain	jelly	coconut	honey-dip
973				
		1003		
974				
		1004		
	985			
			999
			1000
		1005		
			1001
975				
		1006		
		1007	

---------------------------------
plain	jelly	coconut	honey-dip
	1083			
			1076
		1084		
1053				
	1084			
		1085		
1054				
	1085			
1055				
1056				
			1077
1057	

---------------------------------
plain	jelly	coconut	honey-dip
	1161			
		1151		
			1135
	1162			
			1136
		1152		
	1163			
			1137
	1164			
	1165			
	1166			
		1153	

---------------------------------
plain	jelly	coconut	honey-dip
	1239			
	1240			
		1221		
	1241			
	1242			
1193				
1194				
1195				
		1222		
1196				
1197				
	1243	

---------------------------------
plain	jelly	coconut	honey-dip
1258				
1259				
	1315			
		1292		
1260				
		1293		
		1294		
1261				
	1316			
			1283
		1295		
			1284


---------------------------------
plain	jelly	coconut	honey-dip
1338				
	1388			
			1353
		1381		
			1354
1339				
1340				
	1389			
	1390			
1341				
		1382		
		1383	

---------------------------------
plain	jelly	coconut	honey-dip
1534				
			1565
	1573			
		1568		
	1574			
		1569		
1535				
	1575			
	1576			
			1566
		1570		
1536	

---------------------------------
plain	jelly	coconut	honey-dip
		1656		
			1659
	1676			
			1660
1621				
	1677			
	1678			
		1657		
		1658		
1622				
			1661
		1659	

---------------------------------
plain	jelly	coconut	honey-dip
1718				
	1767			
1719				
			1757
		1754		
	1768			
	1769			
1720				
	1770			
	1771			
1721				
			1758


---------------------------------
plain	jelly	coconut	honey-dip
		1817		
			1836
1800				
		1818		
	1831			
			1837
			1838
			1839
			1840
1801				
1802				
	1832	

---------------------------------
plain	jelly	coconut	honey-dip
		1906		
	1920			
	1921			
1889				
			1929
			1930
1890				
			1931
		1907		
1891				
		1908		
1892	

---------------------------------
plain	jelly	coconut	honey-dip
1986				
		1983		
	2018			
1987				
		1984		
1988				
		1985		
	2019			
	2020			
		1986		
			2041
		1987	

---------------------------------
plain	jelly	coconut	honey-dip
		2100		
			2138
			2139
			2140
		2101		
			2141
			2142
			2143
2086				
			2144
		2102		
			2145


---------------------------------
plain	jelly	coconut	honey-dip
2177				
			2239
	2221			
2178				
	2222			
		2207		
	2223			
2179				
			2240
	2224			
2180				
	2225	

---------------------------------
plain	jelly	coconut	honey-dip
	2334			
		2324		
		2325		
			2347
	2335			
			2348
2283				
	2336			
		2326		
2284				
		2327		
2285	

---------------------------------
plain	jelly	coconut	honey-dip
	2430			
		2423		
			2452
2415				
	2431			
		2424		
			2453
2416				
	2432			
		2425		
2417				
	2433	

---------------------------------
plain	jelly	coconut	honey-dip
			2575
			2576
		2542		
		2543		
		2544		
	2560			
2523				
			2577
	2561			
			2578
	2562			
2524	

---------------------------------
plain	jelly	coconut	honey-dip
			2698
			2699
	2676			
		2672		
2622				
		2673		
		2674		
	2677			
		2675		
2623				
		2676		
	2678	

---------------------------------
plain	jelly	coconut	honey-dip
		2794		
			2830
	2783			
			2831
	2784			
		2795		
2753				
		2796		
		2797		
			2832
	2785			
2754	

---------------------------------
plain	jelly	coconut	honey-dip
		2912		
		2913		
			2943
			2944
			2945
	2895			
		2914		
		2915		
			2946
2890				
	2896			
	2897	

---------------------------------
plain	jelly	coconut	honey-dip
	3029			
3042				
3043				
3044				
		3055		
	3030			
	3031			
	3032			
	3033			
		3056		
			3090
3045	

---------------------------------
plain	jelly	coconut	honey-dip
		3139		
		3140		
	3122			
	3123			
	3124			
	3125			
	3126			
3136				
			3191
3137				
3138				
3139	

---------------------------------
plain	jelly	coconut	honey-dip
		3256		
		3257		
		3258		
			3336
	3256			
3280				
3281				
			3337
3282				
			3338
		3259		
			3339


---------------------------------
plain	jelly	coconut	honey-dip
	3389			
	3390			
3420				
3421				
3422				
		3406		
		3407		
			3489
		3408		
		3409		
		3410		
			3490


---------------------------------
plain	jelly	coconut	honey-dip
3555				
		3569		
		3570		
3556				
	3523			
			3621
		3571		
			3622
		3572		
		3573		
	3524			
3557	

---------------------------------
plain	jelly	coconut	honey-dip
	3673			
	3674			
	3675			
			3778
	3676			
			3779
3682				
3683				
			3780
	3677			
			3781
			3782


---------------------------------
plain	jelly	coconut	honey-dip
			3901
3794				
	3817			
			3902
		3836		
			3903
	3818			
		3837		
3795				
	3819			
	3820			
		3838	

---------------------------------
plain	jelly	coconut	honey-dip
			4037
3925				
			4038
			4039
			4040
			4041
		3952		
		3953		
		3954		
	3962			
		3955		
		3956	

---------------------------------
plain	jelly	coconut	honey-dip
4092				
			4163
		4101		
	4108			
			4164
			4165
			4166
		4102		
4093				
4094				
	4109			
		4103	

---------------------------------
plain	jelly	coconut	honey-dip
	4217			
			4306
	4218			
	4219			
4210				
			4307
		4223		
			4308
		4224		
	4220			
		4225		
	4221	

---------------------------------
plain	jelly	coconut	honey-dip
		4471		
			4552
	4480			
			4553
	4481			
			4554
		4472		
			4555
	4482			
4461				
		4473		
			4556


---------------------------------
plain	jelly	coconut	honey-dip
		4658		
	4644			
		4659		
			4729
	4645			
	4646			
	4647			
		4660		
	4648			
4641				
		4661		
	4649	

---------------------------------
plain	jelly	coconut	honey-dip
4734				
4735				
4736				
			4804
			4805
4737				
			4806
4738				
		4726		
		4727		
4739				
4740	

---------------------------------
plain	jelly	coconut	honey-dip
		4861		
			4952
	4920			
		4862		
	4921			
		4863		
			4953
		4864		
4911				
		4865		
	4922			
4912	

---------------------------------
plain	jelly	coconut	honey-dip
	5066			
5047				
		5037		
	5067			
5048				
	5068			
5049				
	5069			
	5070			
5050				
			5118
			5119


---------------------------------
plain	jelly	coconut	honey-dip
			5219
5155				
		5167		
5156				
			5220
	5207			
5157				
	5208			
	5209			
		5168		
			5221
5158	

---------------------------------
plain	jelly	coconut	honey-dip
5258				
5259				
			5311
		5272		
	5315			
		5273		
5260				
	5316			
5261				
	5317			
			5312
	5318	

---------------------------------
plain	jelly	coconut	honey-dip
			5444
		5389		
			5445
	5439			
		5390		
		5391		
	5440			
5400				
	5441			
	5442			
		5392		
		5393	

---------------------------------
plain	jelly	coconut	honey-dip
		5598		
5603				
			5623
	5640			
	5641			
		5599		
5604				
5605				
5606				
			5624
		5600		
			5625


---------------------------------
plain	jelly	coconut	honey-dip
5710				
	5748			
5711				
	5749			
			5719
			5720
	5750			
			5721
		5707		
			5722
			5723
		5708	

---------------------------------
plain	jelly	coconut	honey-dip
			5833
			5834
			5835
	5868			
			5836
			5837
	5869			
	5870			
	5871			
			5838
	5872			
		5815	

---------------------------------
plain	jelly	coconut	honey-dip
			5941
	5996			
5915				
			5942
			5943
			5944
	5997			
	5998			
			5945
			5946
			5947
5916	

---------------------------------
plain	jelly	coconut	honey-dip
	6094			
			6054
6017				
6018				
	6095			
6019				
6020				
6021				
6022				
		6003		
			6055
	6096	

---------------------------------
plain	jelly	coconut	honey-dip
			6190
			6191
		6129		
	6237			
		6130		
	6238			
	6239			
			6192
			6193
		6131		
			6194
6140	

---------------------------------
plain	jelly	coconut	honey-dip
6263				
			6324
			6325
6264				
6265				
	6386			
			6326
			6327
		6275		
6266				
			6328
		6276	

---------------------------------
plain	jelly	coconut	honey-dip
			6456
	6529			
		6403		
	6530			
		6404		
6388				
	6531			
6389				
			6457
			6458
	6532			
			6459


---------------------------------
plain	jelly	coconut	honey-dip
	6681			
			6607
6559				
			6608
	6682			
	6683			
	6684			
			6609
			6610
6560				
	6685			
			6611


---------------------------------
plain	jelly	coconut	honey-dip
6701				
	6794			
		6666		
	6795			
			6731
			6732
		6667		
		6668		
	6796			
			6733
	6797			
			6734


---------------------------------
plain	jelly	coconut	honey-dip
6855				
	6923			
6856				
	6924			
			6899
	6925			
		6791		
			6900
6857				
6858				
	6926			
6859	

---------------------------------
plain	jelly	coconut	honey-dip
	7093			
		6957		
		6958		
	7094			
	7095			
	7096			
			7081
7033				
		6959		
	7097			
		6960		
		6961	

---------------------------------
plain	jelly	coconut	honey-dip
		7105		
7168				
		7106		
7169				
			7256
	7247			
	7248			
		7107		
		7108		
7170				
	7249			
		7109	

---------------------------------
plain	jelly	coconut	honey-dip
	7408			
7309				
	7409			
			7394
	7410			
		7277		
	7411			
7310				
		7278		
	7412			
			7395
	7413	

---------------------------------
plain	jelly	coconut	honey-dip
7435				
7436				
7437				
	7551			
7438				
7439				
	7552			
			7538
	7553			
			7539
			7540
			7541


---------------------------------
plain	jelly	coconut	honey-dip
	7664			
		7516		
			7644
	7665			
7536				
		7517		
7537				
	7666			
			7645
7538				
		7518		
	7667	

---------------------------------
plain	jelly	coconut	honey-dip
			7881
		7732		
			7882
7742				
	7881			
			7883
		7733		
7743				
			7884
		7734		
	7882			
7744	

---------------------------------
plain	jelly	coconut	honey-dip
7903				
		7861		
	8022			
7904				
7905				
			8038
7906				
	8023			
			8039
7907				
	8024			
7908	

---------------------------------
plain	jelly	coconut	honey-dip
			8152
			8153
			8154
			8155
		7962		
	8119			
	8120			
	8121			
			8156
			8157
8011				
8012	

---------------------------------
plain	jelly	coconut	honey-dip
		8060		
		8061		
8120				
	8220			
			8252
		8062		
	8221			
			8253
			8254
8121				
8122				
8123	

---------------------------------
plain	jelly	coconut	honey-dip
	8385			
	8386			
	8387			
	8388			
8254				
			8398
8255				
8256				
		8215		
		8216		
	8389			
	8390	

---------------------------------
plain	jelly	coconut	honey-dip
		8353		
8415				
		8354		
		8355		
8416				
			8544
8417				
8418				
	8552			
8419				
	8553			
8420	

---------------------------------
plain	jelly	coconut	honey-dip
		8492		
		8493		
8557				
			8676
	8679			
8558				
8559				
			8677
		8494		
8560				
8561				
		8495	

---------------------------------
plain	jelly	coconut	honey-dip
	8839			
	8840			
8712				
8713				
		8684		
8714				
8715				
	8841			
			8841
			8842
		8685		
8716	

---------------------------------
plain	jelly	coconut	honey-dip
		8786		
			8947
		8787		
8815				
	8960			
8816				
		8788		
		8789		
			8948
			8949
8817				
8818	

---------------------------------
plain	jelly	coconut	honey-dip
	9092			
8967				
8968				
	9093			
		8940		
	9094			
		8941		
	9095			
		8942		
8969				
		8943		
	9096	

---------------------------------
plain	jelly	coconut	honey-dip
	9233			
	9234			
9108				
9109				
9110				
9111				
			9248
9112				
	9235			
		9071		
		9072		
9113	

---------------------------------
plain	jelly	coconut	honey-dip
			9372
		9213		
	9370			
		9214		
		9215		
	9371			
		9216		
		9217		
9245				
		9218		
			9373
			9374


---------------------------------
plain	jelly	coconut	honey-dip
		9393		
9413				
	9545			
			9557
		9394		
		9395		
9414				
	9546			
	9547			
9415				
		9396		
		9397	

---------------------------------
plain	jelly	coconut	honey-dip
		9553		
		9554		
		9555		
	9705			
		9556		
		9557		
	9706			
9577				
			9697
		9558		
			9698
	9707	

---------------------------------
plain	jelly	coconut	honey-dip
			9856
			9857
	9858			
	9859			
			9858
9738				
			9859
	9860			
	9861			
	9862			
	9863			
		9716	

---------------------------------
plain	jelly	coconut	honey-dip
			9959
	9979			
			9960
			9961
	9980			
		9832		
		9833		
		9834		
	9981			
	9982			
			9962
9842	

---------------------------------
plain	jelly	coconut	honey-dip
			10104
9975				
			10105
9976				
	10126			
	10127			
	10128			
		9971		
			10106
		9972		
		9973		
	10129	

---------------------------------
plain	jelly	coconut	honey-dip
			10237
	10262			
			10238
	10263			
			10239
			10240
		10114		
			10241
			10242
10091				
10092				
	10264	

---------------------------------
plain	jelly	coconut	honey-dip
		10216		
			10342
			10343
		10217		
	10398			
	10399			
			10344
10204				
			10345
			10346
			10347
			10348


---------------------------------
plain	jelly	coconut	honey-dip
	10525			
	10526			
	10527			
	10528			
	10529			
	10530			
10325				
	10531			
			10490
	10532			
			10491
		10348	

---------------------------------
plain	jelly	coconut	honey-dip
10433				
			10602
		10455		
		10456		
			10603
			10604
	10642			
			10605
			10606
		10457		
	10643			
	10644	

---------------------------------
plain	jelly	coconut	honey-dip
		10570		
		10571		
10587				
	10787			
			10752
	10788			
	10789			
			10753
		10572		
10588				
10589				
			10754


---------------------------------
plain	jelly	coconut	honey-dip
		10799		
	10974			
10788				
			10939
		10800		
	10975			
		10801		
	10976			
	10977			
10789				
10790				
			10940


---------------------------------
plain	jelly	coconut	honey-dip
			11081
		10944		
10928				
	11111			
10929				
10930				
	11112			
		10945		
			11082
10931				
			11083
10932	

---------------------------------
plain	jelly	coconut	honey-dip
	11333			
			11303
		11142		
		11143		
	11334			
	11335			
			11304
11126				
11127				
		11144		
	11336			
	11337	

---------------------------------
plain	jelly	coconut	honey-dip
			11455
			11456
		11294		
11254				
11255				
			11457
		11295		
		11296		
		11297		
		11298		
			11458
11256	

---------------------------------
plain	jelly	coconut	honey-dip
	11631			
	11632			
			11616
			11617
	11633			
11407				
	11634			
11408				
11409				
11410				
		11438		
	11635	

---------------------------------
plain	jelly	coconut	honey-dip
		11560		
11518				
11519				
		11561		
	11741			
			11729
	11742			
	11743			
			11730
	11744			
		11562		
			11731


---------------------------------
plain	jelly	coconut	honey-dip
11734				
11735				
11736				
			11896
		11738		
	11900			
11737				
11738				
		11739		
11739				
		11740		
		11741	

---------------------------------
plain	jelly	coconut	honey-dip
11876				
	12035			
11877				
		11883		
11878				
	12036			
11879				
	12037			
	12038			
	12039			
	12040			
			12074


---------------------------------
plain	jelly	coconut	honey-dip
	12152			
	12153			
12001				
	12154			
		12009		
		12010		
		12011		
12002				
		12012		
		12013		
			12186
	12155	

---------------------------------
plain	jelly	coconut	honey-dip
	12332			
	12333			
	12334			
12205				
12206				
		12199		
			12368
12207				
12208				
			12369
	12335			
	12336	

---------------------------------
plain	jelly	coconut	honey-dip
		12307		
		12308		
	12438			
12325				
		12309		
12326				
12327				
			12490
		12310		
12328				
			12491
		12311	

---------------------------------
plain	jelly	coconut	honey-dip
			12681
		12476		
		12477		
		12478		
12472				
		12479		
		12480		
		12481		
12473				
	12579			
12474				
12475	

---------------------------------
plain	jelly	coconut	honey-dip
		12643		
			12816
	12715			
		12644		
12646				
		12645		
	12716			
	12717			
12647				
		12646		
12648				
			12817


---------------------------------
plain	jelly	coconut	honey-dip
12810				
		12787		
			12962
	12885			
		12788		
12811				
		12789		
12812				
			12963
	12886			
		12790		
		12791	

---------------------------------
plain	jelly	coconut	honey-dip
	13007			
12990				
		12942		
12991				
		12943		
	13008			
			13117
12992				
	13009			
		12944		
	13010			
		12945	

---------------------------------
plain	jelly	coconut	honey-dip
	13142			
		13094		
		13095		
			13248
	13143			
		13096		
		13097		
		13098		
13124				
	13144			
	13145			
	13146	

---------------------------------
plain	jelly	coconut	honey-dip
13305				
13306				
13307				
			13420
			13421
			13422
		13247		
		13248		
	13332			
			13423
			13424
	13333	

---------------------------------
plain	jelly	coconut	honey-dip
	13469			
	13470			
13440				
	13471			
13441				
13442				
		13372		
	13472			
			13551
			13552
		13373		
		13374	

---------------------------------
plain	jelly	coconut	honey-dip
		13504		
		13505		
		13506		
13592				
		13507		
			13695
	13605			
13593				
13594				
13595				
	13606			
			13696


---------------------------------
plain	jelly	coconut	honey-dip
	13756			
	13757			
		13640		
		13641		
13737				
13738				
13739				
			13839
			13840
		13642		
		13643		
			13841


---------------------------------
plain	jelly	coconut	honey-dip
			13996
13886				
	13904			
		13798		
		13799		
		13800		
			13997
			13998
	13905			
	13906			
	13907			
			13999


---------------------------------
plain	jelly	coconut	honey-dip
	14063			
			14159
	14064			
	14065			
			14160
		13945		
		13946		
14017				
	14066			
	14067			
		13947		
	14068	

---------------------------------
plain	jelly	coconut	honey-dip
			14293
			14294
		14094		
			14295
	14190			
		14095		
14147				
	14191			
		14096		
			14296
	14192			
			14297


---------------------------------
plain	jelly	coconut	honey-dip
		14227		
		14228		
			14431
	14319			
	14320			
14263				
		14229		
		14230		
			14432
	14321			
14264				
14265	

---------------------------------
plain	jelly	coconut	honey-dip
14472				
14473				
			14652
		14451		
	14517			
	14518			
		14452		
			14653
	14519			
			14654
14474				
	14520	

---------------------------------
plain	jelly	coconut	honey-dip
			14825
			14826
14638				
			14827
	14697			
	14698			
			14828
			14829
		14664		
		14665		
	14699			
	14700	

---------------------------------
plain	jelly	coconut	honey-dip
		14774		
			14959
		14775		
14752				
		14776		
		14777		
		14778		
		14779		
			14960
			14961
			14962
	14831	

---------------------------------
plain	jelly	coconut	honey-dip
			15124
14944				
		14955		
	15001			
			15125
	15002			
		14956		
	15003			
14945				
14946				
	15004			
	15005	

---------------------------------
plain	jelly	coconut	honey-dip
	15112			
		15087		
			15249
		15088		
			15250
15068				
15069				
	15113			
15070				
	15114			
	15115			
			15251


---------------------------------
plain	jelly	coconut	honey-dip
			15368
15204				
		15233		
			15369
	15239			
		15234		
			15370
15205				
15206				
		15235		
			15371
		15236	

---------------------------------
plain	jelly	coconut	honey-dip
			15509
	15407			
		15381		
			15510
		15382		
	15408			
			15511
	15409			
	15410			
	15411			
15359				
			15512


---------------------------------
plain	jelly	coconut	honey-dip
	15537			
15472				
		15508		
15473				
15474				
			15655
		15509		
	15538			
		15510		
	15539			
		15511		
	15540	

---------------------------------
plain	jelly	coconut	honey-dip
15616				
		15668		
		15669		
	15667			
15617				
			15785
			15786
		15670		
			15787
		15671		
	15668			
			15788


---------------------------------
plain	jelly	coconut	honey-dip
			15981
		15879		
	15876			
15816				
		15880		
			15982
		15881		
			15983
15817				
15818				
		15882		
			15984


---------------------------------
plain	jelly	coconut	honey-dip
	16019			
	16020			
	16021			
			16112
		16011		
			16113
	16022			
			16114
		16012		
			16115
	16023			
		16013	

---------------------------------
plain	jelly	coconut	honey-dip
		16145		
16102				
			16243
		16146		
			16244
	16154			
		16147		
	16155			
16103				
			16245
	16156			
16104	

---------------------------------
plain	jelly	coconut	honey-dip
		16277		
			16372
		16278		
			16373
16237				
	16274			
			16374
16238				
16239				
		16279		
			16375
		16280	

---------------------------------
plain	jelly	coconut	honey-dip
	16428			
16376				
			16517
		16427		
			16518
16377				
			16519
16378				
16379				
			16520
			16521
	16429	

---------------------------------
plain	jelly	coconut	honey-dip
	16552			
		16555		
		16556		
16483				
	16553			
	16554			
		16557		
16484				
			16614
		16558		
16485				
	16555	

---------------------------------
plain	jelly	coconut	honey-dip
16684				
16685				
			16824
			16825
			16826
			16827
16686				
16687				
	16755			
			16828
16688				
16689	

---------------------------------
plain	jelly	coconut	honey-dip
	16856			
		16830		
	16857			
			16921
16809				
		16831		
16810				
16811				
			16922
16812				
16813				
		16832	

---------------------------------
plain	jelly	coconut	honey-dip
	16993			
		16984		
16967				
	16994			
	16995			
16968				
			17060
		16985		
	16996			
16969				
	16997			
			17061


---------------------------------
plain	jelly	coconut	honey-dip
17122				
			17229
			17230
		17181		
			17231
17123				
17124				
	17156			
		17182		
17125				
		17183		
17126	

---------------------------------
plain	jelly	coconut	honey-dip
			17407
17312				
17313				
		17377		
17314				
17315				
		17378		
	17336			
	17337			
17316				
			17408
		17379	

---------------------------------
plain	jelly	coconut	honey-dip
		17520		
	17464			
17447				
		17521		
			17529
	17465			
	17466			
17448				
			17530
17449				
17450				
			17531


---------------------------------
plain	jelly	coconut	honey-dip
		17632		
17565				
			17649
			17650
	17606			
17566				
			17651
	17607			
	17608			
	17609			
17567				
17568	

---------------------------------
plain	jelly	coconut	honey-dip
17747				
	17766			
17748				
			17826
	17767			
		17797		
			17827
			17828
17749				
17750				
		17798		
	17768	

---------------------------------
plain	jelly	coconut	honey-dip
	18025			
			18075
			18076
			18077
		18085		
18019				
	18026			
	18027			
18020				
	18028			
	18029			
	18030	

---------------------------------
plain	jelly	coconut	honey-dip
			18180
18131				
18132				
		18190		
	18147			
	18148			
	18149			
	18150			
18133				
	18151			
			18181
		18191	

---------------------------------
plain	jelly	coconut	honey-dip
	18351			
18341				
18342				
	18352			
		18392		
		18393		
	18353			
			18368
	18354			
		18394		
			18369
			18370


---------------------------------
plain	jelly	coconut	honey-dip
			18493
			18494
			18495
			18496
			18497
	18494			
		18530		
18475				
		18531		
18476				
			18498
	18495	

---------------------------------
plain	jelly	coconut	honey-dip
	18603			
18604				
	18604			
	18605			
			18609
		18668		
		18669		
			18610
	18606			
		18670		
		18671		
18605	

---------------------------------
plain	jelly	coconut	honey-dip
18754				
		18805		
			18772
18755				
	18753			
			18773
18756				
	18754			
	18755			
		18806		
	18756			
	18757	

---------------------------------
plain	jelly	coconut	honey-dip
18904				
			18896
		18935		
		18936		
18905				
		18937		
			18897
	18901			
			18898
			18899
	18902			
	18903	

---------------------------------
plain	jelly	coconut	honey-dip
	19027			
19057				
		19084		
		19085		
19058				
	19028			
	19029			
		19086		
			19044
	19030			
	19031			
			19045


---------------------------------
plain	jelly	coconut	honey-dip
		19222		
19195				
19196				
			19193
19197				
	19178			
19198				
		19223		
			19194
			19195
	19179			
			19196


---------------------------------
plain	jelly	coconut	honey-dip
	19281			
			19330
		19360		
		19361		
			19331
	19282			
		19362		
19321				
			19332
19322				
			19333
			19334


---------------------------------
plain	jelly	coconut	honey-dip
			19477
			19478
	19411			
	19412			
		19494		
			19479
		19495		
		19496		
19474				
			19480
		19497		
19475	

---------------------------------
plain	jelly	coconut	honey-dip
	19541			
19609				
			19614
19610				
			19615
	19542			
			19616
	19543			
			19617
		19608		
19611				
			19618


---------------------------------
plain	jelly	coconut	honey-dip
			19744
	19663			
		19734		
		19735		
			19745
		19736		
19735				
		19737		
		19738		
		19739		
		19740		
	19664	

---------------------------------
plain	jelly	coconut	honey-dip
	19861			
			19947
			19948
			19949
		19968		
			19950
		19969		
		19970		
			19951
		19971		
			19952
	19862	

---------------------------------
plain	jelly	coconut	honey-dip
		20108		
	20020			
20079				
			20121
20080				
	20021			
			20122
		20109		
	20022			
	20023			
			20123
20081	

---------------------------------
plain	jelly	coconut	honey-dip
			20236
		20237		
	20162			
			20237
	20163			
	20164			
	20165			
	20166			
	20167			
		20238		
			20238
20209	

---------------------------------
plain	jelly	coconut	honey-dip
	20279			
20326				
20327				
	20280			
		20363		
20328				
			20356
		20364		
		20365		
20329				
20330				
		20366	

---------------------------------
plain	jelly	coconut	honey-dip
			20568
	20466			
20518				
	20467			
			20569
20519				
20520				
		20588		
			20570
			20571
20521				
	20468	

---------------------------------
plain	jelly	coconut	honey-dip
20641				
20642				
20643				
	20592			
20644				
20645				
20646				
			20690
		20709		
		20710		
	20593			
	20594	

---------------------------------
plain	jelly	coconut	honey-dip
		20833		
	20695			
	20696			
			20808
20776				
20777				
			20809
20778				
	20697			
		20834		
	20698			
	20699	

---------------------------------
plain	jelly	coconut	honey-dip
			20948
			20949
20937				
		20970		
	20821			
		20971		
		20972		
		20973		
		20974		
			20950
20938				
		20975	

---------------------------------
plain	jelly	coconut	honey-dip
	20984			
21103				
		21137		
	20985			
		21138		
	20986			
			21112
			21113
21104				
		21139		
	20987			
21105	

---------------------------------
plain	jelly	coconut	honey-dip
			21249
			21250
		21281		
	21120			
21238				
			21251
		21282		
		21283		
	21121			
21239				
	21122			
		21284	

---------------------------------
plain	jelly	coconut	honey-dip
			21467
		21498		
	21338			
21473				
21474				
		21499		
	21339			
			21468
	21340			
			21469
		21500		
		21501	

---------------------------------
plain	jelly	coconut	honey-dip
21617				
		21648		
			21618
			21619
			21620
			21621
21618				
	21481			
	21482			
21619				
			21622
			21623


---------------------------------
plain	jelly	coconut	honey-dip
		21773		
	21614			
		21774		
21754				
			21751
	21615			
	21616			
		21775		
21755				
21756				
	21617			
	21618	

---------------------------------
plain	jelly	coconut	honey-dip
		21919		
		21920		
21886				
	21754			
	21755			
	21756			
			21885
		21921		
			21886
			21887
	21757			
			21888


---------------------------------
plain	jelly	coconut	honey-dip
22022				
22023				
	21890			
		22057		
22024				
			22015
			22016
	21891			
			22017
			22018
		22058		
			22019


---------------------------------
plain	jelly	coconut	honey-dip
			22144
22157				
		22188		
	22047			
	22048			
22158				
	22049			
			22145
22159				
		22189		
			22146
			22147


---------------------------------
plain	jelly	coconut	honey-dip
		22383		
	22219			
		22384		
	22220			
		22385		
		22386		
	22221			
		22387		
	22222			
22313				
	22223			
			22305


---------------------------------
plain	jelly	coconut	honey-dip
	22362			
22464				
			22457
22465				
	22363			
		22537		
	22364			
			22458
		22538		
			22459
			22460
			22461


---------------------------------
plain	jelly	coconut	honey-dip
	22579			
		22720		
		22721		
			22642
	22580			
	22581			
			22643
	22582			
22659				
22660				
			22644
			22645


---------------------------------
plain	jelly	coconut	honey-dip
		22840		
		22841		
			22780
	22733			
22787				
22788				
22789				
			22781
22790				
22791				
	22734			
		22842	

---------------------------------
plain	jelly	coconut	honey-dip
		23098		
		23099		
23040				
23041				
23042				
	22978			
23043				
	22979			
23044				
	22980			
			23044
		23100	

---------------------------------
plain	jelly	coconut	honey-dip
		23239		
	23112			
	23113			
23180				
	23114			
		23240		
	23115			
23181				
			23169
			23170
23182				
		23241	

---------------------------------
plain	jelly	coconut	honey-dip
23314				
			23323
	23272			
23315				
23316				
	23273			
		23379		
			23324
	23274			
			23325
		23380		
		23381	

---------------------------------
plain	jelly	coconut	honey-dip
	23501			
			23534
23547				
		23630		
		23631		
	23502			
	23503			
		23632		
			23535
		23633		
			23536
			23537


---------------------------------
plain	jelly	coconut	honey-dip
			23684
		23775		
23694				
			23685
23695				
		23776		
		23777		
	23635			
		23778		
		23779		
	23636			
	23637	

---------------------------------
plain	jelly	coconut	honey-dip
			23870
	23819			
			23871
		23978		
		23979		
23865				
23866				
23867				
23868				
			23872
	23820			
			23873


---------------------------------
plain	jelly	coconut	honey-dip
23985				
23986				
23987				
23988				
23989				
		24119		
		24120		
		24121		
	23961			
	23962			
		24122		
		24123	

---------------------------------
plain	jelly	coconut	honey-dip
		24275		
	24117			
		24276		
24137				
24138				
	24118			
			24143
	24119			
			24144
			24145
		24277		
			24146


---------------------------------
plain	jelly	coconut	honey-dip
		24406		
		24407		
	24277			
24286				
			24279
			24280
		24408		
			24281
24287				
24288				
		24409		
			24282


---------------------------------
plain	jelly	coconut	honey-dip
24433				
		24543		
			24383
		24544		
			24384
			24385
24434				
			24386
		24545		
		24546		
	24405			
		24547	

---------------------------------
plain	jelly	coconut	honey-dip
24562				
			24513
			24514
	24544			
	24545			
			24515
	24546			
			24516
24563				
24564				
		24709		
24565	

---------------------------------
plain	jelly	coconut	honey-dip
24686				
	24695			
			24631
		24820		
	24696			
		24821		
		24822		
	24697			
	24698			
			24632
24687				
			24633


---------------------------------
plain	jelly	coconut	honey-dip
		25016		
			24861
24932				
24933				
	24911			
			24862
	24912			
24934				
		25017		
	24913			
		25018		
	24914	

---------------------------------
plain	jelly	coconut	honey-dip
	25054			
	25055			
		25150		
	25056			
25048				
			24996
			24997
	25057			
			24998
			24999
25049				
	25058	

---------------------------------
plain	jelly	coconut	honey-dip
25172				
	25179			
		25271		
	25180			
	25181			
25173				
			25118
25174				
	25182			
		25272		
		25273		
			25119


---------------------------------
plain	jelly	coconut	honey-dip
		25400		
		25401		
25302				
25303				
25304				
			25234
25305				
		25402		
		25403		
	25296			
			25235
	25297	

---------------------------------
plain	jelly	coconut	honey-dip
			25369
			25370
			25371
25432				
		25580		
25433				
	25439			
			25372
			25373
		25581		
		25582		
		25583	

---------------------------------
plain	jelly	coconut	honey-dip
	25598			
	25599			
			25555
	25600			
25591				
25592				
	25601			
	25602			
25593				
		25748		
25594				
		25749	

---------------------------------
plain	jelly	coconut	honey-dip
25733				
25734				
25735				
		25891		
	25754			
25736				
			25714
25737				
25738				
			25715
		25892		
			25716


---------------------------------
plain	jelly	coconut	honey-dip
			25842
25866				
		26034		
	25866			
	25867			
	25868			
			25843
		26035		
25867				
		26036		
			25844
		26037	

---------------------------------
plain	jelly	coconut	honey-dip
			25989
25981				
		26156		
		26157		
		26158		
25982				
		26159		
25983				
	25986			
	25987			
			25990
	25988	

---------------------------------
plain	jelly	coconut	honey-dip
			26096
26104				
	26115			
		26313		
			26097
26105				
	26116			
			26098
26106				
			26099
			26100
		26314	

---------------------------------
plain	jelly	coconut	honey-dip
		26439		
	26243			
	26244			
			26248
26238				
			26249
	26245			
26239				
			26250
			26251
26240				
		26440	

