---------------------------------
plain	jelly	coconut	honey-dip
	632			
			614
	633			
	634			
		641		
		642		
		643		
			615
		644		
			616
	635			
			617


---------------------------------
plain	jelly	coconut	honey-dip
			840
830				
			841
831				
	832			
			842
832				
		858		
			843
	833			
833				
	834	

---------------------------------
plain	jelly	coconut	honey-dip
	898			
		914		
			907
881				
		915		
		916		
		917		
882				
883				
			908
884				
		918	

---------------------------------
plain	jelly	coconut	honey-dip
		987		
		988		
	964			
964				
		989		
965				
			985
	965			
		990		
	966			
		991		
			986


---------------------------------
plain	jelly	coconut	honey-dip
		1067		
1037				
		1068		
	1056			
			1064
		1069		
	1057			
			1065
		1070		
	1058			
		1071		
	1059	

---------------------------------
plain	jelly	coconut	honey-dip
			1130
	1150			
		1148		
	1151			
	1152			
		1149		
	1153			
	1154			
			1131
	1155			
	1156			
1120	

---------------------------------
plain	jelly	coconut	honey-dip
		1205		
	1223			
1177				
		1206		
		1207		
		1208		
1178				
			1195
			1196
	1224			
1179				
	1225	

---------------------------------
plain	jelly	coconut	honey-dip
		1282		
1248				
	1308			
		1283		
1249				
	1309			
		1284		
			1274
			1275
		1285		
		1286		
1250	

---------------------------------
plain	jelly	coconut	honey-dip
			1339
			1340
	1373			
		1360		
	1374			
			1341
		1361		
			1342
1328				
		1362		
1329				
		1363	

---------------------------------
plain	jelly	coconut	honey-dip
1407				
1408				
			1429
		1456		
1409				
1410				
			1430
	1456			
1411				
1412				
1413				
		1457	

---------------------------------
plain	jelly	coconut	honey-dip
1492				
1493				
1494				
			1533
1495				
		1527		
		1528		
	1544			
1496				
1497				
			1534
		1529	

---------------------------------
plain	jelly	coconut	honey-dip
1611				
	1660			
1612				
	1661			
		1647		
			1646
1613				
		1648		
1614				
			1647
1615				
	1662	

---------------------------------
plain	jelly	coconut	honey-dip
		1728		
1699				
	1753			
	1754			
1700				
	1755			
		1729		
		1730		
	1756			
	1757			
			1732
1701	

---------------------------------
plain	jelly	coconut	honey-dip
1823				
1824				
	1848			
			1861
			1862
1825				
1826				
1827				
			1863
			1864
			1865
		1836	

---------------------------------
plain	jelly	coconut	honey-dip
			1981
1919				
			1982
	1953			
	1954			
		1935		
			1983
1920				
1921				
1922				
	1955			
		1936	

---------------------------------
plain	jelly	coconut	honey-dip
			2075
2023				
		2028		
2024				
		2029		
			2076
2025				
		2030		
			2077
	2058			
	2059			
2026	

---------------------------------
plain	jelly	coconut	honey-dip
	2144			
		2131		
			2161
2108				
		2132		
2109				
		2133		
	2145			
		2134		
		2135		
		2136		
2110	

---------------------------------
plain	jelly	coconut	honey-dip
2265				
		2307		
2266				
			2329
	2327			
		2308		
2267				
		2309		
2268				
2269				
		2310		
		2311	

---------------------------------
plain	jelly	coconut	honey-dip
	2426			
2410				
	2427			
		2421		
			2451
	2428			
2411				
	2429			
2412				
2413				
2414				
		2422	

---------------------------------
plain	jelly	coconut	honey-dip
			2560
	2551			
			2561
			2562
		2534		
			2563
2507				
	2552			
	2553			
		2535		
			2564
	2554	

---------------------------------
plain	jelly	coconut	honey-dip
			2676
	2652			
2598				
2599				
2600				
		2646		
2601				
	2653			
		2647		
			2677
	2654			
			2678


---------------------------------
plain	jelly	coconut	honey-dip
		2751		
		2752		
2712				
	2742			
		2753		
	2743			
2713				
			2775
2714				
	2744			
	2745			
2715	

---------------------------------
plain	jelly	coconut	honey-dip
2847				
2848				
		2873		
		2874		
			2919
			2920
2849				
			2921
		2875		
	2869			
	2870			
	2871	

---------------------------------
plain	jelly	coconut	honey-dip
			3047
		3006		
		3007		
2988				
			3048
			3049
	2983			
	2984			
2989				
			3050
			3051
			3052


---------------------------------
plain	jelly	coconut	honey-dip
	3095			
	3096			
		3126		
		3127		
	3097			
	3098			
			3167
			3168
	3099			
	3100			
		3128		
			3169


---------------------------------
plain	jelly	coconut	honey-dip
			3429
3365				
			3430
	3346			
3366				
		3348		
		3349		
			3431
	3347			
			3432
		3350		
	3348	

---------------------------------
plain	jelly	coconut	honey-dip
	3447			
		3489		
			3548
3484				
			3549
		3490		
		3491		
		3492		
			3550
3485				
		3493		
			3551


---------------------------------
plain	jelly	coconut	honey-dip
3617				
3618				
		3647		
		3648		
		3649		
		3650		
			3698
		3651		
	3594			
		3652		
			3699
			3700


---------------------------------
plain	jelly	coconut	honey-dip
		3817		
3770				
			3878
	3787			
	3788			
	3789			
	3790			
		3818		
	3791			
			3879
			3880
	3792	

---------------------------------
plain	jelly	coconut	honey-dip
3882				
3883				
	3916			
			3999
			4000
		3911		
	3917			
			4001
			4002
			4003
		3912		
			4004


---------------------------------
plain	jelly	coconut	honey-dip
	4043			
4022				
		4044		
	4044			
4023				
4024				
		4045		
4025				
	4045			
		4046		
	4046			
			4115


---------------------------------
plain	jelly	coconut	honey-dip
4146				
	4153			
			4221
4147				
		4148		
		4149		
4148				
			4222
		4150		
4149				
4150				
		4151	

---------------------------------
plain	jelly	coconut	honey-dip
		4282		
			4357
			4358
	4282			
		4283		
	4283			
			4359
			4360
4263				
	4284			
		4284		
			4361


---------------------------------
plain	jelly	coconut	honey-dip
	4452			
			4522
		4445		
	4453			
4437				
		4446		
			4523
	4454			
	4455			
			4524
	4456			
			4525


---------------------------------
plain	jelly	coconut	honey-dip
4564				
		4568		
		4569		
		4570		
			4658
		4571		
			4659
			4660
		4572		
			4661
			4662
	4570	

---------------------------------
plain	jelly	coconut	honey-dip
		4731		
			4807
	4750			
		4732		
		4733		
		4734		
4744				
4745				
4746				
		4735		
	4751			
		4736	

---------------------------------
plain	jelly	coconut	honey-dip
			4966
			4967
	4940			
4933				
	4941			
		4889		
4934				
			4968
			4969
	4942			
		4890		
		4891	

---------------------------------
plain	jelly	coconut	honey-dip
5037				
			5103
		5022		
	5058			
5038				
		5023		
	5059			
			5104
			5105
	5060			
5039				
			5106


---------------------------------
plain	jelly	coconut	honey-dip
5146				
5147				
		5153		
	5190			
5148				
		5154		
	5191			
			5211
		5155		
	5192			
5149				
			5212


---------------------------------
plain	jelly	coconut	honey-dip
5269				
			5322
			5323
			5324
			5325
		5279		
			5326
5270				
	5322			
			5327
	5323			
	5324	

---------------------------------
plain	jelly	coconut	honey-dip
	5428			
5389				
	5429			
5390				
	5430			
	5431			
5391				
			5437
5392				
	5432			
			5438
	5433	

---------------------------------
plain	jelly	coconut	honey-dip
		5487		
			5527
			5528
5505				
	5561			
5506				
			5529
			5530
	5562			
	5563			
	5564			
5507	

---------------------------------
plain	jelly	coconut	honey-dip
5631				
	5671			
		5623		
			5647
	5672			
	5673			
			5648
			5649
5632				
	5674			
5633				
			5650


---------------------------------
plain	jelly	coconut	honey-dip
			5742
		5733		
	5781			
		5734		
			5743
			5744
5736				
5737				
	5782			
5738				
			5745
5739	

---------------------------------
plain	jelly	coconut	honey-dip
5880				
	5950			
			5897
		5877		
	5951			
	5952			
		5878		
		5879		
			5898
		5880		
	5953			
5881	

---------------------------------
plain	jelly	coconut	honey-dip
	6087			
		5995		
		5996		
			6050
	6088			
	6089			
		5997		
6012				
		5998		
		5999		
		6000		
6013	

---------------------------------
plain	jelly	coconut	honey-dip
		6144		
6153				
6154				
			6205
		6145		
	6254			
	6255			
6155				
6156				
		6146		
			6206
		6147	

---------------------------------
plain	jelly	coconut	honey-dip
6294				
		6299		
	6402			
	6403			
			6349
	6404			
			6350
	6405			
6295				
	6406			
6296				
	6407	

---------------------------------
plain	jelly	coconut	honey-dip
6413				
6414				
		6423		
6415				
		6424		
		6425		
	6550			
	6551			
6416				
		6426		
6417				
6418	

---------------------------------
plain	jelly	coconut	honey-dip
	6774			
			6703
	6775			
6673				
6674				
6675				
6676				
		6646		
		6647		
	6776			
6677				
	6777	

---------------------------------
plain	jelly	coconut	honey-dip
6809				
		6760		
		6761		
6810				
6811				
			6854
		6762		
6812				
	6877			
		6763		
6813				
		6764	

---------------------------------
plain	jelly	coconut	honey-dip
		6908		
	7034			
6977				
6978				
	7035			
			7029
			7030
	7036			
		6909		
		6910		
			7031
6979	

---------------------------------
plain	jelly	coconut	honey-dip
7106				
			7177
	7178			
			7178
		7039		
	7179			
	7180			
	7181			
		7040		
	7182			
		7041		
7107	

---------------------------------
plain	jelly	coconut	honey-dip
		7186		
			7320
	7319			
	7320			
	7321			
			7321
7227				
		7187		
			7322
			7323
	7322			
			7324


---------------------------------
plain	jelly	coconut	honey-dip
	7445			
	7446			
	7447			
		7319		
7333				
	7448			
			7435
7334				
7335				
			7436
		7320		
7336	

---------------------------------
plain	jelly	coconut	honey-dip
7462				
			7557
	7573			
		7444		
	7574			
		7445		
			7558
		7446		
	7575			
		7447		
			7559
7463	

---------------------------------
plain	jelly	coconut	honey-dip
		7584		
			7716
			7717
7601				
7602				
	7723			
		7585		
			7718
7603				
		7586		
			7719
	7724	

---------------------------------
plain	jelly	coconut	honey-dip
7711				
7712				
7713				
			7858
7714				
7715				
7716				
	7854			
		7717		
		7718		
	7855			
7717	

---------------------------------
plain	jelly	coconut	honey-dip
	7967			
	7968			
		7810		
	7969			
			7986
7845				
	7970			
	7971			
		7811		
			7987
	7972			
	7973	

---------------------------------
plain	jelly	coconut	honey-dip
			8123
			8124
7981				
			8125
			8126
7982				
7983				
7984				
	8098			
	8099			
7985				
		7934	

---------------------------------
plain	jelly	coconut	honey-dip
8196				
			8339
		8147		
		8148		
		8149		
			8340
			8341
		8150		
			8342
		8151		
			8343
	8318	

---------------------------------
plain	jelly	coconut	honey-dip
	8486			
8350				
			8478
			8479
8351				
	8487			
	8488			
8352				
	8489			
8353				
			8480
		8298	

---------------------------------
plain	jelly	coconut	honey-dip
8460				
		8403		
	8593			
		8404		
8461				
	8594			
	8595			
	8596			
	8597			
		8405		
8462				
8463	

---------------------------------
plain	jelly	coconut	honey-dip
8599				
		8542		
8600				
		8543		
	8717			
		8544		
8601				
		8545		
		8546		
		8547		
	8718			
8602	

---------------------------------
plain	jelly	coconut	honey-dip
8755				
		8721		
			8888
	8880			
	8881			
	8882			
			8889
			8890
	8883			
			8891
	8884			
8756	

---------------------------------
plain	jelly	coconut	honey-dip
	9051			
			9060
8919				
8920				
	9052			
		8886		
			9061
		8887		
		8888		
		8889		
8921				
		8890	

---------------------------------
plain	jelly	coconut	honey-dip
	9194			
			9203
9068				
	9195			
			9204
			9205
		9039		
		9040		
		9041		
			9206
9069				
	9196	

---------------------------------
plain	jelly	coconut	honey-dip
	9320			
	9321			
9203				
			9339
	9322			
	9323			
9204				
	9324			
9205				
9206				
		9182		
		9183	

---------------------------------
plain	jelly	coconut	honey-dip
		9320		
9322				
			9470
9323				
		9321		
			9471
		9322		
			9472
		9323		
		9324		
9324				
9325	

---------------------------------
plain	jelly	coconut	honey-dip
9491				
			9625
9492				
	9616			
			9626
		9476		
			9627
			9628
		9477		
	9617			
		9478		
		9479	

---------------------------------
plain	jelly	coconut	honey-dip
9642				
			9750
			9751
	9756			
9643				
			9752
	9757			
9644				
			9753
		9612		
		9613		
		9614	

---------------------------------
plain	jelly	coconut	honey-dip
9762				
		9735		
9763				
	9888			
9764				
			9879
		9736		
		9737		
	9889			
	9890			
		9738		
			9880


---------------------------------
plain	jelly	coconut	honey-dip
	10031			
9880				
9881				
			10013
			10014
9882				
9883				
9884				
		9880		
9885				
	10032			
9886	

---------------------------------
plain	jelly	coconut	honey-dip
	10164			
	10165			
		10005		
		10006		
10003				
	10166			
			10136
	10167			
		10007		
			10137
	10168			
			10138


---------------------------------
plain	jelly	coconut	honey-dip
10256				
			10407
	10446			
10257				
	10447			
	10448			
			10408
		10267		
		10268		
		10269		
10258				
	10449	

---------------------------------
plain	jelly	coconut	honey-dip
		10399		
			10552
10382				
10383				
			10553
		10400		
		10401		
		10402		
	10595			
	10596			
	10597			
10384	

---------------------------------
plain	jelly	coconut	honey-dip
	10896			
		10721		
			10863
10696				
		10722		
	10897			
10697				
			10864
10698				
10699				
		10723		
10700	

---------------------------------
plain	jelly	coconut	honey-dip
10833				
10834				
	11022			
10835				
	11023			
		10848		
		10849		
		10850		
10836				
	11024			
10837				
			10977


---------------------------------
plain	jelly	coconut	honey-dip
10953				
10954				
			11125
10955				
		10984		
	11146			
	11147			
		10985		
			11126
			11127
10956				
			11128


---------------------------------
plain	jelly	coconut	honey-dip
11073				
	11276			
			11252
			11253
		11099		
			11254
	11277			
	11278			
11074				
		11100		
		11101		
		11102	

---------------------------------
plain	jelly	coconut	honey-dip
		11243		
		11244		
			11402
	11431			
11200				
			11403
		11245		
	11432			
11201				
		11246		
11202				
	11433	

---------------------------------
plain	jelly	coconut	honey-dip
	11593			
	11594			
11370				
			11575
	11595			
		11398		
		11399		
			11576
	11596			
		11400		
11371				
11372	

---------------------------------
plain	jelly	coconut	honey-dip
11487				
	11719			
11488				
			11704
			11705
		11530		
			11706
			11707
	11720			
11489				
		11531		
		11532	

---------------------------------
plain	jelly	coconut	honey-dip
11638				
	11834			
11639				
		11673		
		11674		
11640				
11641				
		11675		
	11835			
		11676		
	11836			
11642	

---------------------------------
plain	jelly	coconut	honey-dip
		11816		
	11969			
			11994
			11995
	11970			
	11971			
11813				
	11972			
11814				
11815				
	11973			
			11996


---------------------------------
plain	jelly	coconut	honey-dip
		11988		
	12142			
11990				
		11989		
		11990		
		11991		
11991				
		11992		
	12143			
		11993		
			12168
		11994	

---------------------------------
plain	jelly	coconut	honey-dip
12161				
		12155		
			12320
		12156		
			12321
12162				
			12322
	12300			
12163				
		12157		
		12158		
			12323


---------------------------------
plain	jelly	coconut	honey-dip
12314				
	12429			
12315				
12316				
	12430			
		12296		
12317				
			12485
12318				
		12297		
	12431			
		12298	

---------------------------------
plain	jelly	coconut	honey-dip
		12430		
		12431		
12440				
			12645
		12432		
		12433		
			12646
12441				
		12434		
12442				
		12435		
	12549	

---------------------------------
plain	jelly	coconut	honey-dip
			12784
		12613		
12598				
		12614		
		12615		
12599				
12600				
			12785
	12681			
			12786
		12616		
			12787


---------------------------------
plain	jelly	coconut	honey-dip
12774				
	12831			
			12902
		12733		
		12734		
		12735		
		12736		
12775				
12776				
		12737		
		12738		
			12903


---------------------------------
plain	jelly	coconut	honey-dip
12935				
		12894		
	12966			
	12967			
		12895		
		12896		
12936				
			13069
12937				
12938				
		12897		
		12898	

---------------------------------
plain	jelly	coconut	honey-dip
13151				
		13119		
			13272
13152				
	13174			
		13120		
			13273
			13274
			13275
			13276
	13175			
	13176	

---------------------------------
plain	jelly	coconut	honey-dip
13296				
13297				
			13412
13298				
			13413
	13321			
			13414
		13239		
			13415
		13240		
		13241		
	13322	

---------------------------------
plain	jelly	coconut	honey-dip
	13476			
13444				
	13477			
13445				
			13556
			13557
			13558
		13380		
			13559
		13381		
			13560
	13478	

---------------------------------
plain	jelly	coconut	honey-dip
13571				
			13678
		13487		
13572				
13573				
		13488		
			13679
		13489		
	13588			
	13589			
13574				
		13490	

---------------------------------
plain	jelly	coconut	honey-dip
	13836			
		13732		
		13733		
		13734		
		13735		
	13837			
	13838			
13825				
13826				
		13736		
		13737		
	13839	

---------------------------------
plain	jelly	coconut	honey-dip
13985				
			14120
	14022			
		13901		
	14023			
			14121
		13902		
		13903		
	14024			
	14025			
	14026			
		13904	

---------------------------------
plain	jelly	coconut	honey-dip
	14149			
14101				
			14252
14102				
		14054		
14103				
14104				
	14150			
	14151			
			14253
			14254
	14152	

---------------------------------
plain	jelly	coconut	honey-dip
		14171		
14212				
	14263			
	14264			
		14172		
14213				
		14173		
	14265			
		14174		
			14378
	14266			
		14175	

---------------------------------
plain	jelly	coconut	honey-dip
14406				
14407				
			14588
14408				
	14465			
	14466			
			14589
14409				
14410				
			14590
	14467			
			14591


---------------------------------
plain	jelly	coconut	honey-dip
			14697
		14514		
	14574			
		14515		
14523				
			14698
			14699
		14516		
			14700
		14517		
		14518		
		14519	

---------------------------------
plain	jelly	coconut	honey-dip
			14935
		14736		
		14737		
	14798			
		14738		
14727				
			14936
		14739		
			14937
			14938
			14939
		14740	

---------------------------------
plain	jelly	coconut	honey-dip
			15070
		14890		
14878				
			15071
14879				
	14934			
14880				
			15072
			15073
			15074
	14935			
	14936	

---------------------------------
plain	jelly	coconut	honey-dip
15002				
		15010		
	15049			
		15011		
15003				
			15179
			15180
	15050			
			15181
15004				
	15051			
			15182


---------------------------------
plain	jelly	coconut	honey-dip
15186				
	15220			
			15345
	15221			
		15209		
			15346
15187				
15188				
15189				
	15222			
			15347
			15348


---------------------------------
plain	jelly	coconut	honey-dip
	15361			
	15362			
15319				
	15363			
			15474
		15334		
		15335		
		15336		
			15475
			15476
		15337		
15320	

---------------------------------
plain	jelly	coconut	honey-dip
		15470		
	15499			
		15471		
			15615
		15472		
			15616
			15617
	15500			
			15618
		15473		
	15501			
15432	

---------------------------------
plain	jelly	coconut	honey-dip
	15620			
15580				
		15624		
		15625		
15581				
		15626		
	15621			
15582				
15583				
		15627		
		15628		
15584	

---------------------------------
plain	jelly	coconut	honey-dip
			15905
			15906
		15778		
15735				
			15907
15736				
	15774			
15737				
	15775			
	15776			
	15777			
			15908


---------------------------------
plain	jelly	coconut	honey-dip
15866				
	15911			
	15912			
			16020
15867				
	15913			
15868				
			16021
15869				
		15923		
15870				
	15914	

---------------------------------
plain	jelly	coconut	honey-dip
			16176
16042				
			16177
	16077			
			16178
		16073		
	16078			
	16079			
		16074		
			16179
		16075		
	16080	

---------------------------------
plain	jelly	coconut	honey-dip
		16202		
16163				
			16289
		16203		
16164				
		16204		
	16206			
			16290
		16205		
			16291
			16292
			16293


---------------------------------
plain	jelly	coconut	honey-dip
			16454
16308				
		16365		
		16366		
16309				
16310				
		16367		
16311				
16312				
			16455
			16456
16313	

---------------------------------
plain	jelly	coconut	honey-dip
16431				
16432				
	16504			
		16488		
	16505			
		16489		
		16490		
			16565
			16566
			16567
			16568
			16569


---------------------------------
plain	jelly	coconut	honey-dip
16565				
	16639			
		16631		
	16640			
			16705
	16641			
			16706
			16707
			16708
			16709
	16642			
16566	

---------------------------------
plain	jelly	coconut	honey-dip
			16831
16691				
	16763			
			16832
16692				
16693				
		16735		
			16833
	16764			
16694				
			16834
	16765	

---------------------------------
plain	jelly	coconut	honey-dip
			16985
			16986
		16895		
			16987
			16988
	16915			
	16916			
		16896		
	16917			
	16918			
	16919			
		16897	

---------------------------------
plain	jelly	coconut	honey-dip
			17110
17017				
			17111
		17052		
	17053			
			17112
			17113
			17114
			17115
	17054			
17018				
			17116


---------------------------------
plain	jelly	coconut	honey-dip
		17264		
			17296
17200				
		17265		
17201				
		17266		
		17267		
		17268		
		17269		
			17297
		17270		
17202	

---------------------------------
plain	jelly	coconut	honey-dip
17371				
		17441		
		17442		
			17460
		17443		
17372				
17373				
	17388			
		17444		
		17445		
			17461
17374	

---------------------------------
plain	jelly	coconut	honey-dip
17505				
			17602
		17585		
	17556			
			17603
			17604
			17605
		17586		
			17606
			17607
	17557			
			17608


---------------------------------
plain	jelly	coconut	honey-dip
	17677			
	17678			
			17736
			17737
17660				
	17679			
		17715		
17661				
			17738
		17716		
	17680			
		17717	

---------------------------------
plain	jelly	coconut	honey-dip
17822				
		17891		
			17883
17823				
17824				
17825				
		17892		
		17893		
		17894		
17826				
			17884
		17895	

---------------------------------
plain	jelly	coconut	honey-dip
			18030
		18035		
			18031
			18032
			18033
	17991			
	17992			
17980				
		18036		
			18034
	17993			
		18037	

---------------------------------
plain	jelly	coconut	honey-dip
	18182			
	18183			
	18184			
	18185			
	18186			
	18187			
			18207
18166				
			18208
18167				
18168				
	18188	

---------------------------------
plain	jelly	coconut	honey-dip
	18313			
			18313
18298				
			18314
18299				
	18314			
			18315
18300				
18301				
		18336		
			18316
			18317


---------------------------------
plain	jelly	coconut	honey-dip
	18434			
18414				
18415				
			18451
18416				
			18452
	18435			
		18477		
		18478		
	18436			
	18437			
18417	

---------------------------------
plain	jelly	coconut	honey-dip
	18538			
			18546
			18547
18546				
		18590		
		18591		
		18592		
	18539			
		18593		
	18540			
		18594		
			18548


---------------------------------
plain	jelly	coconut	honey-dip
	18697			
			18718
18698				
	18698			
18699				
			18719
18700				
18701				
			18720
	18699			
	18700			
		18767	

---------------------------------
plain	jelly	coconut	honey-dip
18826				
	18811			
		18860		
			18839
			18840
		18861		
	18812			
	18813			
			18841
18827				
	18814			
		18862	

---------------------------------
plain	jelly	coconut	honey-dip
		19070		
			19025
	19012			
19045				
	19013			
19046				
			19026
			19027
			19028
		19071		
			19029
			19030


---------------------------------
plain	jelly	coconut	honey-dip
19171				
		19200		
	19158			
19172				
		19201		
			19175
		19202		
	19159			
19173				
	19160			
19174				
		19203	

---------------------------------
plain	jelly	coconut	honey-dip
19317				
			19325
19318				
			19326
			19327
19319				
		19357		
			19328
		19358		
			19329
19320				
		19359	

---------------------------------
plain	jelly	coconut	honey-dip
19462				
		19478		
19463				
	19403			
			19465
	19404			
			19466
19464				
	19405			
	19406			
			19467
		19479	

---------------------------------
plain	jelly	coconut	honey-dip
	19529			
			19597
	19530			
		19599		
		19600		
			19598
19599				
		19601		
19600				
	19531			
			19599
19601	

---------------------------------
plain	jelly	coconut	honey-dip
	19703			
			19785
	19704			
		19793		
19775				
			19786
	19705			
		19794		
		19795		
	19706			
			19787
			19788


---------------------------------
plain	jelly	coconut	honey-dip
	19818			
	19819			
		19920		
19893				
		19921		
	19820			
	19821			
			19893
		19922		
19894				
19895				
			19894


---------------------------------
plain	jelly	coconut	honey-dip
	19968			
			20056
	19969			
			20057
20028				
			20058
			20059
		20060		
		20061		
		20062		
			20060
			20061


---------------------------------
plain	jelly	coconut	honey-dip
	20113			
			20203
		20199		
	20114			
			20204
			20205
			20206
	20115			
20161				
	20116			
			20207
	20117	

---------------------------------
plain	jelly	coconut	honey-dip
			20320
		20320		
			20321
	20240			
	20241			
			20322
	20242			
	20243			
		20321		
	20244			
20288				
	20245	

---------------------------------
plain	jelly	coconut	honey-dip
			20526
			20527
		20535		
		20536		
20480				
			20528
			20529
		20537		
20481				
		20538		
20482				
			20530


---------------------------------
plain	jelly	coconut	honey-dip
			20674
		20698		
		20699		
	20576			
	20577			
	20578			
		20700		
	20579			
20624				
20625				
		20701		
			20675


---------------------------------
plain	jelly	coconut	honey-dip
20802				
20803				
	20709			
20804				
			20828
	20710			
			20829
	20711			
		20857		
	20712			
	20713			
			20830


---------------------------------
plain	jelly	coconut	honey-dip
	20826			
			20952
	20827			
20941				
			20953
	20828			
			20954
20942				
			20955
	20829			
20943				
	20830	

---------------------------------
plain	jelly	coconut	honey-dip
			21063
		21091		
		21092		
	20934			
		21093		
21056				
	20935			
	20936			
	20937			
	20938			
21057				
21058	

---------------------------------
plain	jelly	coconut	honey-dip
	21068			
21179				
	21069			
		21218		
	21070			
		21219		
21180				
			21195
21181				
		21220		
		21221		
21182	

---------------------------------
plain	jelly	coconut	honey-dip
			21349
			21350
			21351
21311				
	21210			
			21352
	21211			
21312				
			21353
21313				
21314				
	21212	

---------------------------------
plain	jelly	coconut	honey-dip
			21456
21438				
21439				
21440				
21441				
	21322			
		21476		
21442				
	21323			
21443				
21444				
21445	

---------------------------------
plain	jelly	coconut	honey-dip
21580				
	21440			
			21580
21581				
	21441			
	21442			
		21608		
		21609		
21582				
21583				
21584				
		21610	

---------------------------------
plain	jelly	coconut	honey-dip
			21710
		21735		
		21736		
			21711
	21572			
		21737		
	21573			
	21574			
	21575			
	21576			
21719				
			21712


---------------------------------
plain	jelly	coconut	honey-dip
			21853
		21873		
			21854
	21717			
		21874		
		21875		
21857				
21858				
		21876		
			21855
	21718			
			21856


---------------------------------
plain	jelly	coconut	honey-dip
22011				
		22048		
			22001
			22002
	21876			
		22049		
		22050		
			22003
22012				
	21877			
			22004
	21878	

---------------------------------
plain	jelly	coconut	honey-dip
22137				
	22026			
			22130
22138				
			22131
22139				
	22027			
		22171		
22140				
22141				
			22132
			22133


---------------------------------
plain	jelly	coconut	honey-dip
22251				
		22309		
	22149			
	22150			
22252				
22253				
22254				
22255				
		22310		
		22311		
			22247
	22151	

---------------------------------
plain	jelly	coconut	honey-dip
			22368
		22464		
	22292			
			22369
22384				
			22370
		22465		
		22466		
		22467		
22385				
			22371
			22372


---------------------------------
plain	jelly	coconut	honey-dip
	22482			
			22554
	22483			
	22484			
			22555
22572				
		22632		
		22633		
			22556
	22485			
22573				
			22557


---------------------------------
plain	jelly	coconut	honey-dip
	22634			
			22683
			22684
			22685
	22635			
		22762		
		22763		
			22686
	22636			
			22687
	22637			
		22764	

---------------------------------
plain	jelly	coconut	honey-dip
			22845
		22896		
		22897		
		22898		
22840				
22841				
	22787			
		22899		
			22846
			22847
			22848
	22788	

---------------------------------
plain	jelly	coconut	honey-dip
		23039		
		23040		
			23000
		23041		
			23001
	22924			
	22925			
			23002
		23042		
	22926			
	22927			
			23003


---------------------------------
plain	jelly	coconut	honey-dip
			23114
23130				
			23115
		23174		
23131				
			23116
	23066			
			23117
		23175		
	23067			
23132				
	23068	

---------------------------------
plain	jelly	coconut	honey-dip
	23194			
	23195			
	23196			
	23197			
	23198			
	23199			
23251				
	23200			
			23259
	23201			
23252				
		23320	

---------------------------------
plain	jelly	coconut	honey-dip
	23376			
			23411
			23412
			23413
			23414
	23377			
			23415
	23378			
			23416
		23504		
		23505		
23417	

---------------------------------
plain	jelly	coconut	honey-dip
23506				
		23599		
			23499
			23500
			23501
23507				
		23600		
23508				
			23502
	23464			
			23503
23509	

---------------------------------
plain	jelly	coconut	honey-dip
			23708
			23709
		23812		
		23813		
		23814		
		23815		
			23710
			23711
			23712
23723				
		23816		
	23665	

---------------------------------
plain	jelly	coconut	honey-dip
			23859
			23860
		23963		
	23798			
	23799			
		23964		
23852				
23853				
23854				
	23800			
	23801			
		23965	

---------------------------------
plain	jelly	coconut	honey-dip
23992				
			24002
23993				
		24125		
			24003
			24004
			24005
		24126		
		24127		
			24006
	23965			
		24128	

---------------------------------
plain	jelly	coconut	honey-dip
	24102			
24120				
		24264		
	24103			
			24126
		24265		
		24266		
	24104			
			24127
	24105			
24121				
			24128


---------------------------------
plain	jelly	coconut	honey-dip
	24265			
		24395		
24268				
		24396		
	24266			
			24272
24269				
24270				
24271				
		24397		
	24267			
24272	

---------------------------------
plain	jelly	coconut	honey-dip
24420				
	24395			
24421				
24422				
	24396			
			24368
			24369
			24370
	24397			
24423				
			24371
24424	

---------------------------------
plain	jelly	coconut	honey-dip
24541				
		24680		
24542				
	24519			
			24492
24543				
		24681		
		24682		
			24493
24544				
		24683		
		24684	

---------------------------------
plain	jelly	coconut	honey-dip
			24616
	24676			
	24677			
	24678			
			24617
	24679			
	24680			
	24681			
			24618
			24619
24674				
		24806	

---------------------------------
plain	jelly	coconut	honey-dip
24831				
	24810			
			24761
24832				
	24811			
	24812			
			24762
			24763
		24922		
	24813			
24833				
			24764


---------------------------------
plain	jelly	coconut	honey-dip
		25089		
			24934
24998				
24999				
25000				
		25090		
			24935
	24987			
		25091		
			24936
		25092		
25001	

---------------------------------
plain	jelly	coconut	honey-dip
	25140			
25133				
25134				
	25141			
25135				
		25235		
	25142			
25136				
			25088
25137				
		25236		
		25237	

---------------------------------
plain	jelly	coconut	honey-dip
			25216
25289				
		25385		
25290				
	25282			
	25283			
	25284			
		25386		
	25285			
			25217
		25387		
			25218


---------------------------------
plain	jelly	coconut	honey-dip
			25354
		25545		
		25546		
		25547		
	25408			
25405				
25406				
		25548		
		25549		
			25355
			25356
25407	

---------------------------------
plain	jelly	coconut	honey-dip
		25688		
		25689		
	25542			
	25543			
		25690		
			25498
		25691		
			25499
25536				
25537				
25538				
	25544	

---------------------------------
plain	jelly	coconut	honey-dip
		25835		
25673				
			25650
		25836		
25674				
			25651
25675				
25676				
			25652
		25837		
25677				
	25694	

---------------------------------
plain	jelly	coconut	honey-dip
25777				
25778				
			25773
			25774
			25775
		25947		
		25948		
		25949		
		25950		
		25951		
		25952		
		25953	

---------------------------------
plain	jelly	coconut	honey-dip
	25948			
25955				
			25958
	25949			
25956				
		26119		
	25950			
		26120		
			25959
25957				
			25960
25958	

---------------------------------
plain	jelly	coconut	honey-dip
		26253		
26068				
		26254		
		26255		
		26256		
	26074			
26069				
			26053
	26075			
	26076			
		26257		
			26054


---------------------------------
plain	jelly	coconut	honey-dip
		26388		
	26180			
26185				
26186				
26187				
			26187
	26181			
			26188
	26182			
		26389		
			26189
26188	

---------------------------------
plain	jelly	coconut	honey-dip
		26492		
	26311			
	26312			
	26313			
		26493		
			26296
26297				
			26297
26298				
	26314			
			26298
			26299


---------------------------------
plain	jelly	coconut	honey-dip
			26404
			26405
			26406
			26407
		26628		
26408				
			26408
	26424			
	26425			
26409				
	26426			
	26427	

---------------------------------
plain	jelly	coconut	honey-dip
			26561
26581				
		26797		
26582				
	26585			
26583				
	26586			
		26798		
			26562
		26799		
26584				
26585	

---------------------------------
plain	jelly	coconut	honey-dip
		26877		
26677				
		26878		
			26647
		26879		
26678				
	26659			
	26660			
			26648
			26649
26679				
	26661	

---------------------------------
plain	jelly	coconut	honey-dip
			26810
			26811
	26835			
			26812
			26813
			26814
		27042		
		27043		
26833				
	26836			
	26837			
	26838	

---------------------------------
plain	jelly	coconut	honey-dip
26938				
26939				
		27161		
	26941			
		27162		
26940				
	26942			
	26943			
			26924
		27163		
		27164		
	26944	

---------------------------------
plain	jelly	coconut	honey-dip
			27054
	27057			
		27307		
	27058			
27086				
			27055
			27056
		27308		
		27309		
		27310		
			27057
			27058


---------------------------------
plain	jelly	coconut	honey-dip
27210				
		27402		
		27403		
	27141			
			27159
27211				
		27404		
	27142			
27212				
	27143			
27213				
27214	

---------------------------------
plain	jelly	coconut	honey-dip
	27293			
27386				
		27566		
	27294			
	27295			
			27315
			27316
27387				
27388				
	27296			
27389				
			27317


---------------------------------
plain	jelly	coconut	honey-dip
27506				
		27680		
	27396			
27507				
	27397			
27508				
			27422
	27398			
27509				
	27399			
	27400			
27510	

---------------------------------
plain	jelly	coconut	honey-dip
			27563
		27808		
	27556			
	27557			
	27558			
			27564
			27565
			27566
	27559			
		27809		
	27560			
			27567


---------------------------------
plain	jelly	coconut	honey-dip
27805				
		27910		
		27911		
27806				
	27688			
27807				
	27689			
		27912		
	27690			
27808				
	27691			
		27913	

---------------------------------
plain	jelly	coconut	honey-dip
	27857			
		28067		
			27852
			27853
27956				
27957				
27958				
			27854
	27858			
		28068		
		28069		
	27859	

---------------------------------
plain	jelly	coconut	honey-dip
	27981			
		28169		
		28170		
			27959
	27982			
	27983			
			27960
		28171		
	27984			
		28172		
		28173		
	27985	

---------------------------------
plain	jelly	coconut	honey-dip
	28124			
	28125			
		28288		
			28089
	28126			
	28127			
			28090
	28128			
	28129			
			28091
28191				
			28092


---------------------------------
plain	jelly	coconut	honey-dip
		28401		
28318				
		28402		
28319				
28320				
	28206			
28321				
	28207			
	28208			
	28209			
	28210			
			28211


---------------------------------
plain	jelly	coconut	honey-dip
			28295
	28312			
	28313			
	28314			
		28503		
	28315			
28446				
28447				
	28316			
28448				
			28296
		28504	

