---------------------------------
plain	jelly	coconut	honey-dip
	795			
			781
775				
776				
		805		
			782
	796			
777				
			783
778				
			784
			785


---------------------------------
plain	jelly	coconut	honey-dip
	1034			
1024				
	1035			
	1036			
	1037			
	1038			
1025				
	1039			
	1040			
			1042
1026				
1027	

---------------------------------
plain	jelly	coconut	honey-dip
1080				
1081				
		1111		
1082				
	1114			
		1112		
		1113		
1083				
		1114		
1084				
		1115		
			1099


---------------------------------
plain	jelly	coconut	honey-dip
1173				
	1219			
	1220			
		1202		
1174				
		1203		
		1204		
1175				
1176				
			1194
	1221			
	1222	

---------------------------------
plain	jelly	coconut	honey-dip
1243				
		1281		
1244				
			1271
	1305			
			1272
1245				
	1306			
1246				
1247				
			1273
	1307	

---------------------------------
plain	jelly	coconut	honey-dip
1304				
	1358			
		1344		
		1345		
	1359			
	1360			
1305				
			1322
1306				
	1361			
		1346		
1307	

---------------------------------
plain	jelly	coconut	honey-dip
			1398
	1442			
		1435		
			1399
			1400
1389				
			1401
		1436		
			1402
			1403
			1404
			1405


---------------------------------
plain	jelly	coconut	honey-dip
	1520			
			1494
			1495
1464				
1465				
		1510		
1466				
		1511		
1467				
	1521			
			1496
			1497


---------------------------------
plain	jelly	coconut	honey-dip
	1609			
1572				
1573				
	1610			
		1607		
		1608		
1574				
	1611			
	1612			
			1608
	1613			
			1609


---------------------------------
plain	jelly	coconut	honey-dip
	1706			
			1683
			1684
			1685
	1707			
		1683		
1648				
			1686
	1708			
			1687
	1709			
	1710	

---------------------------------
plain	jelly	coconut	honey-dip
	1783			
		1767		
	1784			
1732				
1733				
	1785			
1734				
		1768		
		1769		
		1770		
1735				
			1774


---------------------------------
plain	jelly	coconut	honey-dip
	1900			
1881				
1882				
		1890		
		1891		
	1901			
	1902			
		1892		
		1893		
	1903			
	1904			
	1905	

---------------------------------
plain	jelly	coconut	honey-dip
			2034
	2009			
1981				
	2010			
		1980		
	2011			
			2035
			2036
		1981		
			2037
	2012			
		1982	

---------------------------------
plain	jelly	coconut	honey-dip
		2088		
		2089		
	2106			
2071				
	2107			
			2123
	2108			
			2124
			2125
2072				
	2109			
			2126


---------------------------------
plain	jelly	coconut	honey-dip
	2209			
			2226
			2227
2166				
		2195		
		2196		
		2197		
2167				
	2210			
	2211			
			2228
			2229


---------------------------------
plain	jelly	coconut	honey-dip
		2321		
			2342
2280				
			2343
2281				
			2344
		2322		
			2345
	2333			
			2346
		2323		
2282	

---------------------------------
plain	jelly	coconut	honey-dip
		2417		
			2440
			2441
2407				
			2442
	2420			
			2443
			2444
			2445
	2421			
		2418		
			2446


---------------------------------
plain	jelly	coconut	honey-dip
	2539			
	2540			
		2524		
			2552
	2541			
		2525		
	2542			
2501				
		2526		
	2543			
	2544			
	2545	

---------------------------------
plain	jelly	coconut	honey-dip
		2638		
2594				
		2639		
	2644			
	2645			
	2646			
2595				
			2672
2596				
		2640		
		2641		
		2642	

---------------------------------
plain	jelly	coconut	honey-dip
	2769			
2732				
		2774		
			2801
			2802
			2803
2733				
	2770			
			2804
		2775		
			2805
			2806


---------------------------------
plain	jelly	coconut	honey-dip
		2921		
2898				
	2904			
2899				
			2953
		2922		
2900				
2901				
	2905			
			2954
	2906			
			2955


---------------------------------
plain	jelly	coconut	honey-dip
		3041		
			3076
		3042		
	3017			
3034				
3035				
	3018			
	3019			
	3020			
3036				
			3077
		3043	

---------------------------------
plain	jelly	coconut	honey-dip
		3168		
3174				
			3217
3175				
3176				
	3149			
			3218
			3219
		3169		
		3170		
	3150			
3177	

---------------------------------
plain	jelly	coconut	honey-dip
			3347
		3270		
			3348
	3267			
	3268			
3292				
	3269			
		3271		
3293				
	3270			
	3271			
	3272	

---------------------------------
plain	jelly	coconut	honey-dip
	3379			
	3380			
	3381			
		3398		
			3481
		3399		
	3382			
		3400		
			3482
		3401		
3410				
		3402	

---------------------------------
plain	jelly	coconut	honey-dip
3629				
			3704
	3602			
	3603			
	3604			
		3657		
			3705
		3658		
3630				
		3659		
	3605			
			3706


---------------------------------
plain	jelly	coconut	honey-dip
	3746			
			3840
	3747			
3735				
			3841
3736				
			3842
3737				
3738				
	3748			
		3787		
			3843


---------------------------------
plain	jelly	coconut	honey-dip
			3964
	3877			
3853				
	3878			
			3965
			3966
			3967
		3882		
			3968
3854				
	3879			
			3969


---------------------------------
plain	jelly	coconut	honey-dip
3959				
			4077
3960				
3961				
3962				
	3994			
			4078
3963				
	3995			
3964				
3965				
			4079


---------------------------------
plain	jelly	coconut	honey-dip
			4172
			4173
		4112		
		4113		
4108				
			4174
4109				
		4114		
	4120			
	4121			
	4122			
			4175


---------------------------------
plain	jelly	coconut	honey-dip
	4323			
	4324			
			4393
4314				
	4325			
			4394
4315				
	4326			
			4395
4316				
			4396
	4327	

---------------------------------
plain	jelly	coconut	honey-dip
	4420			
4404				
4405				
	4421			
		4421		
			4491
			4492
	4422			
	4423			
		4422		
	4424			
			4493


---------------------------------
plain	jelly	coconut	honey-dip
		4526		
	4548			
		4527		
		4528		
	4549			
			4611
			4612
	4550			
		4529		
		4530		
		4531		
4531	

---------------------------------
plain	jelly	coconut	honey-dip
		4708		
4702				
4703				
4704				
	4718			
			4784
		4709		
	4719			
	4720			
	4721			
4705				
	4722	

---------------------------------
plain	jelly	coconut	honey-dip
4842				
4843				
	4846			
4844				
			4897
		4807		
	4847			
		4808		
	4848			
	4849			
		4809		
			4898


---------------------------------
plain	jelly	coconut	honey-dip
			5033
		4964		
		4965		
			5034
	5000			
			5035
		4966		
			5036
			5037
			5038
4983				
4984	

---------------------------------
plain	jelly	coconut	honey-dip
		5125		
		5126		
			5191
5123				
		5127		
			5192
			5193
		5128		
		5129		
			5194
5124				
			5195


---------------------------------
plain	jelly	coconut	honey-dip
		5633		
		5634		
	5679			
			5655
		5635		
5641				
		5636		
	5680			
			5656
			5657
			5658
	5681	

---------------------------------
plain	jelly	coconut	honey-dip
			5822
5810				
5811				
5812				
		5805		
	5855			
	5856			
	5857			
5813				
		5806		
			5823
		5807	

---------------------------------
plain	jelly	coconut	honey-dip
		5955		
5957				
		5956		
	6036			
5958				
			5992
		5957		
		5958		
		5959		
			5993
	6037			
5959	

---------------------------------
plain	jelly	coconut	honey-dip
6157				
			6207
			6208
	6256			
	6257			
6158				
6159				
		6148		
			6209
		6149		
6160				
		6150	

---------------------------------
plain	jelly	coconut	honey-dip
6290				
		6296		
	6400			
		6297		
6291				
			6346
		6298		
			6347
			6348
6292				
6293				
	6401	

---------------------------------
plain	jelly	coconut	honey-dip
6477				
		6489		
6478				
		6490		
			6534
6479				
	6612			
			6535
6480				
6481				
6482				
	6613	

---------------------------------
plain	jelly	coconut	honey-dip
	6735			
6623				
			6648
			6649
		6598		
		6599		
	6736			
			6650
	6737			
	6738			
			6651
6624	

---------------------------------
plain	jelly	coconut	honey-dip
6773				
		6721		
			6813
6774				
6775				
			6814
	6849			
6776				
			6815
		6722		
		6723		
	6850	

---------------------------------
plain	jelly	coconut	honey-dip
		6844		
		6845		
		6846		
6912				
		6847		
6913				
			6946
			6947
			6948
	6970			
6914				
			6949


---------------------------------
plain	jelly	coconut	honey-dip
7090				
			7164
7091				
		7023		
		7024		
		7025		
			7165
		7026		
7092				
7093				
7094				
7095	

---------------------------------
plain	jelly	coconut	honey-dip
7216				
		7177		
	7302			
			7309
7217				
7218				
7219				
	7303			
	7304			
7220				
			7310
	7305	

---------------------------------
plain	jelly	coconut	honey-dip
	7426			
			7412
		7299		
		7300		
			7413
			7414
	7427			
			7415
7323				
7324				
	7428			
7325	

---------------------------------
plain	jelly	coconut	honey-dip
	7658			
		7514		
	7659			
		7515		
			7641
7535				
			7642
			7643
	7660			
	7661			
	7662			
	7663	

---------------------------------
plain	jelly	coconut	honey-dip
7696				
	7830			
	7831			
	7832			
	7833			
		7688		
7697				
7698				
	7834			
7699				
		7689		
		7690	

---------------------------------
plain	jelly	coconut	honey-dip
		7801		
		7802		
7835				
			7974
		7803		
	7962			
7836				
			7975
			7976
7837				
		7804		
	7963	

---------------------------------
plain	jelly	coconut	honey-dip
		7942		
	8103			
	8104			
	8105			
		7943		
		7944		
7993				
7994				
		7945		
			8134
		7946		
	8106	

---------------------------------
plain	jelly	coconut	honey-dip
			8291
	8264			
	8265			
	8266			
			8292
	8267			
			8293
			8294
		8104		
			8295
8161				
		8105	

---------------------------------
plain	jelly	coconut	honey-dip
			8473
	8478			
	8479			
8345				
	8480			
8346				
	8481			
		8292		
8347				
			8474
	8482			
		8293	

---------------------------------
plain	jelly	coconut	honey-dip
			8650
8534				
		8467		
	8657			
			8651
			8652
			8653
	8658			
	8659			
8535				
			8654
		8468	

---------------------------------
plain	jelly	coconut	honey-dip
			8788
	8786			
8667				
	8787			
8668				
		8619		
		8620		
	8788			
			8789
		8621		
			8790
8669	

---------------------------------
plain	jelly	coconut	honey-dip
	8905			
			8908
			8909
			8910
		8748		
	8906			
	8907			
		8749		
			8911
8779				
8780				
			8912


---------------------------------
plain	jelly	coconut	honey-dip
		8869		
	9022			
8895				
	9023			
	9024			
8896				
	9025			
	9026			
8897				
			9034
			9035
8898	

---------------------------------
plain	jelly	coconut	honey-dip
	9138			
		8990		
	9139			
9011				
	9140			
		8991		
			9149
		8992		
	9141			
9012				
		8993		
	9142	

---------------------------------
plain	jelly	coconut	honey-dip
9155				
	9282			
			9303
		9136		
9156				
9157				
	9283			
			9304
	9284			
	9285			
	9286			
		9137	

---------------------------------
plain	jelly	coconut	honey-dip
	9412			
9281				
			9417
		9258		
		9259		
	9413			
		9260		
	9414			
			9418
			9419
	9415			
			9420


---------------------------------
plain	jelly	coconut	honey-dip
		9398		
		9399		
	9548			
		9400		
			9558
9416				
9417				
			9559
	9549			
	9550			
9418				
9419	

---------------------------------
plain	jelly	coconut	honey-dip
	9678			
9557				
	9679			
	9680			
9558				
		9536		
	9681			
		9537		
			9677
9559				
		9538		
		9539	

---------------------------------
plain	jelly	coconut	honey-dip
			9825
	9820			
		9684		
			9826
			9827
	9821			
		9685		
	9822			
	9823			
			9828
	9824			
9707	

---------------------------------
plain	jelly	coconut	honey-dip
	9951			
		9798		
	9952			
		9799		
	9953			
			9929
9814				
		9800		
		9801		
		9802		
9815				
9816	

---------------------------------
plain	jelly	coconut	honey-dip
9960				
		9957		
	10105			
			10094
	10106			
	10107			
	10108			
	10109			
9961				
9962				
		9958		
		9959	

---------------------------------
plain	jelly	coconut	honey-dip
		10105		
	10255			
10089				
		10106		
		10107		
			10231
		10108		
	10256			
	10257			
			10232
			10233
		10109	

---------------------------------
plain	jelly	coconut	honey-dip
	10480			
	10481			
		10293		
			10436
			10437
	10482			
			10438
	10483			
	10484			
10275				
	10485			
10276	

---------------------------------
plain	jelly	coconut	honey-dip
	10619			
		10419		
10407				
			10567
10408				
		10420		
10409				
		10421		
		10422		
			10568
10410				
10411	

---------------------------------
plain	jelly	coconut	honey-dip
			10729
			10730
		10554		
			10731
	10773			
		10555		
10568				
		10556		
10569				
10570				
10571				
			10732


---------------------------------
plain	jelly	coconut	honey-dip
10701				
		10724		
	10898			
10702				
		10725		
			10865
	10899			
	10900			
	10901			
10703				
			10866
			10867


---------------------------------
plain	jelly	coconut	honey-dip
10844				
10845				
		10854		
			10984
	11034			
		10855		
	11035			
	11036			
	11037			
			10985
			10986
10846	

---------------------------------
plain	jelly	coconut	honey-dip
			11199
			11200
			11201
11029				
11030				
11031				
11032				
			11202
	11236			
			11203
		11056		
11033	

---------------------------------
plain	jelly	coconut	honey-dip
			11334
11144				
11145				
		11169		
			11335
		11170		
			11336
		11171		
			11337
11146				
	11353			
	11354	

---------------------------------
plain	jelly	coconut	honey-dip
	11517			
		11352		
11315				
	11518			
			11512
			11513
		11353		
		11354		
	11519			
			11514
11316				
	11520	

---------------------------------
plain	jelly	coconut	honey-dip
		11494		
	11684			
			11666
	11685			
		11495		
11452				
			11667
		11496		
	11686			
11453				
			11668
			11669


---------------------------------
plain	jelly	coconut	honey-dip
		11638		
11584				
			11801
11585				
		11639		
		11640		
	11801			
	11802			
11586				
11587				
			11802
		11641	

---------------------------------
plain	jelly	coconut	honey-dip
			11953
		11783		
		11784		
			11954
		11785		
	11943			
11781				
11782				
11783				
			11955
11784				
			11956


---------------------------------
plain	jelly	coconut	honey-dip
			12100
11911				
			12101
		11915		
11912				
	12062			
		11916		
	12063			
	12064			
			12102
			12103
11913	

---------------------------------
plain	jelly	coconut	honey-dip
12043				
12044				
		12049		
		12050		
12045				
			12216
12046				
		12051		
	12184			
		12052		
	12185			
			12217


---------------------------------
plain	jelly	coconut	honey-dip
	12313			
	12314			
		12177		
			12343
		12178		
	12315			
	12316			
12187				
12188				
			12344
		12179		
			12345


---------------------------------
plain	jelly	coconut	honey-dip
			12498
12334				
	12444			
			12499
		12320		
		12321		
12335				
			12500
			12501
	12445			
			12502
			12503


---------------------------------
plain	jelly	coconut	honey-dip
			12652
			12653
			12654
	12560			
		12448		
	12561			
	12562			
12452				
12453				
12454				
		12449		
		12450	

---------------------------------
plain	jelly	coconut	honey-dip
			12770
	12664			
12566				
12567				
	12665			
		12592		
12568				
		12593		
			12771
	12666			
12569				
12570	

---------------------------------
plain	jelly	coconut	honey-dip
12717				
		12689		
	12769			
12718				
			12861
12719				
	12770			
		12690		
12720				
	12771			
		12691		
	12772	

---------------------------------
plain	jelly	coconut	honey-dip
	12910			
	12911			
			13009
			13010
		12841		
		12842		
	12912			
			13011
12864				
		12843		
		12844		
			13012


---------------------------------
plain	jelly	coconut	honey-dip
		12999		
13037				
		13000		
			13159
			13160
13038				
		13001		
		13002		
			13161
		13003		
		13004		
13039	

---------------------------------
plain	jelly	coconut	honey-dip
	13216			
			13317
13184				
			13318
		13155		
13185				
			13319
13186				
			13320
13187				
			13321
	13217	

---------------------------------
plain	jelly	coconut	honey-dip
			13437
	13347			
	13348			
13317				
13318				
			13438
			13439
	13349			
13319				
	13350			
			13440
	13351	

---------------------------------
plain	jelly	coconut	honey-dip
			13547
	13466			
13436				
	13467			
			13548
		13371		
			13549
			13550
	13468			
13437				
13438				
13439	

---------------------------------
plain	jelly	coconut	honey-dip
			13653
	13561			
	13562			
		13471		
13555				
13556				
13557				
	13563			
			13654
			13655
13558				
	13564	

---------------------------------
plain	jelly	coconut	honey-dip
13673				
	13681			
			13762
		13568		
	13682			
		13569		
			13763
	13683			
	13684			
			13764
		13570		
			13765


---------------------------------
plain	jelly	coconut	honey-dip
			13915
			13916
	13824			
	13825			
		13719		
	13826			
13814				
		13720		
		13721		
			13917
13815				
	13827	

---------------------------------
plain	jelly	coconut	honey-dip
			14055
			14056
			14057
		13854		
		13855		
13940				
		13856		
13941				
			14058
	13975			
	13976			
			14059


---------------------------------
plain	jelly	coconut	honey-dip
		13996		
		13997		
		13998		
			14210
			14211
14052				
14053				
	14118			
	14119			
14054				
			14212
	14120	

---------------------------------
plain	jelly	coconut	honey-dip
14266				
14267				
	14322			
		14231		
			14433
			14434
	14323			
			14435
14268				
		14232		
	14324			
		14233	

---------------------------------
plain	jelly	coconut	honey-dip
			14564
			14565
	14441			
			14566
		14365		
	14442			
		14366		
			14567
			14568
		14367		
	14443			
		14368	

---------------------------------
plain	jelly	coconut	honey-dip
	14584			
			14710
	14585			
14535				
14536				
		14527		
	14586			
14537				
14538				
		14528		
14539				
			14711


---------------------------------
plain	jelly	coconut	honey-dip
	14716			
			14849
			14850
14653				
14654				
	14717			
			14851
	14718			
14655				
14656				
			14852
		14678	

---------------------------------
plain	jelly	coconut	honey-dip
14781				
		14808		
		14809		
	14856			
	14857			
	14858			
			14991
			14992
14782				
			14993
			14994
			14995


---------------------------------
plain	jelly	coconut	honey-dip
14913				
14914				
14915				
	14969			
		14922		
			15100
		14923		
	14970			
		14924		
		14925		
		14926		
	14971	

---------------------------------
plain	jelly	coconut	honey-dip
			15297
15115				
15116				
	15152			
15117				
15118				
			15298
			15299
		15132		
15119				
	15153			
			15300


---------------------------------
plain	jelly	coconut	honey-dip
		15264		
15238				
	15283			
		15265		
			15391
	15284			
15239				
		15266		
	15285			
			15392
		15267		
	15286	

---------------------------------
plain	jelly	coconut	honey-dip
	15443			
			15543
		15411		
15379				
	15444			
	15445			
			15544
		15412		
15380				
		15413		
		15414		
15381	

---------------------------------
plain	jelly	coconut	honey-dip
			15689
		15546		
		15547		
15512				
			15690
			15691
		15548		
	15569			
15513				
		15549		
	15570			
		15550	

---------------------------------
plain	jelly	coconut	honey-dip
			15880
		15764		
	15761			
	15762			
			15881
		15765		
		15766		
15715				
		15767		
		15768		
		15769		
15716	

---------------------------------
plain	jelly	coconut	honey-dip
		15926		
			16024
	15919			
			16025
15875				
	15920			
			16026
15876				
	15921			
			16027
		15927		
	15922	

---------------------------------
plain	jelly	coconut	honey-dip
16075				
			16216
			16217
	16123			
	16124			
			16218
	16125			
16076				
			16219
16077				
	16126			
16078	

---------------------------------
plain	jelly	coconut	honey-dip
		16218		
	16224			
	16225			
	16226			
16184				
16185				
16186				
		16219		
	16227			
	16228			
16187				
			16306


---------------------------------
plain	jelly	coconut	honey-dip
		16374		
16322				
	16362			
			16462
		16375		
		16376		
	16363			
			16463
	16364			
			16464
		16377		
16323	

---------------------------------
plain	jelly	coconut	honey-dip
		16524		
16459				
16460				
			16593
16461				
16462				
		16525		
			16594
		16526		
	16532			
	16533			
	16534	

---------------------------------
plain	jelly	coconut	honey-dip
16576				
16577				
		16644		
16578				
		16645		
	16656			
16579				
			16724
			16725
		16646		
	16657			
16580	

---------------------------------
plain	jelly	coconut	honey-dip
			16859
			16860
			16861
		16759		
	16793			
	16794			
16729				
			16862
16730				
16731				
			16863
16732	

---------------------------------
plain	jelly	coconut	honey-dip
		16931		
		16932		
		16933		
			17024
			17025
	16952			
	16953			
16929				
	16954			
16930				
16931				
16932	

---------------------------------
plain	jelly	coconut	honey-dip
	17098			
		17099		
		17100		
		17101		
		17102		
	17099			
		17103		
			17166
		17104		
			17167
		17105		
		17106	

---------------------------------
plain	jelly	coconut	honey-dip
17249				
			17349
17250				
	17280			
	17281			
			17350
	17282			
			17351
17251				
		17314		
		17315		
			17352


---------------------------------
plain	jelly	coconut	honey-dip
		17455		
	17402			
	17403			
		17456		
17382				
		17457		
17383				
	17404			
		17458		
	17405			
	17406			
		17459	

---------------------------------
plain	jelly	coconut	honey-dip
17623				
			17706
	17659			
17624				
17625				
	17660			
17626				
		17692		
			17707
			17708
17627				
		17693	

---------------------------------
plain	jelly	coconut	honey-dip
			17841
		17816		
		17817		
17766				
			17842
			17843
		17818		
			17844
	17785			
		17819		
	17786			
		17820	

---------------------------------
plain	jelly	coconut	honey-dip
17895				
17896				
17897				
			17952
	17909			
	17910			
	17911			
17898				
17899				
	17912			
			17953
17900	

---------------------------------
plain	jelly	coconut	honey-dip
	18009			
		18058		
17998				
			18055
		18059		
			18056
		18060		
		18061		
17999				
	18010			
		18062		
		18063	

---------------------------------
plain	jelly	coconut	honey-dip
		18229		
			18225
	18197			
			18226
	18198			
			18227
		18230		
18177				
		18231		
18178				
	18199			
		18232	

---------------------------------
plain	jelly	coconut	honey-dip
		18371		
			18353
		18372		
			18354
			18355
			18356
	18341			
		18373		
	18342			
	18343			
			18357
18327	

---------------------------------
plain	jelly	coconut	honey-dip
18463				
18464				
			18484
	18483			
		18514		
		18515		
		18516		
		18517		
	18484			
	18485			
18465				
			18485


---------------------------------
plain	jelly	coconut	honey-dip
		18678		
	18617			
			18623
		18679		
	18618			
			18624
			18625
		18680		
	18619			
		18681		
	18620			
	18621	

---------------------------------
plain	jelly	coconut	honey-dip
	18760			
	18761			
		18808		
	18762			
18761				
		18809		
			18779
			18780
		18810		
			18781
			18782
18762	

---------------------------------
plain	jelly	coconut	honey-dip
18913				
18914				
	18912			
			18908
	18913			
18915				
			18909
			18910
18916				
			18911
18917				
		18951	

---------------------------------
plain	jelly	coconut	honey-dip
		19077		
	19021			
		19078		
19051				
		19079		
		19080		
	19022			
			19039
19052				
			19040
	19023			
			19041


---------------------------------
plain	jelly	coconut	honey-dip
			19197
		19224		
		19225		
		19226		
			19198
		19227		
	19180			
	19181			
	19182			
19199				
			19199
		19228	

---------------------------------
plain	jelly	coconut	honey-dip
		19384		
		19385		
		19386		
19350				
19351				
		19387		
		19388		
19352				
	19307			
		19389		
	19308			
		19390	

---------------------------------
plain	jelly	coconut	honey-dip
	19481			
19554				
		19554		
19555				
			19555
	19482			
	19483			
			19556
19556				
	19484			
19557				
	19485	

---------------------------------
plain	jelly	coconut	honey-dip
19669				
		19666		
		19667		
		19668		
			19677
19670				
19671				
			19678
			19679
	19600			
	19601			
19672	

---------------------------------
plain	jelly	coconut	honey-dip
19798				
	19729			
19799				
		19821		
	19730			
		19822		
	19731			
		19823		
			19804
			19805
	19732			
	19733	

---------------------------------
plain	jelly	coconut	honey-dip
19969				
			19995
			19996
		20008		
19970				
	19900			
			19997
	19901			
19971				
			19998
			19999
		20009	

---------------------------------
plain	jelly	coconut	honey-dip
	20072			
			20174
	20073			
		20157		
	20074			
		20158		
			20175
	20075			
	20076			
20129				
		20159		
		20160	

---------------------------------
plain	jelly	coconut	honey-dip
		20304		
	20227			
		20305		
			20311
		20306		
20278				
	20228			
		20307		
			20312
	20229			
			20313
		20308	

---------------------------------
plain	jelly	coconut	honey-dip
20422				
20423				
	20355			
		20472		
20424				
20425				
	20356			
	20357			
			20447
		20473		
	20358			
		20474	

---------------------------------
plain	jelly	coconut	honey-dip
			20599
	20498			
		20610		
		20611		
20541				
20542				
	20499			
20543				
	20500			
			20600
20544				
	20501	

---------------------------------
plain	jelly	coconut	honey-dip
			20732
		20755		
		20756		
			20733
		20757		
		20758		
20686				
20687				
		20759		
		20760		
	20639			
			20734


---------------------------------
plain	jelly	coconut	honey-dip
			20903
			20904
			20905
			20906
20885				
20886				
20887				
20888				
		20928		
		20929		
20889				
			20907


---------------------------------
plain	jelly	coconut	honey-dip
			21151
21135				
			21152
		21176		
		21177		
			21153
			21154
	21030			
		21178		
	21031			
21136				
			21155


---------------------------------
plain	jelly	coconut	honey-dip
		21324		
21278				
21279				
	21172			
21280				
		21325		
			21306
		21326		
		21327		
			21307
21281				
21282	

---------------------------------
plain	jelly	coconut	honey-dip
		21461		
		21462		
			21446
			21447
		21463		
	21314			
	21315			
	21316			
21435				
	21317			
		21464		
		21465	

---------------------------------
plain	jelly	coconut	honey-dip
21602				
			21602
		21628		
	21460			
21603				
		21629		
21604				
			21603
	21461			
	21462			
	21463			
21605	

---------------------------------
plain	jelly	coconut	honey-dip
21732				
21733				
21734				
21735				
21736				
			21724
			21725
	21590			
21737				
			21726
	21591			
21738	

---------------------------------
plain	jelly	coconut	honey-dip
	21693			
		21852		
			21836
		21853		
	21694			
		21854		
		21855		
21835				
21836				
	21695			
		21856		
			21837


---------------------------------
plain	jelly	coconut	honey-dip
			22032
22050				
	21913			
		22073		
			22033
		22074		
22051				
	21914			
22052				
	21915			
			22034
22053	

---------------------------------
plain	jelly	coconut	honey-dip
		22208		
22171				
	22057			
	22058			
		22209		
			22160
		22210		
			22161
		22211		
	22059			
22172				
22173	

---------------------------------
plain	jelly	coconut	honey-dip
22305				
			22297
	22208			
		22374		
	22209			
			22298
			22299
	22210			
	22211			
22306				
			22300
	22212	

---------------------------------
plain	jelly	coconut	honey-dip
			22418
22425				
	22320			
22426				
		22501		
22427				
22428				
22429				
22430				
			22419
		22502		
22431	

---------------------------------
plain	jelly	coconut	honey-dip
22552				
			22540
		22608		
			22541
			22542
	22456			
	22457			
	22458			
			22543
	22459			
	22460			
	22461	

---------------------------------
plain	jelly	coconut	honey-dip
			22654
			22655
	22591			
	22592			
22665				
	22593			
			22656
22666				
		22726		
	22594			
			22657
		22727	

---------------------------------
plain	jelly	coconut	honey-dip
22785				
	22728			
22786				
	22729			
	22730			
		22836		
	22731			
		22837		
		22838		
			22779
		22839		
	22732	

---------------------------------
plain	jelly	coconut	honey-dip
22917				
22918				
		22965		
			22944
22919				
			22945
	22866			
22920				
22921				
		22966		
			22946
		22967	

---------------------------------
plain	jelly	coconut	honey-dip
	22998			
			23065
23075				
		23130		
			23066
		23131		
			23067
	22999			
23076				
	23000			
		23132		
		23133	

---------------------------------
plain	jelly	coconut	honey-dip
	23147			
		23279		
23210				
			23208
23211				
	23148			
	23149			
	23150			
		23280		
23212				
			23209
	23151	

---------------------------------
plain	jelly	coconut	honey-dip
	23309			
		23431		
		23432		
	23310			
	23311			
23348				
		23433		
	23312			
	23313			
			23356
		23434		
23349	

---------------------------------
plain	jelly	coconut	honey-dip
			23571
			23572
	23534			
			23573
23574				
			23574
		23677		
23575				
	23535			
			23575
	23536			
			23576


---------------------------------
plain	jelly	coconut	honey-dip
		23792		
			23694
			23695
		23793		
	23647			
			23696
			23697
23703				
23704				
	23648			
		23794		
	23649	

---------------------------------
plain	jelly	coconut	honey-dip
	23766			
	23767			
			23834
23827				
		23937		
23828				
	23768			
		23938		
	23769			
			23835
	23770			
		23939	

---------------------------------
plain	jelly	coconut	honey-dip
			23980
23960				
23961				
			23981
	23930			
	23931			
	23932			
		24094		
23962				
	23933			
	23934			
	23935	

---------------------------------
plain	jelly	coconut	honey-dip
24088				
			24103
24089				
		24227		
24090				
24091				
			24104
24092				
		24228		
	24062			
			24105
	24063	

---------------------------------
plain	jelly	coconut	honey-dip
		24375		
			24253
		24376		
			24254
		24377		
24244				
			24255
24245				
24246				
			24256
	24244			
		24378	

---------------------------------
plain	jelly	coconut	honey-dip
24444				
24445				
			24402
	24417			
		24561		
	24418			
		24562		
		24563		
24446				
	24419			
24447				
24448	

---------------------------------
plain	jelly	coconut	honey-dip
24576				
24577				
	24567			
	24568			
24578				
24579				
	24569			
		24717		
24580				
			24528
24581				
24582	

---------------------------------
plain	jelly	coconut	honey-dip
	24724			
	24725			
		24844		
24705				
	24726			
	24727			
24706				
		24845		
		24846		
24707				
	24728			
			24655


---------------------------------
plain	jelly	coconut	honey-dip
24895				
		24967		
		24968		
24896				
24897				
	24872			
			24818
			24819
		24969		
24898				
		24970		
	24873	

---------------------------------
plain	jelly	coconut	honey-dip
25026				
		25121		
			24965
	25028			
			24966
25027				
			24967
	25029			
			24968
	25030			
			24969
			24970


---------------------------------
plain	jelly	coconut	honey-dip
	25158			
	25159			
	25160			
			25103
	25161			
25154				
	25162			
25155				
		25253		
	25163			
	25164			
25156	

---------------------------------
plain	jelly	coconut	honey-dip
25319				
			25247
			25248
		25428		
	25310			
	25311			
25320				
			25249
	25312			
		25429		
		25430		
	25313	

---------------------------------
plain	jelly	coconut	honey-dip
	25455			
			25401
25449				
	25456			
25450				
		25599		
		25600		
			25402
			25403
			25404
25451				
25452	

---------------------------------
plain	jelly	coconut	honey-dip
		25732		
		25733		
25576				
25577				
25578				
25579				
25580				
		25734		
		25735		
			25546
		25736		
	25590	

---------------------------------
plain	jelly	coconut	honey-dip
	25757			
		25895		
		25896		
25743				
25744				
		25897		
		25898		
		25899		
	25758			
25745				
		25900		
	25759	

---------------------------------
plain	jelly	coconut	honey-dip
			25934
		26103		
			25935
		26104		
	25935			
25936				
		26105		
		26106		
			25936
25937				
		26107		
			25937


---------------------------------
plain	jelly	coconut	honey-dip
		26263		
			26056
		26264		
	26080			
			26057
	26081			
	26082			
26073				
		26265		
			26058
	26083			
26074	

---------------------------------
plain	jelly	coconut	honey-dip
	26192			
26196				
			26193
	26193			
		26395		
	26194			
	26195			
	26196			
26197				
		26396		
		26397		
		26398	

---------------------------------
plain	jelly	coconut	honey-dip
		26527		
			26321
		26528		
	26343			
26325				
26326				
		26529		
	26344			
	26345			
	26346			
			26322
		26530	

---------------------------------
plain	jelly	coconut	honey-dip
		26675		
	26461			
26433				
			26451
			26452
	26462			
			26453
			26454
			26455
	26463			
	26464			
26434	

---------------------------------
plain	jelly	coconut	honey-dip
		26744		
26513				
	26519			
26514				
26515				
			26508
		26745		
	26520			
		26746		
	26521			
26516				
26517	

---------------------------------
plain	jelly	coconut	honey-dip
26707				
26708				
		26906		
			26676
			26677
		26907		
			26678
	26691			
26709				
		26908		
			26679
			26680


---------------------------------
plain	jelly	coconut	honey-dip
		27114		
			26889
		27115		
26903				
		27116		
		27117		
			26890
	26914			
26904				
	26915			
			26891
			26892


---------------------------------
plain	jelly	coconut	honey-dip
			26996
			26997
27023				
		27238		
	26995			
27024				
	26996			
27025				
27026				
	26997			
27027				
27028	

---------------------------------
plain	jelly	coconut	honey-dip
	27107			
			27113
			27114
	27108			
27152				
		27360		
		27361		
			27115
		27362		
		27363		
	27109			
27153	

---------------------------------
plain	jelly	coconut	honey-dip
			27230
	27210			
		27471		
			27231
27289				
			27232
		27472		
	27211			
27290				
			27233
27291				
		27473	

---------------------------------
plain	jelly	coconut	honey-dip
			27328
			27329
27405				
	27310			
27406				
			27330
	27311			
27407				
			27331
			27332
		27577		
			27333


---------------------------------
plain	jelly	coconut	honey-dip
27594				
			27481
27595				
		27739		
			27482
	27478			
	27479			
		27740		
		27741		
			27483
		27742		
	27480	

---------------------------------
plain	jelly	coconut	honey-dip
	27590			
		27828		
		27829		
27707				
			27599
			27600
		27830		
			27601
27708				
27709				
	27591			
		27831	

---------------------------------
plain	jelly	coconut	honey-dip
			27681
		27914		
	27692			
			27682
		27915		
		27916		
	27693			
		27917		
27809				
			27683
		27918		
		27919	

---------------------------------
plain	jelly	coconut	honey-dip
	27812			
	27813			
	27814			
			27794
		28018		
27904				
		28019		
		28020		
	27815			
			27795
			27796
		28021	

---------------------------------
plain	jelly	coconut	honey-dip
		28125		
		28126		
	27908			
			27900
28015				
			27901
28016				
28017				
	27909			
		28127		
			27902
	27910	

---------------------------------
plain	jelly	coconut	honey-dip
28097				
	28040			
		28212		
28098				
	28041			
28099				
28100				
		28213		
28101				
	28042			
	28043			
			28007


---------------------------------
plain	jelly	coconut	honey-dip
28204				
28205				
28206				
			28102
			28103
	28134			
		28300		
			28104
		28301		
		28302		
		28303		
28207	

---------------------------------
plain	jelly	coconut	honey-dip
			28186
28302				
		28385		
			28187
			28188
			28189
	28191			
		28386		
			28190
28303				
			28191
			28192


---------------------------------
plain	jelly	coconut	honey-dip
		28458		
			28256
	28269			
			28257
28405				
	28270			
	28271			
	28272			
			28258
		28459		
		28460		
	28273	

---------------------------------
plain	jelly	coconut	honey-dip
			28468
28629				
		28695		
28630				
	28496			
		28696		
	28497			
28631				
	28498			
28632				
		28697		
		28698	

---------------------------------
plain	jelly	coconut	honey-dip
28708				
	28550			
	28551			
			28532
	28552			
	28553			
			28533
			28534
28709				
28710				
			28535
			28536


---------------------------------
plain	jelly	coconut	honey-dip
	28634			
		28855		
		28856		
			28630
28805				
28806				
	28635			
	28636			
	28637			
	28638			
28807				
	28639	

---------------------------------
plain	jelly	coconut	honey-dip
			28712
	28723			
		28946		
		28947		
		28948		
			28713
	28724			
		28949		
	28725			
			28714
			28715
		28950	

---------------------------------
plain	jelly	coconut	honey-dip
29043				
			28895
			28896
	28891			
			28897
			28898
29044				
29045				
			28899
			28900
			28901
		29127	

