---------------------------------
plain	jelly	coconut	honey-dip
		21		
			9
	15			
		22		
15				
16				
17				
	16			
	17			
	18			
			10
18	

---------------------------------
plain	jelly	coconut	honey-dip
	38			
			36
43				
			37
	39			
			38
			39
44				
	40			
		51		
45				
			40


---------------------------------
plain	jelly	coconut	honey-dip
	69			
			64
			65
		73		
			66
	70			
	71			
		74		
			67
	72			
		75		
70	

---------------------------------
plain	jelly	coconut	honey-dip
			86
100				
			87
		107		
		108		
	103			
101				
			88
	104			
	105			
102				
		109	

---------------------------------
plain	jelly	coconut	honey-dip
		141		
	129			
140				
141				
	130			
	131			
	132			
142				
143				
144				
	133			
			118


---------------------------------
plain	jelly	coconut	honey-dip
	162			
			146
		177		
	163			
175				
			147
			148
		178		
176				
177				
178				
179	

---------------------------------
plain	jelly	coconut	honey-dip
230				
			189
	208			
		213		
			190
	209			
		214		
		215		
			191
231				
		216		
	210	

---------------------------------
plain	jelly	coconut	honey-dip
261				
			233
		259		
			234
	255			
			235
		260		
		261		
	256			
	257			
			236
			237


---------------------------------
plain	jelly	coconut	honey-dip
			268
	284			
300				
			269
			270
301				
			271
	285			
	286			
	287			
		300		
		301	

---------------------------------
plain	jelly	coconut	honey-dip
	322			
		333		
328				
			301
		334		
	323			
		335		
			302
			303
			304
			305
			306


---------------------------------
plain	jelly	coconut	honey-dip
369				
		368		
	364			
			351
	365			
			352
		369		
370				
		370		
		371		
371				
372	

---------------------------------
plain	jelly	coconut	honey-dip
			393
	399			
			394
		412		
			395
	400			
404				
		413		
	401			
	402			
405				
	403	

---------------------------------
plain	jelly	coconut	honey-dip
		446		
	435			
			425
		447		
		448		
		449		
	436			
		450		
	437			
			426
			427
		451	

---------------------------------
plain	jelly	coconut	honey-dip
		482		
486				
	475			
			453
487				
488				
			454
			455
	476			
			456
		483		
			457


---------------------------------
plain	jelly	coconut	honey-dip
	509			
		515		
		516		
		517		
			485
	510			
			486
			487
			488
		518		
	511			
			489


---------------------------------
plain	jelly	coconut	honey-dip
559				
			533
		548		
		549		
	556			
560				
		550		
561				
			534
562				
	557			
	558	

---------------------------------
plain	jelly	coconut	honey-dip
	595			
		587		
	596			
		588		
	597			
	598			
		589		
599				
			571
			572
	599			
		590	

---------------------------------
plain	jelly	coconut	honey-dip
638				
			620
	640			
		646		
	641			
		647		
	642			
	643			
		648		
			621
		649		
639	

---------------------------------
plain	jelly	coconut	honey-dip
		696		
685				
	701			
686				
	702			
687				
		697		
			678
		698		
688				
689				
	703	

---------------------------------
plain	jelly	coconut	honey-dip
		756		
			740
	750			
730				
	751			
		757		
731				
			741
732				
		758		
		759		
		760	

---------------------------------
plain	jelly	coconut	honey-dip
	806			
			807
			808
	807			
794				
	808			
			809
795				
		833		
		834		
	809			
			810


---------------------------------
plain	jelly	coconut	honey-dip
854				
855				
856				
			873
	864			
		877		
	865			
		878		
	866			
		879		
	867			
	868	

---------------------------------
plain	jelly	coconut	honey-dip
			944
	925			
			945
928				
			946
			947
		947		
			948
	926			
			949
	927			
	928	

---------------------------------
plain	jelly	coconut	honey-dip
	1009			
		1035		
1001				
		1036		
1002				
1003				
	1010			
			1023
			1024
			1025
			1026
	1011	

---------------------------------
plain	jelly	coconut	honey-dip
1068				
	1100			
		1091		
			1085
		1092		
		1093		
			1086
	1101			
		1094		
		1095		
			1087
	1102	

---------------------------------
plain	jelly	coconut	honey-dip
1149				
	1185			
	1186			
	1187			
			1167
1150				
	1188			
			1168
		1179		
		1180		
	1189			
	1190	

---------------------------------
plain	jelly	coconut	honey-dip
1216				
	1273			
		1246		
		1247		
			1233
		1248		
		1249		
			1234
	1274			
			1235
		1250		
			1236


---------------------------------
plain	jelly	coconut	honey-dip
1364				
		1413		
			1377
1365				
	1426			
1366				
1367				
			1378
1368				
	1427			
		1414		
			1379


---------------------------------
plain	jelly	coconut	honey-dip
		1486		
1444				
			1470
			1471
			1472
			1473
	1504			
		1487		
		1488		
1445				
		1489		
			1474


---------------------------------
plain	jelly	coconut	honey-dip
1563				
1564				
			1596
			1597
		1600		
	1601			
		1601		
			1598
1565				
			1599
	1602			
1566	

---------------------------------
plain	jelly	coconut	honey-dip
1712				
			1744
1713				
1714				
		1743		
		1744		
			1745
		1745		
		1746		
		1747		
		1748		
			1746


---------------------------------
plain	jelly	coconut	honey-dip
			2061
2008				
		2012		
	2043			
			2062
			2063
2009				
			2064
	2044			
	2045			
	2046			
		2013	

---------------------------------
plain	jelly	coconut	honey-dip
		2107		
			2149
	2128			
	2129			
		2108		
2088				
	2130			
			2150
			2151
		2109		
	2131			
			2152


---------------------------------
plain	jelly	coconut	honey-dip
2181				
	2226			
		2208		
		2209		
			2241
	2227			
		2210		
	2228			
			2242
			2243
		2211		
		2212	

---------------------------------
plain	jelly	coconut	honey-dip
	2351			
	2352			
	2353			
2308				
			2366
			2367
			2368
2309				
		2347		
	2354			
			2369
			2370


---------------------------------
plain	jelly	coconut	honey-dip
	2449			
		2443		
			2461
		2444		
		2445		
			2462
			2463
	2450			
			2464
		2446		
	2451			
			2465


---------------------------------
plain	jelly	coconut	honey-dip
	2580			
			2590
2534				
2535				
			2591
2536				
		2556		
	2581			
		2557		
		2558		
2537				
	2582	

---------------------------------
plain	jelly	coconut	honey-dip
		2681		
			2707
		2682		
2629				
2630				
			2708
	2687			
2631				
		2683		
2632				
			2709
	2688	

---------------------------------
plain	jelly	coconut	honey-dip
	2794			
	2795			
	2796			
2767				
		2813		
2768				
		2814		
	2797			
	2798			
			2846
			2847
2769	

---------------------------------
plain	jelly	coconut	honey-dip
		2917		
2895				
		2918		
	2901			
	2902			
		2919		
		2920		
			2951
	2903			
2896				
			2952
2897	

---------------------------------
plain	jelly	coconut	honey-dip
		3057		
		3058		
		3059		
	3034			
	3035			
			3091
3046				
3047				
3048				
3049				
			3092
			3093


---------------------------------
plain	jelly	coconut	honey-dip
			3224
			3225
		3174		
			3226
	3153			
3181				
			3227
		3175		
	3154			
			3228
			3229
			3230


---------------------------------
plain	jelly	coconut	honey-dip
		3266		
	3264			
		3267		
			3345
	3265			
3289				
3290				
		3268		
		3269		
3291				
			3346
	3266	

---------------------------------
plain	jelly	coconut	honey-dip
	3395			
		3419		
3430				
			3496
3431				
3432				
	3396			
		3420		
			3497
	3397			
		3421		
		3422	

---------------------------------
plain	jelly	coconut	honey-dip
			3668
3595				
	3564			
	3565			
3596				
3597				
			3669
			3670
	3566			
			3671
3598				
		3621	

---------------------------------
plain	jelly	coconut	honey-dip
		3725		
			3790
		3726		
			3791
		3727		
		3728		
			3792
3688				
			3793
		3729		
	3689			
	3690	

---------------------------------
plain	jelly	coconut	honey-dip
3893				
	3926			
	3927			
	3928			
	3929			
			4009
3894				
		3928		
		3929		
		3930		
3895				
	3930	

---------------------------------
plain	jelly	coconut	honey-dip
		4053		
4039				
		4054		
	4060			
			4120
			4121
	4061			
4040				
			4122
		4055		
	4062			
			4123


---------------------------------
plain	jelly	coconut	honey-dip
	4168			
	4169			
			4250
		4179		
			4251
		4180		
	4170			
			4252
4167				
			4253
4168				
	4171	

---------------------------------
plain	jelly	coconut	honey-dip
		4285		
			4362
	4285			
		4286		
		4287		
		4288		
	4286			
			4363
4264				
		4289		
		4290		
4265	

---------------------------------
plain	jelly	coconut	honey-dip
		4441		
			4514
4433				
			4515
	4444			
4434				
	4445			
	4446			
			4516
			4517
		4442		
4435	

---------------------------------
plain	jelly	coconut	honey-dip
4646				
			4734
		4664		
	4652			
4647				
		4665		
4648				
	4653			
		4666		
	4654			
4649				
4650	

---------------------------------
plain	jelly	coconut	honey-dip
			4842
4792				
			4843
		4770		
	4796			
		4771		
		4772		
	4797			
4793				
			4844
		4773		
	4798	

---------------------------------
plain	jelly	coconut	honey-dip
4943				
		4906		
		4907		
		4908		
	4959			
	4960			
4944				
	4961			
			4980
4945				
	4962			
		4909	

---------------------------------
plain	jelly	coconut	honey-dip
5103				
		5104		
5104				
		5105		
	5147			
5105				
			5178
		5106		
		5107		
5106				
			5179
		5108	

---------------------------------
plain	jelly	coconut	honey-dip
		5288		
		5289		
		5290		
5274				
5275				
	5331			
		5291		
	5332			
			5335
5276				
			5336
			5337


---------------------------------
plain	jelly	coconut	honey-dip
	5557			
5503				
		5483		
	5558			
			5525
		5484		
		5485		
5504				
	5559			
			5526
	5560			
		5486	

---------------------------------
plain	jelly	coconut	honey-dip
		5894		
	5969			
	5970			
	5971			
	5972			
		5895		
5891				
			5910
			5911
			5912
	5973			
	5974	

---------------------------------
plain	jelly	coconut	honey-dip
		6012		
		6013		
6028				
			6061
			6062
	6103			
		6014		
	6104			
	6105			
		6015		
			6063
6029	

---------------------------------
plain	jelly	coconut	honey-dip
	6266			
	6267			
	6268			
	6269			
	6270			
	6271			
		6157		
			6212
	6272			
			6213
	6273			
	6274	

---------------------------------
plain	jelly	coconut	honey-dip
		6290		
		6291		
		6292		
		6293		
6285				
6286				
6287				
6288				
		6294		
		6295		
	6399			
6289	

---------------------------------
plain	jelly	coconut	honey-dip
6439				
	6575			
		6452		
			6502
6440				
	6576			
			6503
			6504
	6577			
6441				
		6453		
		6454	

---------------------------------
plain	jelly	coconut	honey-dip
		6573		
6576				
6577				
6578				
6579				
			6617
	6694			
	6695			
6580				
6581				
		6574		
		6575	

---------------------------------
plain	jelly	coconut	honey-dip
6785				
		6738		
6786				
6787				
6788				
	6855			
6789				
		6739		
	6856			
	6857			
		6740		
			6826


---------------------------------
plain	jelly	coconut	honey-dip
		6871		
			6976
			6977
	6987			
			6978
6946				
	6988			
			6979
			6980
6947				
	6989			
		6872	

---------------------------------
plain	jelly	coconut	honey-dip
	7131			
7058				
			7128
		6991		
			7129
7059				
			7130
			7131
7060				
7061				
			7132
		6992	

---------------------------------
plain	jelly	coconut	honey-dip
7179				
			7267
		7118		
7180				
			7268
	7260			
			7269
			7270
			7271
		7119		
			7272
			7273


---------------------------------
plain	jelly	coconut	honey-dip
		7264		
7295				
	7395			
			7386
7296				
		7265		
7297				
7298				
	7396			
			7387
	7397			
	7398	

---------------------------------
plain	jelly	coconut	honey-dip
			7515
		7399		
	7523			
	7524			
			7516
7407				
		7400		
		7401		
			7517
7408				
		7402		
			7518


---------------------------------
plain	jelly	coconut	honey-dip
	7673			
7544				
		7524		
	7674			
			7655
7545				
	7675			
			7656
			7657
7546				
7547				
			7658


---------------------------------
plain	jelly	coconut	honey-dip
	7793			
7665				
			7802
		7652		
			7803
7666				
	7794			
			7804
	7795			
		7653		
	7796			
	7797	

---------------------------------
plain	jelly	coconut	honey-dip
			7916
		7758		
	7915			
7779				
7780				
	7916			
7781				
	7917			
7782				
			7917
	7918			
	7919	

---------------------------------
plain	jelly	coconut	honey-dip
		7878		
			8050
7918				
			8051
	8038			
	8039			
7919				
7920				
		7879		
			8052
		7880		
7921	

---------------------------------
plain	jelly	coconut	honey-dip
8063				
	8172			
8064				
			8205
			8206
8065				
			8207
		8008		
	8173			
			8208
8066				
			8209


---------------------------------
plain	jelly	coconut	honey-dip
			8334
8193				
	8308			
	8309			
8194				
	8310			
	8311			
	8312			
	8313			
		8141		
	8314			
		8142	

---------------------------------
plain	jelly	coconut	honey-dip
	8542			
			8535
			8536
			8537
8403				
			8538
	8543			
			8539
8404				
	8544			
		8348		
8405	

---------------------------------
plain	jelly	coconut	honey-dip
			8640
8515				
		8455		
8516				
8517				
		8456		
			8641
8518				
8519				
		8457		
8520				
			8642


---------------------------------
plain	jelly	coconut	honey-dip
	8847			
		8689		
		8690		
			8843
			8844
8721				
		8691		
	8848			
			8845
	8849			
			8846
			8847


---------------------------------
plain	jelly	coconut	honey-dip
	8975			
	8976			
	8977			
		8804		
		8805		
		8806		
			8967
	8978			
8834				
			8968
		8807		
8835	

---------------------------------
plain	jelly	coconut	honey-dip
		8955		
8977				
		8956		
8978				
			9117
8979				
		8957		
			9118
		8958		
8980				
8981				
8982	

---------------------------------
plain	jelly	coconut	honey-dip
9133				
			9274
			9275
		9095		
			9276
9134				
	9254			
		9096		
			9277
			9278
		9097		
	9255	

---------------------------------
plain	jelly	coconut	honey-dip
			9395
9264				
			9396
			9397
		9240		
			9398
			9399
	9397			
9265				
	9398			
9266				
9267	

---------------------------------
plain	jelly	coconut	honey-dip
9390				
9391				
		9375		
		9376		
9392				
9393				
		9377		
9394				
9395				
		9378		
		9379		
			9529


---------------------------------
plain	jelly	coconut	honey-dip
9554				
			9675
	9675			
		9532		
	9676			
		9533		
		9534		
9555				
			9676
9556				
	9677			
		9535	

---------------------------------
plain	jelly	coconut	honey-dip
	9813			
	9814			
		9679		
			9817
	9815			
9703				
			9818
			9819
9704				
			9820
	9816			
			9821


---------------------------------
plain	jelly	coconut	honey-dip
		9792		
	9937			
		9793		
			9920
			9921
	9938			
		9794		
9807				
		9795		
			9922
			9923
	9939	

---------------------------------
plain	jelly	coconut	honey-dip
			10073
			10074
			10075
9938				
	10082			
		9939		
			10076
	10083			
	10084			
	10085			
			10077
		9940	

---------------------------------
plain	jelly	coconut	honey-dip
		10068		
		10069		
	10215			
			10192
		10070		
		10071		
	10216			
			10193
	10217			
	10218			
			10194
10061	

---------------------------------
plain	jelly	coconut	honey-dip
	10375			
10184				
10185				
			10328
			10329
10186				
			10330
			10331
		10201		
10187				
	10376			
10188	

---------------------------------
plain	jelly	coconut	honey-dip
		10296		
	10490			
			10443
	10491			
		10297		
10279				
10280				
			10444
			10445
		10298		
10281				
	10492	

---------------------------------
plain	jelly	coconut	honey-dip
		10486		
			10631
	10680			
10467				
	10681			
10468				
10469				
	10682			
			10632
		10487		
		10488		
		10489	

---------------------------------
plain	jelly	coconut	honey-dip
	10820			
	10821			
	10822			
		10599		
10613				
			10784
			10785
10614				
	10823			
		10600		
			10786
			10787


---------------------------------
plain	jelly	coconut	honey-dip
	10940			
10750				
10751				
	10941			
			10907
10752				
		10759		
	10942			
10753				
10754				
		10760		
10755	

---------------------------------
plain	jelly	coconut	honey-dip
	11066			
			11032
		10889		
10885				
10886				
	11067			
10887				
10888				
	11068			
		10890		
	11069			
10889	

---------------------------------
plain	jelly	coconut	honey-dip
			11172
		11029		
	11206			
	11207			
10993				
10994				
	11208			
10995				
	11209			
		11030		
10996				
10997	

---------------------------------
plain	jelly	coconut	honey-dip
			11284
		11127		
11107				
			11285
11108				
			11286
			11287
			11288
			11289
	11314			
		11128		
	11315	

---------------------------------
plain	jelly	coconut	honey-dip
			11417
11225				
11226				
		11263		
		11264		
11227				
			11418
		11265		
	11455			
			11419
11228				
		11266	

---------------------------------
plain	jelly	coconut	honey-dip
	11607			
11380				
		11413		
			11584
		11414		
			11585
		11415		
	11608			
			11586
	11609			
		11416		
			11587


---------------------------------
plain	jelly	coconut	honey-dip
		11554		
		11555		
	11739			
			11726
11517				
			11727
		11556		
		11557		
		11558		
			11728
	11740			
		11559	

---------------------------------
plain	jelly	coconut	honey-dip
	11966			
		11808		
		11809		
11808				
11809				
11810				
			11986
			11987
11811				
	11967			
			11988
			11989


---------------------------------
plain	jelly	coconut	honey-dip
12003				
	12156			
		12014		
			12187
			12188
12004				
12005				
12006				
			12189
			12190
		12015		
		12016	

---------------------------------
plain	jelly	coconut	honey-dip
			12305
	12282			
			12306
	12283			
12142				
		12135		
12143				
		12136		
		12137		
	12284			
12144				
		12138	

---------------------------------
plain	jelly	coconut	honey-dip
			12455
			12456
			12457
12288				
		12274		
12289				
		12275		
			12458
			12459
		12276		
			12460
		12277	

---------------------------------
plain	jelly	coconut	honey-dip
		12418		
12423				
		12419		
			12627
	12536			
12424				
	12537			
			12628
		12420		
		12421		
	12538			
			12629


---------------------------------
plain	jelly	coconut	honey-dip
		12569		
	12653			
			12756
		12570		
12554				
	12654			
			12757
			12758
			12759
			12760
			12761
		12571	

---------------------------------
plain	jelly	coconut	honey-dip
			12859
12709				
12710				
12711				
			12860
12712				
	12768			
		12688		
12713				
12714				
12715				
12716	

---------------------------------
plain	jelly	coconut	honey-dip
		12822		
12848				
			12998
		12823		
		12824		
		12825		
12849				
12850				
		12826		
12851				
		12827		
12852	

---------------------------------
plain	jelly	coconut	honey-dip
13029				
	13055			
13030				
	13056			
		12988		
			13152
13031				
13032				
			13153
		12989		
	13057			
		12990	

---------------------------------
plain	jelly	coconut	honey-dip
	13196			
	13197			
	13198			
13169				
			13297
	13199			
		13138		
		13139		
	13200			
		13140		
			13298
13170	

---------------------------------
plain	jelly	coconut	honey-dip
		13257		
			13435
13313				
13314				
		13258		
			13436
13315				
		13259		
		13260		
		13261		
13316				
		13262	

---------------------------------
plain	jelly	coconut	honey-dip
	13499			
	13500			
13473				
		13408		
	13501			
	13502			
13474				
13475				
13476				
13477				
		13409		
			13584


---------------------------------
plain	jelly	coconut	honey-dip
	13711			
		13591		
13691				
			13787
		13592		
13692				
		13593		
13693				
			13788
		13594		
	13712			
			13789


---------------------------------
plain	jelly	coconut	honey-dip
	13860			
		13751		
	13861			
			13945
	13862			
			13946
	13863			
		13752		
	13864			
13836				
		13753		
	13865	

---------------------------------
plain	jelly	coconut	honey-dip
		13894		
		13895		
			14107
13976				
			14108
13977				
13978				
			14109
		13896		
	14015			
	14016			
	14017	

---------------------------------
plain	jelly	coconut	honey-dip
	14196			
	14197			
			14301
		14100		
	14198			
	14199			
		14101		
14151				
			14302
	14200			
		14102		
14152	

---------------------------------
plain	jelly	coconut	honey-dip
		14293		
14314				
14315				
			14485
	14364			
14316				
			14486
14317				
	14365			
14318				
	14366			
14319	

---------------------------------
plain	jelly	coconut	honey-dip
14458				
			14645
14459				
	14503			
14460				
		14438		
			14646
	14504			
			14647
	14505			
		14439		
		14440	

---------------------------------
plain	jelly	coconut	honey-dip
			14773
14593				
	14641			
14594				
14595				
	14642			
		14601		
			14774
	14643			
			14775
	14644			
			14776


---------------------------------
plain	jelly	coconut	honey-dip
	14755			
14691				
	14756			
			14893
14692				
14693				
	14757			
	14758			
			14894
			14895
	14759			
14694	

---------------------------------
plain	jelly	coconut	honey-dip
14804				
		14831		
14805				
			15019
		14832		
			15020
14806				
	14878			
		14833		
		14834		
14807				
			15021


---------------------------------
plain	jelly	coconut	honey-dip
14957				
14958				
	15019			
		14971		
	15020			
	15021			
			15137
14959				
	15022			
		14972		
14960				
		14973	

---------------------------------
plain	jelly	coconut	honey-dip
15183				
		15204		
	15216			
		15205		
		15206		
		15207		
15184				
15185				
	15217			
	15218			
	15219			
		15208	

---------------------------------
plain	jelly	coconut	honey-dip
15334				
	15382			
15335				
		15353		
		15354		
15336				
	15383			
15337				
			15491
			15492
15338				
15339	

---------------------------------
plain	jelly	coconut	honey-dip
			15630
	15512			
15447				
15448				
	15513			
	15514			
			15631
		15487		
15449				
	15515			
			15632
	15516	

---------------------------------
plain	jelly	coconut	honey-dip
		15613		
			15737
15570				
	15612			
	15613			
		15614		
		15615		
15571				
15572				
		15616		
		15617		
		15618	

---------------------------------
plain	jelly	coconut	honey-dip
		15809		
	15809			
		15810		
	15810			
		15811		
		15812		
		15813		
		15814		
			15926
15768				
			15927
			15928


---------------------------------
plain	jelly	coconut	honey-dip
		16040		
	16052			
		16041		
		16042		
		16043		
	16053			
16005				
16006				
16007				
		16044		
	16054			
16008	

---------------------------------
plain	jelly	coconut	honey-dip
	16251			
	16252			
			16346
			16347
		16245		
		16246		
			16348
			16349
			16350
		16247		
16210				
16211	

---------------------------------
plain	jelly	coconut	honey-dip
16324				
		16378		
16325				
			16465
16326				
	16365			
			16466
			16467
			16468
		16379		
		16380		
		16381	

---------------------------------
plain	jelly	coconut	honey-dip
			16634
16508				
16509				
16510				
			16635
		16576		
16511				
16512				
	16582			
			16636
16513				
16514	

---------------------------------
plain	jelly	coconut	honey-dip
		16683		
	16701			
			16759
			16760
	16702			
		16684		
			16761
		16685		
16625				
	16703			
	16704			
			16762


---------------------------------
plain	jelly	coconut	honey-dip
			16900
		16804		
		16805		
		16806		
			16901
16781				
		16807		
			16902
		16808		
			16903
			16904
	16847	

---------------------------------
plain	jelly	coconut	honey-dip
			17058
	16986			
	16987			
	16988			
16965				
16966				
	16989			
		16983		
	16990			
			17059
	16991			
	16992	

---------------------------------
plain	jelly	coconut	honey-dip
			17161
		17095		
			17162
			17163
17059				
17060				
		17096		
		17097		
			17164
			17165
		17098		
	17097	

---------------------------------
plain	jelly	coconut	honey-dip
17203				
			17298
		17271		
			17299
17204				
17205				
	17228			
			17300
17206				
		17272		
		17273		
			17301


---------------------------------
plain	jelly	coconut	honey-dip
			17482
			17483
		17475		
			17484
	17416			
17395				
	17417			
		17476		
		17477		
		17478		
17396				
		17479	

---------------------------------
plain	jelly	coconut	honey-dip
17544				
17545				
	17595			
	17596			
		17620		
	17597			
17546				
17547				
	17598			
			17633
			17634
	17599	

---------------------------------
plain	jelly	coconut	honey-dip
	17743			
			17802
		17774		
	17744			
		17775		
	17745			
	17746			
			17803
		17776		
	17747			
			17804
	17748	

---------------------------------
plain	jelly	coconut	honey-dip
17850				
17851				
			17913
17852				
	17865			
	17866			
		17928		
17853				
		17929		
			17914
	17867			
			17915


---------------------------------
plain	jelly	coconut	honey-dip
	18023			
			18072
18015				
		18082		
			18073
18016				
18017				
		18083		
	18024			
			18074
		18084		
18018	

---------------------------------
plain	jelly	coconut	honey-dip
		18259		
		18260		
		18261		
18206				
18207				
	18222			
			18249
	18223			
	18224			
			18250
18208				
	18225	

---------------------------------
plain	jelly	coconut	honey-dip
		18402		
			18378
	18361			
	18362			
			18379
		18403		
18347				
18348				
			18380
		18404		
		18405		
	18363	

---------------------------------
plain	jelly	coconut	honey-dip
18486				
		18541		
		18542		
18487				
			18501
	18500			
18488				
18489				
		18543		
	18501			
18490				
		18544	

---------------------------------
plain	jelly	coconut	honey-dip
		18715		
18641				
18642				
			18658
18643				
	18650			
18644				
	18651			
			18659
	18652			
18645				
	18653	

---------------------------------
plain	jelly	coconut	honey-dip
18869				
		18900		
		18901		
18870				
		18902		
		18903		
		18904		
			18867
		18905		
	18856			
18871				
	18857	

---------------------------------
plain	jelly	coconut	honey-dip
19037				
19038				
		19065		
	19007			
19039				
		19066		
			19019
		19067		
			19020
	19008			
19040				
		19068	

---------------------------------
plain	jelly	coconut	honey-dip
	19208			
		19268		
		19269		
		19270		
19240				
			19240
	19209			
19241				
19242				
	19210			
			19241
19243	

---------------------------------
plain	jelly	coconut	honey-dip
			19382
		19415		
19380				
	19331			
			19383
	19332			
			19384
19381				
			19385
	19333			
			19386
			19387


---------------------------------
plain	jelly	coconut	honey-dip
			19514
	19440			
19500				
			19515
19501				
	19441			
	19442			
19502				
19503				
		19522		
		19523		
		19524	

---------------------------------
plain	jelly	coconut	honey-dip
		19644		
19645				
		19645		
	19586			
			19653
	19587			
19646				
			19654
		19646		
		19647		
19647				
			19655


---------------------------------
plain	jelly	coconut	honey-dip
	19708			
		19799		
		19800		
		19801		
	19709			
			19791
		19802		
	19710			
			19792
		19803		
		19804		
	19711	

---------------------------------
plain	jelly	coconut	honey-dip
	19849			
			19939
	19850			
			19940
	19851			
		19961		
19931				
19932				
	19852			
19933				
19934				
		19962	

---------------------------------
plain	jelly	coconut	honey-dip
	20002			
	20003			
	20004			
		20087		
		20088		
20059				
		20089		
20060				
			20108
	20005			
	20006			
	20007	

---------------------------------
plain	jelly	coconut	honey-dip
		20227		
			20231
20196				
20197				
20198				
	20154			
		20228		
	20155			
		20229		
20199				
	20156			
20200	

---------------------------------
plain	jelly	coconut	honey-dip
	20281			
20331				
	20282			
	20283			
	20284			
20332				
20333				
	20285			
		20367		
20334				
20335				
			20357


---------------------------------
plain	jelly	coconut	honey-dip
20448				
	20389			
	20390			
		20506		
	20391			
20449				
	20392			
20450				
	20393			
	20394			
	20395			
20451	

---------------------------------
plain	jelly	coconut	honey-dip
		20680		
		20681		
			20663
	20560			
		20682		
			20664
	20561			
		20683		
			20665
	20562			
	20563			
			20666


---------------------------------
plain	jelly	coconut	honey-dip
	20700			
20779				
20780				
		20835		
			20810
20781				
			20811
20782				
			20812
			20813
			20814
			20815


---------------------------------
plain	jelly	coconut	honey-dip
20931				
20932				
	20811			
			20943
			20944
20933				
	20812			
20934				
		20967		
	20813			
	20814			
			20945


---------------------------------
plain	jelly	coconut	honey-dip
		21140		
	20988			
	20989			
			21114
			21115
	20990			
			21116
21106				
		21141		
			21117
	20991			
			21118


---------------------------------
plain	jelly	coconut	honey-dip
		21271		
			21241
		21272		
21228				
21229				
		21273		
		21274		
21230				
		21275		
	21112			
	21113			
			21242


---------------------------------
plain	jelly	coconut	honey-dip
21388				
21389				
21390				
		21424		
		21425		
			21407
	21281			
			21408
	21282			
		21426		
	21283			
	21284	

---------------------------------
plain	jelly	coconut	honey-dip
	21405			
	21406			
			21544
21532				
			21545
		21571		
			21546
		21572		
	21407			
			21547
21533				
21534	

---------------------------------
plain	jelly	coconut	honey-dip
			21657
	21522			
21668				
21669				
	21523			
21670				
		21685		
			21658
			21659
		21686		
		21687		
21671	

---------------------------------
plain	jelly	coconut	honey-dip
21814				
		21822		
		21823		
			21807
21815				
	21665			
	21666			
	21667			
	21668			
			21808
		21824		
	21669	

---------------------------------
plain	jelly	coconut	honey-dip
	21804			
21939				
		21971		
21940				
			21934
			21935
	21805			
		21972		
			21936
	21806			
			21937
	21807	

---------------------------------
plain	jelly	coconut	honey-dip
22067				
			22053
22068				
			22054
	21937			
	21938			
			22055
			22056
			22057
			22058
	21939			
	21940	

---------------------------------
plain	jelly	coconut	honey-dip
			22240
		22304		
22245				
			22241
			22242
22246				
			22243
	22143			
22247				
		22305		
	22144			
	22145	

---------------------------------
plain	jelly	coconut	honey-dip
22373				
			22351
		22448		
22374				
		22449		
	22276			
22375				
	22277			
			22352
			22353
	22278			
22376	

---------------------------------
plain	jelly	coconut	honey-dip
		22553		
			22475
			22476
			22477
			22478
		22554		
	22382			
22482				
	22383			
		22555		
22483				
			22479


---------------------------------
plain	jelly	coconut	honey-dip
22629				
	22552			
		22698		
			22613
22630				
			22614
		22699		
	22553			
22631				
		22700		
		22701		
		22702	

---------------------------------
plain	jelly	coconut	honey-dip
	22742			
		22846		
			22789
	22743			
		22847		
	22744			
22799				
22800				
	22745			
	22746			
		22848		
			22790


---------------------------------
plain	jelly	coconut	honey-dip
	22867			
22922				
		22968		
	22868			
22923				
	22869			
			22947
22924				
			22948
22925				
22926				
			22949


---------------------------------
plain	jelly	coconut	honey-dip
23061				
23062				
23063				
			23054
23064				
		23116		
		23117		
		23118		
			23055
			23056
23065				
	22989	

---------------------------------
plain	jelly	coconut	honey-dip
	23130			
			23185
		23258		
	23131			
			23186
	23132			
			23187
	23133			
			23188
			23189
	23134			
			23190


---------------------------------
plain	jelly	coconut	honey-dip
	23286			
		23395		
			23336
			23337
23331				
			23338
23332				
		23396		
	23287			
	23288			
		23397		
	23289	

---------------------------------
plain	jelly	coconut	honey-dip
		23595		
		23596		
	23460			
		23597		
		23598		
	23461			
			23496
23505				
	23462			
			23497
	23463			
			23498


---------------------------------
plain	jelly	coconut	honey-dip
23662				
			23654
23663				
			23655
			23656
23664				
	23613			
		23751		
			23657
		23752		
		23753		
23665	

---------------------------------
plain	jelly	coconut	honey-dip
			23805
23799				
			23806
			23807
		23893		
	23735			
		23894		
	23736			
23800				
		23895		
			23808
	23737	

---------------------------------
plain	jelly	coconut	honey-dip
			23925
23921				
			23926
			23927
23922				
			23928
23923				
23924				
			23929
		24045		
			23930
		24046	

---------------------------------
plain	jelly	coconut	honey-dip
24000				
24001				
			24012
		24135		
24002				
24003				
	23973			
			24013
24004				
	23974			
24005				
		24136	

---------------------------------
plain	jelly	coconut	honey-dip
24127				
24128				
		24268		
			24131
	24110			
		24269		
	24111			
24129				
	24112			
			24132
		24270		
			24133


---------------------------------
plain	jelly	coconut	honey-dip
24263				
	24257			
24264				
		24390		
	24258			
			24266
	24259			
		24391		
	24260			
	24261			
		24392		
			24267


---------------------------------
plain	jelly	coconut	honey-dip
24428				
	24403			
24429				
			24378
			24379
24430				
24431				
24432				
			24380
			24381
			24382
	24404	

---------------------------------
plain	jelly	coconut	honey-dip
	24513			
		24673		
		24674		
	24514			
	24515			
		24675		
			24488
	24516			
24534				
			24489
24535				
24536	

---------------------------------
plain	jelly	coconut	honey-dip
	24686			
	24687			
		24813		
		24814		
	24688			
	24689			
		24815		
		24816		
	24690			
24681				
			24628
		24817	

---------------------------------
plain	jelly	coconut	honey-dip
	24856			
			24799
	24857			
24870				
		24955		
	24858			
	24859			
	24860			
24871				
		24956		
			24800
		24957	

---------------------------------
plain	jelly	coconut	honey-dip
			24946
		25103		
	25005			
25014				
25015				
			24947
	25006			
			24948
	25007			
	25008			
		25104		
			24949


---------------------------------
plain	jelly	coconut	honey-dip
	25138			
		25228		
25130				
		25229		
	25139			
		25230		
		25231		
		25232		
25131				
25132				
		25233		
		25234	

---------------------------------
plain	jelly	coconut	honey-dip
		25500		
			25314
25380				
25381				
		25501		
		25502		
			25315
			25316
		25503		
			25317
	25374			
			25318


---------------------------------
plain	jelly	coconut	honey-dip
25499				
25500				
		25639		
	25495			
		25640		
		25641		
	25496			
	25497			
		25642		
		25643		
			25451
25501	

---------------------------------
plain	jelly	coconut	honey-dip
	25667			
		25809		
	25668			
			25626
		25810		
	25669			
	25670			
		25811		
			25627
	25671			
25654				
		25812	

---------------------------------
plain	jelly	coconut	honey-dip
			25800
		25974		
			25801
		25975		
			25802
25804				
25805				
	25826			
25806				
	25827			
25807				
25808	

---------------------------------
plain	jelly	coconut	honey-dip
			25908
	25922			
			25909
25919				
	25923			
			25910
25920				
		26087		
25921				
	25924			
25922				
			25911


---------------------------------
plain	jelly	coconut	honey-dip
		26221		
	26053			
		26222		
	26054			
	26055			
		26223		
	26056			
			26028
26038				
		26224		
	26057			
	26058	

---------------------------------
plain	jelly	coconut	honey-dip
		26390		
	26183			
26189				
			26190
	26184			
26190				
	26185			
26191				
		26391		
	26186			
26192				
26193	

---------------------------------
plain	jelly	coconut	honey-dip
26312				
			26311
		26512		
		26513		
			26312
		26514		
			26313
	26333			
26313				
26314				
	26334			
		26515	

---------------------------------
plain	jelly	coconut	honey-dip
			26435
			26436
			26437
		26649		
26426				
		26650		
26427				
			26438
		26651		
26428				
		26652		
	26450	

---------------------------------
plain	jelly	coconut	honey-dip
		26724		
26500				
26501				
			26491
26502				
			26492
26503				
26504				
	26509			
26505				
	26510			
26506	

---------------------------------
plain	jelly	coconut	honey-dip
		26868		
		26869		
	26651			
26668				
26669				
	26652			
			26637
	26653			
	26654			
			26638
	26655			
	26656	

