---------------------------------
plain	jelly	coconut	honey-dip
			81
	98			
		102		
91				
92				
		103		
93				
		104		
			82
94				
95				
	99	

---------------------------------
plain	jelly	coconut	honey-dip
206				
	186			
207				
	187			
208				
		195		
209				
	188			
		196		
210				
211				
212	

---------------------------------
plain	jelly	coconut	honey-dip
			217
		247		
			218
250				
	246			
		248		
	247			
	248			
			219
			220
251				
252	

---------------------------------
plain	jelly	coconut	honey-dip
		289		
289				
			258
290				
			259
291				
		290		
292				
		291		
		292		
			260
			261


---------------------------------
plain	jelly	coconut	honey-dip
			322
	339			
			323
			324
			325
348				
	340			
349				
	341			
			326
	342			
	343	

---------------------------------
plain	jelly	coconut	honey-dip
392				
	390			
393				
		401		
		402		
			377
394				
		403		
395				
			378
		404		
396	

---------------------------------
plain	jelly	coconut	honey-dip
	469			
		476		
	470			
478				
			449
479				
			450
480				
481				
		477		
		478		
	471	

---------------------------------
plain	jelly	coconut	honey-dip
		531		
		532		
	535			
	536			
			506
			507
528				
		533		
	537			
529				
			508
530	

---------------------------------
plain	jelly	coconut	honey-dip
		582		
		583		
			568
		584		
596				
		585		
			569
		586		
597				
	594			
			570
598	

---------------------------------
plain	jelly	coconut	honey-dip
664				
665				
	674			
666				
			657
	675			
		681		
			658
	676			
			659
667				
	677	

---------------------------------
plain	jelly	coconut	honey-dip
	730			
		728		
		729		
	731			
719				
		730		
		731		
720				
		732		
		733		
	732			
		734	

---------------------------------
plain	jelly	coconut	honey-dip
			792
		810		
		811		
		812		
780				
		813		
781				
		814		
	798			
		815		
		816		
			793


---------------------------------
plain	jelly	coconut	honey-dip
	874			
		892		
		893		
861				
	875			
			889
		894		
		895		
	876			
	877			
862				
			890


---------------------------------
plain	jelly	coconut	honey-dip
948				
949				
	948			
950				
			970
		974		
	949			
	950			
	951			
			971
	952			
	953	

---------------------------------
plain	jelly	coconut	honey-dip
		1024		
997				
	1003			
		1025		
		1026		
		1027		
	1004			
		1028		
		1029		
		1030		
			1020
	1005	

---------------------------------
plain	jelly	coconut	honey-dip
		1106		
		1107		
1078				
			1096
		1108		
			1097
	1112			
		1109		
			1098
		1110		
1079				
	1113	

---------------------------------
plain	jelly	coconut	honey-dip
1159				
		1191		
1160				
	1197			
			1181
	1198			
		1192		
	1199			
		1193		
			1182
		1194		
	1200	

---------------------------------
plain	jelly	coconut	honey-dip
			1266
			1267
		1280		
			1268
	1302			
1240				
	1303			
	1304			
1241				
			1269
1242				
			1270


---------------------------------
plain	jelly	coconut	honey-dip
	1381			
1335				
			1349
		1371		
			1350
1336				
1337				
			1351
		1372		
			1352
		1373		
		1374	

---------------------------------
plain	jelly	coconut	honey-dip
			1449
			1450
			1451
			1452
			1453
			1454
		1466		
		1467		
1426				
		1468		
	1479			
			1455


---------------------------------
plain	jelly	coconut	honey-dip
		1543		
1509				
1510				
	1557			
			1547
1511				
1512				
1513				
1514				
1515				
			1548
		1544	

---------------------------------
plain	jelly	coconut	honey-dip
	1619			
		1611		
			1613
			1614
1577				
1578				
		1612		
	1620			
	1621			
		1613		
		1614		
			1615


---------------------------------
plain	jelly	coconut	honey-dip
	1721			
	1722			
			1699
		1697		
	1723			
			1700
		1698		
			1701
		1699		
			1702
			1703
1663	

---------------------------------
plain	jelly	coconut	honey-dip
			1811
			1812
			1813
	1821			
			1814
1777				
1778				
			1815
		1803		
			1816
			1817
			1818


---------------------------------
plain	jelly	coconut	honey-dip
		1899		
	1913			
	1914			
		1900		
			1923
		1901		
		1902		
	1915			
1885				
			1924
		1903		
	1916	

---------------------------------
plain	jelly	coconut	honey-dip
		1996		
		1997		
	2026			
	2027			
1996				
			2046
			2047
			2048
1997				
	2028			
	2029			
		1998	

---------------------------------
plain	jelly	coconut	honey-dip
2210				
			2277
			2278
2211				
2212				
	2266			
			2279
	2267			
	2268			
		2247		
			2280
2213	

---------------------------------
plain	jelly	coconut	honey-dip
2298				
			2357
			2358
		2335		
	2346			
2299				
		2336		
		2337		
		2338		
			2359
			2360
		2339	

---------------------------------
plain	jelly	coconut	honey-dip
2449				
			2486
			2487
	2483			
		2470		
	2484			
		2471		
		2472		
		2473		
	2485			
2450				
		2474	

---------------------------------
plain	jelly	coconut	honey-dip
2552				
		2588		
			2621
			2622
2553				
2554				
			2623
			2624
2555				
	2607			
	2608			
2556	

---------------------------------
plain	jelly	coconut	honey-dip
2646				
	2697			
	2698			
	2699			
			2720
	2700			
			2721
			2722
			2723
2647				
2648				
			2724


---------------------------------
plain	jelly	coconut	honey-dip
2750				
	2782			
			2826
			2827
		2790		
			2828
			2829
2751				
		2791		
		2792		
2752				
		2793	

---------------------------------
plain	jelly	coconut	honey-dip
2902				
		2923		
		2924		
2903				
		2925		
			2956
	2907			
2904				
2905				
2906				
2907				
2908	

---------------------------------
plain	jelly	coconut	honey-dip
			3074
	3016			
3028				
		3038		
3029				
3030				
		3039		
3031				
3032				
			3075
		3040		
3033	

---------------------------------
plain	jelly	coconut	honey-dip
		3141		
3140				
			3192
			3193
		3142		
			3194
3141				
			3195
3142				
	3127			
3143				
			3196


---------------------------------
plain	jelly	coconut	honey-dip
3271				
		3253		
	3250			
			3330
	3251			
3272				
		3254		
3273				
			3331
			3332
3274				
	3252	

---------------------------------
plain	jelly	coconut	honey-dip
3391				
		3380		
	3372			
	3373			
3392				
3393				
	3374			
	3375			
		3381		
3394				
3395				
			3465


---------------------------------
plain	jelly	coconut	honey-dip
			3579
			3580
	3475			
3513				
3514				
			3581
3515				
			3582
3516				
		3521		
			3583
			3584


---------------------------------
plain	jelly	coconut	honey-dip
			3694
	3593			
3614				
			3695
3615				
			3696
			3697
		3643		
		3644		
		3645		
3616				
		3646	

---------------------------------
plain	jelly	coconut	honey-dip
		3794		
3747				
			3848
		3795		
3748				
			3849
3749				
			3850
			3851
			3852
	3755			
			3853


---------------------------------
plain	jelly	coconut	honey-dip
	3903			
		3898		
			3988
	3904			
			3989
			3990
		3899		
	3905			
			3991
3871				
		3900		
	3906	

---------------------------------
plain	jelly	coconut	honey-dip
3998				
	4022			
			4096
			4097
			4098
3999				
			4099
		4024		
4000				
		4025		
4001				
			4100


---------------------------------
plain	jelly	coconut	honey-dip
			4198
		4133		
	4144			
			4199
	4145			
			4200
		4134		
			4201
		4135		
	4146			
4133				
4134	

---------------------------------
plain	jelly	coconut	honey-dip
	4304			
4288				
		4312		
		4313		
	4305			
			4376
			4377
	4306			
4289				
4290				
	4307			
		4314	

---------------------------------
plain	jelly	coconut	honey-dip
	4497			
	4498			
4468				
	4499			
			4565
4469				
4470				
4471				
4472				
4473				
			4566
4474	

---------------------------------
plain	jelly	coconut	honey-dip
4610				
			4699
			4700
			4701
4611				
	4619			
	4620			
	4621			
		4624		
		4625		
			4702
4612	

---------------------------------
plain	jelly	coconut	honey-dip
4800				
	4803			
4801				
4802				
4803				
	4804			
		4779		
	4805			
			4854
4804				
	4806			
4805	

---------------------------------
plain	jelly	coconut	honey-dip
			4962
4927				
			4963
	4934			
	4935			
	4936			
4928				
		4881		
	4937			
		4882		
4929				
	4938	

---------------------------------
plain	jelly	coconut	honey-dip
		5010		
5019				
			5087
			5088
		5011		
	5044			
		5012		
	5045			
5020				
			5089
	5046			
	5047	

---------------------------------
plain	jelly	coconut	honey-dip
			5222
5159				
	5210			
			5223
			5224
	5211			
			5225
			5226
5160				
			5227
		5169		
		5170	

---------------------------------
plain	jelly	coconut	honey-dip
		5362		
		5363		
		5364		
5366				
	5415			
		5365		
		5366		
			5421
5367				
5368				
	5416			
			5422


---------------------------------
plain	jelly	coconut	honey-dip
	5616			
	5617			
	5618			
5575				
		5572		
			5605
	5619			
	5620			
			5606
5576				
		5573		
			5607


---------------------------------
plain	jelly	coconut	honey-dip
	6151			
	6152			
	6153			
	6154			
		6060		
	6155			
			6111
			6112
		6061		
		6062		
	6156			
		6063	

---------------------------------
plain	jelly	coconut	honey-dip
		6211		
	6325			
			6277
			6278
			6279
	6326			
	6327			
	6328			
			6280
		6212		
		6213		
6219	

---------------------------------
plain	jelly	coconut	honey-dip
	6473			
6345				
	6474			
6346				
			6410
			6411
	6475			
			6412
	6476			
			6413
6347				
			6414


---------------------------------
plain	jelly	coconut	honey-dip
6456				
	6592			
6457				
6458				
	6593			
	6594			
			6520
		6472		
	6595			
			6521
	6596			
6459	

---------------------------------
plain	jelly	coconut	honey-dip
		6585		
	6711			
6594				
			6630
6595				
			6631
6596				
			6632
	6712			
		6586		
	6713			
	6714	

---------------------------------
plain	jelly	coconut	honey-dip
		6705		
			6787
		6706		
		6707		
6747				
			6788
6748				
6749				
6750				
6751				
6752				
	6833	

---------------------------------
plain	jelly	coconut	honey-dip
6900				
			6938
		6832		
	6966			
		6833		
		6834		
			6939
		6835		
		6836		
		6837		
		6838		
6901	

---------------------------------
plain	jelly	coconut	honey-dip
			7122
	7123			
			7123
			7124
			7125
	7124			
7053				
7054				
		6986		
	7125			
		6987		
7055	

---------------------------------
plain	jelly	coconut	honey-dip
	7261			
		7120		
7181				
7182				
	7262			
		7121		
			7274
		7122		
		7123		
	7263			
		7124		
	7264	

---------------------------------
plain	jelly	coconut	honey-dip
	7418			
7315				
	7419			
7316				
		7288		
			7403
		7289		
		7290		
		7291		
7317				
			7404
		7292	

---------------------------------
plain	jelly	coconut	honey-dip
		7448		
		7449		
			7560
		7450		
	7576			
	7577			
			7561
7464				
	7578			
		7451		
	7579			
	7580	

---------------------------------
plain	jelly	coconut	honey-dip
		7599		
			7736
	7737			
			7737
			7738
		7600		
	7738			
		7601		
		7602		
			7739
			7740
7612	

---------------------------------
plain	jelly	coconut	honey-dip
		7735		
7745				
	7883			
	7884			
			7885
7746				
7747				
			7886
			7887
7748				
		7736		
		7737	

---------------------------------
plain	jelly	coconut	honey-dip
7941				
		7895		
			8074
7942				
			8075
	8058			
			8076
7943				
7944				
			8077
			8078
	8059	

---------------------------------
plain	jelly	coconut	honey-dip
8069				
		8015		
	8176			
			8212
8070				
8071				
	8177			
	8178			
			8213
		8016		
		8017		
		8018	

---------------------------------
plain	jelly	coconut	honey-dip
8220				
8221				
			8363
	8342			
	8343			
8222				
8223				
	8344			
8224				
		8171		
	8345			
			8364


---------------------------------
plain	jelly	coconut	honey-dip
8341				
			8471
	8475			
8342				
8343				
	8476			
			8472
		8289		
8344				
		8290		
		8291		
	8477	

---------------------------------
plain	jelly	coconut	honey-dip
	8611			
		8417		
8476				
			8600
8477				
8478				
		8418		
	8612			
			8601
		8419		
		8420		
		8421	

---------------------------------
plain	jelly	coconut	honey-dip
8657				
8658				
		8603		
			8766
			8767
			8768
	8762			
	8763			
			8769
		8604		
8659				
		8605	

---------------------------------
plain	jelly	coconut	honey-dip
8770				
		8742		
			8902
			8903
8771				
8772				
		8743		
8773				
			8904
8774				
		8744		
		8745	

---------------------------------
plain	jelly	coconut	honey-dip
		8873		
		8874		
	9032			
	9033			
	9034			
8906				
			9045
	9035			
	9036			
		8875		
8907				
			9046


---------------------------------
plain	jelly	coconut	honey-dip
		9023		
		9024		
			9189
		9025		
9055				
9056				
9057				
	9177			
	9178			
		9026		
		9027		
9058	

---------------------------------
plain	jelly	coconut	honey-dip
			9433
		9274		
		9275		
		9276		
9298				
	9435			
	9436			
		9277		
9299				
	9437			
			9434
			9435


---------------------------------
plain	jelly	coconut	honey-dip
		9426		
			9585
	9571			
		9427		
9446				
	9572			
	9573			
		9428		
	9574			
		9429		
			9586
		9430	

---------------------------------
plain	jelly	coconut	honey-dip
9608				
9609				
9610				
			9717
			9718
	9724			
9611				
		9579		
		9580		
9612				
	9725			
		9581	

---------------------------------
plain	jelly	coconut	honey-dip
		9701		
		9702		
9727				
			9847
			9848
9728				
			9849
		9703		
		9704		
		9705		
9729				
	9845	

---------------------------------
plain	jelly	coconut	honey-dip
			10001
		9860		
		9861		
			10002
			10003
	10014			
		9862		
	10015			
		9863		
			10004
	10016			
9869	

---------------------------------
plain	jelly	coconut	honey-dip
		10008		
			10139
	10169			
			10140
10004				
10005				
	10170			
		10009		
		10010		
			10141
			10142
	10171	

---------------------------------
plain	jelly	coconut	honey-dip
	10308			
			10290
	10309			
		10152		
	10310			
			10291
	10311			
		10153		
10134				
10135				
		10154		
			10292


---------------------------------
plain	jelly	coconut	honey-dip
		10282		
	10468			
			10420
			10421
			10422
10266				
			10423
	10469			
		10283		
			10424
	10470			
	10471	

---------------------------------
plain	jelly	coconut	honey-dip
	10591			
10380				
			10548
		10397		
	10592			
			10549
			10550
10381				
	10593			
		10398		
			10551
	10594	

---------------------------------
plain	jelly	coconut	honey-dip
			10672
10514				
		10523		
	10723			
			10673
			10674
		10524		
	10724			
	10725			
			10675
	10726			
10515	

---------------------------------
plain	jelly	coconut	honey-dip
		10640		
			10813
	10851			
	10852			
		10641		
		10642		
	10853			
		10643		
		10644		
10644				
			10814
			10815


---------------------------------
plain	jelly	coconut	honey-dip
	10978			
10791				
		10802		
10792				
10793				
		10803		
			10941
10794				
			10942
		10804		
	10979			
		10805	

---------------------------------
plain	jelly	coconut	honey-dip
			11084
			11085
		10946		
		10947		
			11086
			11087
		10948		
10933				
			11088
10934				
10935				
	11113	

---------------------------------
plain	jelly	coconut	honey-dip
11051				
11052				
			11227
11053				
		11078		
		11079		
11054				
	11260			
			11228
11055				
	11261			
	11262	

---------------------------------
plain	jelly	coconut	honey-dip
	11396			
		11211		
		11212		
		11213		
			11374
11175				
11176				
	11397			
11177				
	11398			
		11214		
	11399	

---------------------------------
plain	jelly	coconut	honey-dip
		11366		
11336				
		11367		
			11528
			11529
11337				
			11530
	11550			
		11368		
11338				
	11551			
	11552	

---------------------------------
plain	jelly	coconut	honey-dip
	11694			
11457				
			11678
			11679
			11680
11458				
	11695			
			11681
	11696			
		11503		
			11682
11459	

---------------------------------
plain	jelly	coconut	honey-dip
	11839			
11649				
	11840			
		11678		
			11826
11650				
	11841			
			11827
11651				
11652				
			11828
	11842	

---------------------------------
plain	jelly	coconut	honey-dip
	11947			
	11948			
			11960
11785				
		11792		
11786				
		11793		
			11961
11787				
	11949			
			11962
	11950	

---------------------------------
plain	jelly	coconut	honey-dip
12007				
12008				
	12157			
		12017		
		12018		
		12019		
			12191
	12158			
			12192
12009				
			12193
	12159	

---------------------------------
plain	jelly	coconut	honey-dip
			12311
12150				
12151				
			12312
		12146		
	12293			
		12147		
			12313
		12148		
	12294			
12152				
			12314


---------------------------------
plain	jelly	coconut	honey-dip
		12282		
		12283		
		12284		
12291				
			12467
	12412			
	12413			
12292				
12293				
			12468
	12414			
			12469


---------------------------------
plain	jelly	coconut	honey-dip
			12620
			12621
		12412		
			12622
			12623
	12528			
		12413		
		12414		
	12529			
	12530			
		12415		
		12416	

---------------------------------
plain	jelly	coconut	honey-dip
12726				
12727				
12728				
			12865
	12775			
12729				
		12694		
	12776			
			12866
			12867
		12695		
		12696	

---------------------------------
plain	jelly	coconut	honey-dip
12869				
	12914			
	12915			
12870				
		12848		
			13017
	12916			
12871				
	12917			
12872				
			13018
		12849	

---------------------------------
plain	jelly	coconut	honey-dip
		12985		
			13149
			13150
	13053			
13025				
13026				
	13054			
			13151
		12986		
13027				
13028				
		12987	

---------------------------------
plain	jelly	coconut	honey-dip
		13121		
	13177			
13153				
		13122		
		13123		
			13277
13154				
			13278
	13178			
13155				
			13279
13156	

---------------------------------
plain	jelly	coconut	honey-dip
	13346			
		13251		
		13252		
		13253		
			13432
		13254		
			13433
			13434
13311				
		13255		
13312				
		13256	

---------------------------------
plain	jelly	coconut	honey-dip
13462				
13463				
		13402		
			13581
13464				
			13582
		13403		
13465				
		13404		
13466				
			13583
13467	

---------------------------------
plain	jelly	coconut	honey-dip
	13624			
	13625			
		13525		
	13626			
		13526		
		13527		
		13528		
	13627			
			13709
13610				
		13529		
	13628	

---------------------------------
plain	jelly	coconut	honey-dip
		13679		
			13874
		13680		
	13793			
	13794			
	13795			
			13875
	13796			
		13681		
	13797			
13770				
		13682	

---------------------------------
plain	jelly	coconut	honey-dip
		13821		
			14029
		13822		
		13823		
13912				
	13942			
		13824		
13913				
	13943			
			14030
		13825		
			14031


---------------------------------
plain	jelly	coconut	honey-dip
		13982		
			14201
			14202
		13983		
		13984		
			14203
			14204
		13985		
	14103			
	14104			
			14205
	14105	

---------------------------------
plain	jelly	coconut	honey-dip
	14251			
		14148		
			14363
		14149		
	14252			
14190				
	14253			
			14364
14191				
	14254			
14192				
		14150	

---------------------------------
plain	jelly	coconut	honey-dip
	14376			
14329				
			14498
	14377			
	14378			
			14499
		14301		
14330				
	14379			
14331				
	14380			
14332	

---------------------------------
plain	jelly	coconut	honey-dip
			14613
		14415		
14438				
			14614
14439				
			14615
			14616
			14617
14440				
			14618
14441				
		14416	

---------------------------------
plain	jelly	coconut	honey-dip
		14549		
14557				
		14550		
		14551		
		14552		
	14595			
14558				
	14596			
14559				
		14553		
			14727
14560	

---------------------------------
plain	jelly	coconut	honey-dip
			14892
		14709		
	14751			
		14710		
14688				
14689				
	14752			
		14711		
		14712		
14690				
	14753			
	14754	

---------------------------------
plain	jelly	coconut	honey-dip
14840				
		14855		
		14856		
		14857		
		14858		
14841				
		14859		
			15042
14842				
	14903			
		14860		
14843	

---------------------------------
plain	jelly	coconut	honey-dip
			15237
			15238
			15239
15058				
		15074		
		15075		
	15111			
15059				
		15076		
			15240
15060				
15061	

---------------------------------
plain	jelly	coconut	honey-dip
		15218		
			15356
			15357
	15225			
			15358
		15219		
		15220		
	15226			
15197				
15198				
			15359
		15221	

---------------------------------
plain	jelly	coconut	honey-dip
		15358		
			15498
	15385			
		15359		
			15499
15343				
		15360		
	15386			
	15387			
		15361		
15344				
	15388	

---------------------------------
plain	jelly	coconut	honey-dip
		15503		
	15529			
			15648
			15649
	15530			
15468				
	15531			
		15504		
15469				
		15505		
		15506		
15470	

---------------------------------
plain	jelly	coconut	honey-dip
		15662		
			15777
			15778
	15661			
	15662			
			15779
			15780
	15663			
		15663		
		15664		
		15665		
			15781


---------------------------------
plain	jelly	coconut	honey-dip
15761				
			15921
		15802		
15762				
		15803		
			15922
		15804		
		15805		
15763				
	15804			
		15806		
	15805	

---------------------------------
plain	jelly	coconut	honey-dip
		15957		
			16054
	15954			
15911				
	15955			
15912				
			16055
15913				
			16056
	15956			
15914				
			16057


---------------------------------
plain	jelly	coconut	honey-dip
		16180		
			16267
		16181		
16138				
16139				
		16182		
			16268
			16269
		16183		
16140				
	16179			
		16184	

---------------------------------
plain	jelly	coconut	honey-dip
			16424
		16333		
			16425
	16320			
	16321			
16287				
	16322			
			16426
			16427
	16323			
	16324			
		16334	

---------------------------------
plain	jelly	coconut	honey-dip
	16481			
	16482			
		16468		
	16483			
		16469		
		16470		
		16471		
	16484			
			16551
		16472		
			16552
	16485	

---------------------------------
plain	jelly	coconut	honey-dip
		16615		
			16689
		16616		
16552				
		16617		
			16690
16553				
		16618		
	16636			
			16691
			16692
16554	

---------------------------------
plain	jelly	coconut	honey-dip
16710				
		16745		
	16776			
16711				
		16746		
		16747		
16712				
			16849
	16777			
	16778			
			16850
		16748	

---------------------------------
plain	jelly	coconut	honey-dip
		16941		
			17036
16940				
	16967			
	16968			
		16942		
			17037
16941				
		16943		
	16969			
		16944		
16942	

---------------------------------
plain	jelly	coconut	honey-dip
			17177
		17113		
			17178
17067				
		17114		
	17103			
17068				
	17104			
	17105			
	17106			
		17115		
	17107	

---------------------------------
plain	jelly	coconut	honey-dip
	17231			
	17232			
		17278		
	17233			
17210				
	17234			
	17235			
			17305
	17236			
17211				
		17279		
	17237	

---------------------------------
plain	jelly	coconut	honey-dip
			17429
		17409		
	17360			
17342				
	17361			
			17430
			17431
	17362			
	17363			
			17432
	17364			
		17410	

---------------------------------
plain	jelly	coconut	honey-dip
			17593
		17578		
			17594
		17579		
	17542			
			17595
17499				
		17580		
	17543			
17500				
			17596
			17597


---------------------------------
plain	jelly	coconut	honey-dip
			17778
17696				
17697				
	17719			
	17720			
	17721			
17698				
			17779
		17751		
			17780
			17781
		17752	

---------------------------------
plain	jelly	coconut	honey-dip
			18012
			18013
	17974			
	17975			
	17976			
	17977			
17966				
	17978			
17967				
17968				
	17979			
		18024	

---------------------------------
plain	jelly	coconut	honey-dip
			18187
			18188
		18199		
		18200		
		18201		
	18158			
			18189
	18159			
	18160			
		18202		
		18203		
18140	

---------------------------------
plain	jelly	coconut	honey-dip
18309				
		18348		
		18349		
		18350		
	18323			
18310				
			18328
	18324			
18311				
			18329
18312				
		18351	

---------------------------------
plain	jelly	coconut	honey-dip
		18506		
18444				
	18468			
18445				
18446				
			18478
	18469			
18447				
18448				
	18470			
18449				
	18471	

---------------------------------
plain	jelly	coconut	honey-dip
18584				
	18572			
			18588
			18589
			18590
18585				
	18573			
			18591
18586				
		18644		
18587				
	18574	

---------------------------------
plain	jelly	coconut	honey-dip
18707				
	18716			
	18717			
		18776		
18708				
18709				
	18718			
		18777		
	18719			
	18720			
			18729
	18721	

---------------------------------
plain	jelly	coconut	honey-dip
	18842			
	18843			
			18861
		18893		
			18862
		18894		
18860				
18861				
			18863
			18864
	18844			
	18845	

---------------------------------
plain	jelly	coconut	honey-dip
			18963
	18961			
	18962			
		19015		
		19016		
		19017		
			18964
		19018		
18985				
		19019		
		19020		
	18963	

---------------------------------
plain	jelly	coconut	honey-dip
			19146
	19125			
			19147
			19148
	19126			
			19149
19141				
19142				
		19172		
19143				
			19150
			19151


---------------------------------
plain	jelly	coconut	honey-dip
	19227			
	19228			
19273				
			19265
			19266
	19229			
			19267
19274				
19275				
	19230			
19276				
		19299	

---------------------------------
plain	jelly	coconut	honey-dip
		19431		
		19432		
		19433		
19400				
19401				
			19409
		19434		
19402				
19403				
			19410
		19435		
			19411


---------------------------------
plain	jelly	coconut	honey-dip
		19574		
		19575		
19574				
		19576		
		19577		
		19578		
	19505			
		19579		
	19506			
		19580		
19575				
	19507	

---------------------------------
plain	jelly	coconut	honey-dip
			19862
	19790			
19856				
		19884		
			19863
19857				
19858				
			19864
19859				
	19791			
19860				
			19865


---------------------------------
plain	jelly	coconut	honey-dip
	19873			
	19874			
	19875			
		19983		
	19876			
			19960
		19984		
	19877			
	19878			
			19961
19948				
		19985	

---------------------------------
plain	jelly	coconut	honey-dip
			20124
	20027			
		20117		
	20028			
			20125
	20029			
		20118		
			20126
	20030			
20084				
20085				
20086	

---------------------------------
plain	jelly	coconut	honey-dip
		20239		
			20239
	20168			
20210				
20211				
	20169			
			20240
		20240		
		20241		
			20241
		20242		
	20170	

---------------------------------
plain	jelly	coconut	honey-dip
	20303			
			20379
			20380
20349				
	20304			
	20305			
20350				
	20306			
			20381
	20307			
20351				
			20382


---------------------------------
plain	jelly	coconut	honey-dip
20458				
			20492
20459				
20460				
			20493
		20512		
20461				
		20513		
	20402			
	20403			
	20404			
		20514	

---------------------------------
plain	jelly	coconut	honey-dip
		20657		
20595				
			20642
			20643
			20644
		20658		
		20659		
	20546			
			20645
			20646
	20547			
		20660	

---------------------------------
plain	jelly	coconut	honey-dip
			20786
20738				
20739				
			20787
			20788
20740				
	20679			
20741				
			20789
			20790
		20813		
	20680	

---------------------------------
plain	jelly	coconut	honey-dip
			20899
			20900
		20923		
20883				
			20901
		20924		
		20925		
20884				
		20926		
			20902
		20927		
	20779	

---------------------------------
plain	jelly	coconut	honey-dip
	20971			
21097				
21098				
			21103
21099				
	20972			
	20973			
		21129		
		21130		
21100				
			21104
			21105


---------------------------------
plain	jelly	coconut	honey-dip
21211				
21212				
21213				
21214				
21215				
		21256		
		21257		
	21101			
			21224
		21258		
			21225
			21226


---------------------------------
plain	jelly	coconut	honey-dip
21345				
			21376
21346				
			21377
			21378
	21240			
	21241			
21347				
			21379
			21380
	21242			
			21381


---------------------------------
plain	jelly	coconut	honey-dip
	21346			
			21479
	21347			
			21480
			21481
		21507		
		21508		
	21348			
21480				
		21509		
	21349			
			21482


---------------------------------
plain	jelly	coconut	honey-dip
21624				
		21652		
		21653		
	21485			
21625				
21626				
21627				
	21486			
	21487			
		21654		
21628				
		21655	

---------------------------------
plain	jelly	coconut	honey-dip
			21781
21786				
	21642			
21787				
		21803		
			21782
	21643			
21788				
21789				
		21804		
			21783
			21784


---------------------------------
plain	jelly	coconut	honey-dip
	21764			
	21765			
	21766			
		21930		
21897				
		21931		
21898				
21899				
			21901
	21767			
		21932		
21900	

---------------------------------
plain	jelly	coconut	honey-dip
		22124		
	21975			
22098				
			22099
	21976			
	21977			
		22125		
		22126		
22099				
		22127		
	21978			
	21979	

---------------------------------
plain	jelly	coconut	honey-dip
	22120			
		22282		
22231				
			22215
		22283		
		22284		
		22285		
	22121			
22232				
	22122			
			22216
		22286	

---------------------------------
plain	jelly	coconut	honey-dip
22386				
22387				
	22293			
	22294			
22388				
		22468		
22389				
			22373
	22295			
	22296			
			22374
		22469	

---------------------------------
plain	jelly	coconut	honey-dip
22527				
22528				
		22590		
			22520
22529				
22530				
	22423			
			22521
	22424			
		22591		
	22425			
			22522


---------------------------------
plain	jelly	coconut	honey-dip
			22646
			22647
		22722		
	22583			
	22584			
			22648
	22585			
22661				
			22649
			22650
	22586			
	22587	

---------------------------------
plain	jelly	coconut	honey-dip
			22773
		22831		
		22832		
		22833		
	22720			
			22774
	22721			
22780				
			22775
	22722			
			22776
22781	

---------------------------------
plain	jelly	coconut	honey-dip
	22916			
		23032		
	22917			
		23033		
	22918			
		23034		
	22919			
22976				
		23035		
22977				
			22996
			22997


---------------------------------
plain	jelly	coconut	honey-dip
			23118
	23069			
			23119
	23070			
			23120
	23071			
			23121
23133				
23134				
			23122
23135				
23136	

---------------------------------
plain	jelly	coconut	honey-dip
		23356		
	23246			
			23295
		23357		
		23358		
		23359		
		23360		
	23247			
23283				
23284				
	23248			
		23361	

---------------------------------
plain	jelly	coconut	honey-dip
	23425			
		23560		
			23471
23468				
	23426			
		23561		
		23562		
			23472
		23563		
	23427			
23469				
23470	

---------------------------------
plain	jelly	coconut	honey-dip
			23664
23670				
		23760		
			23665
23671				
			23666
			23667
	23622			
			23668
	23623			
			23669
	23624	

---------------------------------
plain	jelly	coconut	honey-dip
			23794
			23795
			23796
			23797
	23726			
	23727			
	23728			
			23798
		23889		
			23799
23787				
23788	

---------------------------------
plain	jelly	coconut	honey-dip
			23898
	23852			
	23853			
	23854			
			23899
			23900
	23855			
		24021		
		24022		
23893				
23894				
23895	

---------------------------------
plain	jelly	coconut	honey-dip
			24029
		24147		
			24030
		24148		
		24149		
24017				
			24031
			24032
24018				
		24150		
	23987			
	23988	

---------------------------------
plain	jelly	coconut	honey-dip
24148				
		24287		
		24288		
	24132			
			24153
24149				
24150				
			24154
			24155
	24133			
		24289		
	24134	

---------------------------------
plain	jelly	coconut	honey-dip
		24410		
	24278			
	24279			
		24411		
		24412		
			24283
	24280			
24289				
24290				
		24413		
24291				
			24284


---------------------------------
plain	jelly	coconut	honey-dip
		24564		
	24420			
		24565		
		24566		
	24421			
	24422			
	24423			
24449				
	24424			
			24403
			24404
24450	

---------------------------------
plain	jelly	coconut	honey-dip
24598				
	24581			
		24731		
		24732		
			24538
	24582			
24599				
			24539
	24583			
	24584			
	24585			
	24586	

---------------------------------
plain	jelly	coconut	honey-dip
	24760			
			24698
			24699
			24700
			24701
	24761			
	24762			
			24702
		24880		
		24881		
			24703
24758	

---------------------------------
plain	jelly	coconut	honey-dip
	24878			
			24822
		24975		
24901				
24902				
24903				
24904				
24905				
		24976		
			24823
			24824
24906	

---------------------------------
plain	jelly	coconut	honey-dip
	25015			
			24956
			24957
			24958
		25112		
		25113		
	25016			
		25114		
25021				
	25017			
			24959
	25018	

---------------------------------
plain	jelly	coconut	honey-dip
25162				
		25262		
			25110
		25263		
			25111
	25170			
	25171			
			25112
25163				
25164				
	25172			
25165	

---------------------------------
plain	jelly	coconut	honey-dip
25285				
25286				
	25279			
		25384		
25287				
25288				
			25212
			25213
			25214
	25280			
			25215
	25281	

---------------------------------
plain	jelly	coconut	honey-dip
	25394			
	25395			
	25396			
		25530		
			25345
	25397			
		25531		
		25532		
25395				
		25533		
		25534		
	25398	

---------------------------------
plain	jelly	coconut	honey-dip
		25708		
			25514
	25556			
	25557			
			25515
	25558			
		25709		
	25559			
			25516
	25560			
		25710		
25546	

---------------------------------
plain	jelly	coconut	honey-dip
			25792
		25967		
	25814			
			25793
			25794
25795				
25796				
	25815			
	25816			
	25817			
25797				
	25818	

---------------------------------
plain	jelly	coconut	honey-dip
		26110		
			25942
			25943
			25944
			25945
			25946
	25939			
25941				
	25940			
25942				
25943				
25944	

---------------------------------
plain	jelly	coconut	honey-dip
	26047			
	26048			
	26049			
		26218		
26037				
	26050			
			26026
			26027
		26219		
	26051			
		26220		
	26052	

---------------------------------
plain	jelly	coconut	honey-dip
		26382		
			26183
			26184
			26185
		26383		
		26384		
			26186
	26178			
	26179			
		26385		
		26386		
		26387	

---------------------------------
plain	jelly	coconut	honey-dip
26379				
			26357
	26385			
		26575		
	26386			
			26358
			26359
			26360
			26361
26380				
	26387			
26381	

---------------------------------
plain	jelly	coconut	honey-dip
		26773		
	26554			
	26555			
			26532
		26774		
			26533
		26775		
26545				
26546				
26547				
			26534
			26535


---------------------------------
plain	jelly	coconut	honey-dip
	26622			
26635				
	26623			
	26624			
26636				
26637				
			26610
26638				
			26611
		26837		
	26625			
26639	

---------------------------------
plain	jelly	coconut	honey-dip
		26968		
		26969		
	26755			
	26756			
26758				
		26970		
		26971		
		26972		
		26973		
26759				
		26974		
	26757	

---------------------------------
plain	jelly	coconut	honey-dip
		27094		
		27095		
26885				
	26887			
	26888			
	26889			
			26870
		27096		
	26890			
26886				
			26871
			26872


---------------------------------
plain	jelly	coconut	honey-dip
			26979
			26980
		27217		
	26985			
	26986			
		27218		
		27219		
	26987			
26999				
			26981
		27220		
27000	

---------------------------------
plain	jelly	coconut	honey-dip
27129				
27130				
		27335		
	27086			
27131				
27132				
27133				
			27098
		27336		
		27337		
	27087			
27134	

---------------------------------
plain	jelly	coconut	honey-dip
	27186			
			27199
	27187			
		27443		
			27200
27252				
	27188			
			27201
		27444		
27253				
			27202
		27445	

---------------------------------
plain	jelly	coconut	honey-dip
	27299			
	27300			
27394				
		27570		
		27571		
		27572		
		27573		
			27321
27395				
	27301			
			27322
27396	

---------------------------------
plain	jelly	coconut	honey-dip
	27385			
			27411
		27667		
		27668		
			27412
	27386			
	27387			
27493				
			27413
		27669		
	27388			
27494	

---------------------------------
plain	jelly	coconut	honey-dip
		27951		
			27718
		27952		
			27719
27844				
		27953		
			27720
	27739			
			27721
		27954		
		27955		
		27956	

---------------------------------
plain	jelly	coconut	honey-dip
		28031		
	27825			
	27826			
		28032		
			27806
	27827			
		28033		
27914				
			27807
		28034		
27915				
			27808


