---------------------------------
plain	jelly	coconut	honey-dip
		1010		
			1009
986				
		1011		
987				
		1012		
		1013		
			1010
988				
			1011
			1012
		1014	

---------------------------------
plain	jelly	coconut	honey-dip
1210				
			1226
		1235		
	1261			
			1227
			1228
		1236		
		1237		
	1262			
1211				
		1238		
		1239	

---------------------------------
plain	jelly	coconut	honey-dip
			1312
1287				
			1313
		1325		
	1344			
1288				
	1345			
		1326		
1289				
1290				
		1327		
	1346	

---------------------------------
plain	jelly	coconut	honey-dip
		1419		
1374				
			1382
	1429			
1375				
	1430			
	1431			
			1383
			1384
			1385
1376				
1377	

---------------------------------
plain	jelly	coconut	honey-dip
			1465
		1483		
	1491			
	1492			
	1493			
			1466
	1494			
	1495			
		1484		
			1467
	1496			
	1497	

---------------------------------
plain	jelly	coconut	honey-dip
			1557
1527				
		1554		
			1558
1528				
			1559
		1555		
1529				
	1566			
	1567			
	1568			
	1569	

---------------------------------
plain	jelly	coconut	honey-dip
			1622
	1625			
	1626			
	1627			
		1616		
1581				
	1628			
		1617		
			1623
	1629			
		1618		
	1630	

---------------------------------
plain	jelly	coconut	honey-dip
		1731		
1702				
1703				
			1733
		1732		
		1733		
1704				
		1734		
1705				
		1735		
1706				
		1736	

---------------------------------
plain	jelly	coconut	honey-dip
		1831		
1814				
		1832		
		1833		
1815				
			1854
		1834		
			1855
		1835		
1816				
1817				
			1856


---------------------------------
plain	jelly	coconut	honey-dip
	1949			
	1950			
	1951			
		1930		
1912				
1913				
			1973
			1974
			1975
			1976
			1977
		1931	

---------------------------------
plain	jelly	coconut	honey-dip
			2073
		2024		
2019				
			2074
	2056			
2020				
		2025		
		2026		
		2027		
	2057			
2021				
2022	

---------------------------------
plain	jelly	coconut	honey-dip
2129				
2130				
2131				
			2174
			2175
	2162			
	2163			
			2176
			2177
2132				
			2178
		2151	

---------------------------------
plain	jelly	coconut	honey-dip
	2240			
		2222		
			2255
		2223		
	2241			
2187				
		2224		
	2242			
	2243			
		2225		
			2256
		2226	

---------------------------------
plain	jelly	coconut	honey-dip
	2371			
2331				
	2372			
			2388
2332				
2333				
			2389
		2366		
2334				
	2373			
	2374			
		2367	

---------------------------------
plain	jelly	coconut	honey-dip
			2481
	2479			
2447				
			2482
2448				
			2483
	2480			
	2481			
	2482			
			2484
		2469		
			2485


---------------------------------
plain	jelly	coconut	honey-dip
			2632
			2633
2565				
2566				
2567				
		2599		
			2634
			2635
		2600		
			2636
	2620			
	2621	

---------------------------------
plain	jelly	coconut	honey-dip
2680				
	2721			
2681				
2682				
		2715		
		2716		
		2717		
		2718		
		2719		
			2744
	2722			
			2745


---------------------------------
plain	jelly	coconut	honey-dip
	2856			
			2902
	2857			
2830				
		2860		
2831				
	2858			
		2861		
	2859			
			2903
			2904
			2905


---------------------------------
plain	jelly	coconut	honey-dip
	2971			
			3032
			3033
2971				
2972				
		2990		
		2991		
2973				
		2992		
			3034
		2993		
	2972	

---------------------------------
plain	jelly	coconut	honey-dip
		4423		
			4499
		4424		
	4428			
4410				
			4500
	4429			
4411				
		4425		
4412				
			4501
	4430	

---------------------------------
plain	jelly	coconut	honey-dip
		4563		
4559				
			4648
			4649
4560				
		4564		
	4566			
		4565		
		4566		
4561				
			4650
			4651


---------------------------------
plain	jelly	coconut	honey-dip
4706				
			4785
4707				
	4723			
		4710		
		4711		
	4724			
		4712		
	4725			
4708				
4709				
		4713	

---------------------------------
plain	jelly	coconut	honey-dip
		4835		
		4836		
			4925
		4837		
		4838		
		4839		
	4890			
		4840		
			4926
4886				
4887				
	4891	

---------------------------------
plain	jelly	coconut	honey-dip
5007				
		4997		
			5076
		4998		
5008				
	5032			
5009				
	5033			
	5034			
			5077
		4999		
		5000	

---------------------------------
plain	jelly	coconut	honey-dip
	5179			
			5202
	5180			
		5145		
		5146		
	5181			
			5203
	5182			
		5147		
			5204
			5205
	5183	

---------------------------------
plain	jelly	coconut	honey-dip
		5367		
	5417			
	5418			
	5419			
5369				
			5423
5370				
	5420			
5371				
5372				
5373				
		5368	

---------------------------------
plain	jelly	coconut	honey-dip
			5523
			5524
	5552			
	5553			
5502				
		5479		
		5480		
	5554			
	5555			
	5556			
		5481		
		5482	

---------------------------------
plain	jelly	coconut	honey-dip
		5624		
		5625		
5634				
		5626		
	5675			
			5651
		5627		
5635				
	5676			
	5677			
5636				
5637	

---------------------------------
plain	jelly	coconut	honey-dip
5755				
	5800			
5756				
		5753		
	5801			
	5802			
		5754		
	5803			
5757				
		5755		
		5756		
5758	

---------------------------------
plain	jelly	coconut	honey-dip
	5944			
			5889
		5870		
	5945			
			5890
	5946			
	5947			
		5871		
	5948			
			5891
			5892
		5872	

---------------------------------
plain	jelly	coconut	honey-dip
5993				
	6070			
		5988		
5994				
5995				
		5989		
		5990		
		5991		
	6071			
			6033
			6034
	6072	

---------------------------------
plain	jelly	coconut	honey-dip
		6126		
			6186
			6187
	6234			
	6235			
6138				
			6188
	6236			
			6189
6139				
		6127		
		6128	

---------------------------------
plain	jelly	coconut	honey-dip
			6329
		6277		
	6387			
		6278		
		6279		
			6330
			6331
			6332
	6388			
		6280		
	6389			
6267	

---------------------------------
plain	jelly	coconut	honey-dip
		6415		
6400				
			6467
6401				
		6416		
6402				
	6542			
		6417		
6403				
			6468
6404				
		6418	

---------------------------------
plain	jelly	coconut	honey-dip
6541				
6542				
	6672			
		6556		
			6595
6543				
6544				
	6673			
		6557		
6545				
			6596
	6674	

---------------------------------
plain	jelly	coconut	honey-dip
		6656		
6692				
		6657		
			6722
	6786			
	6787			
			6723
	6788			
6693				
		6658		
		6659		
6694	

---------------------------------
plain	jelly	coconut	honey-dip
			6888
	6917			
			6889
6851				
			6890
	6918			
	6919			
		6788		
			6891
			6892
			6893
	6920	

---------------------------------
plain	jelly	coconut	honey-dip
6968				
		6899		
		6900		
6969				
		6901		
6970				
		6902		
			7020
6971				
6972				
		6903		
	7025	

---------------------------------
plain	jelly	coconut	honey-dip
	7231			
		7088		
		7089		
			7242
		7090		
		7091		
7155				
7156				
7157				
	7232			
7158				
7159	

---------------------------------
plain	jelly	coconut	honey-dip
		7252		
	7382			
	7383			
		7253		
7282				
			7376
	7384			
		7254		
		7255		
7283				
	7385			
	7386	

---------------------------------
plain	jelly	coconut	honey-dip
7415				
	7532			
		7411		
		7412		
7416				
7417				
7418				
	7533			
			7522
	7534			
7419				
	7535	

---------------------------------
plain	jelly	coconut	honey-dip
		7577		
		7578		
	7716			
		7579		
	7717			
7594				
7595				
		7580		
	7718			
		7581		
		7582		
			7713


---------------------------------
plain	jelly	coconut	honey-dip
	7945			
			7950
7812				
			7951
		7781		
7813				
	7946			
		7782		
	7947			
7814				
			7952
7815	

---------------------------------
plain	jelly	coconut	honey-dip
7948				
	8064			
			8091
			8092
	8065			
7949				
	8066			
	8067			
			8093
7950				
	8068			
7951	

---------------------------------
plain	jelly	coconut	honey-dip
	8169			
			8202
			8203
	8170			
	8171			
		8005		
		8006		
8060				
8061				
8062				
			8204
		8007	

---------------------------------
plain	jelly	coconut	honey-dip
8197				
			8344
		8152		
	8319			
			8345
8198				
	8320			
		8153		
	8321			
	8322			
	8323			
			8346


---------------------------------
plain	jelly	coconut	honey-dip
		8275		
8329				
			8460
8330				
			8461
		8276		
8331				
	8464			
		8277		
	8465			
		8278		
			8462


---------------------------------
plain	jelly	coconut	honey-dip
	8665			
8541				
		8477		
8542				
			8661
	8666			
		8478		
			8662
			8663
	8667			
			8664
	8668	

---------------------------------
plain	jelly	coconut	honey-dip
8670				
	8789			
	8790			
			8791
		8622		
	8791			
8671				
		8623		
	8792			
			8792
8672				
	8793	

---------------------------------
plain	jelly	coconut	honey-dip
		8876		
	9037			
	9038			
	9039			
			9047
			9048
8908				
	9040			
		8877		
			9049
	9041			
		8878	

---------------------------------
plain	jelly	coconut	honey-dip
9043				
			9181
	9170			
			9182
9044				
			9183
		9014		
			9184
		9015		
9045				
		9016		
9046	

---------------------------------
plain	jelly	coconut	honey-dip
9168				
	9291			
	9292			
		9145		
9169				
9170				
			9308
		9146		
	9293			
	9294			
	9295			
9171	

---------------------------------
plain	jelly	coconut	honey-dip
9289				
9290				
	9423			
		9265		
9291				
9292				
	9424			
			9427
	9425			
	9426			
	9427			
		9266	

---------------------------------
plain	jelly	coconut	honey-dip
		9455		
		9456		
	9601			
	9602			
			9617
9475				
	9603			
	9604			
		9457		
	9605			
9476				
	9606	

---------------------------------
plain	jelly	coconut	honey-dip
	9764			
9649				
9650				
			9762
9651				
		9621		
9652				
			9763
	9765			
9653				
		9622		
9654	

---------------------------------
plain	jelly	coconut	honey-dip
		9745		
9772				
9773				
9774				
9775				
9776				
	9895			
9777				
		9746		
	9896			
	9897			
	9898	

---------------------------------
plain	jelly	coconut	honey-dip
	10023			
		9873		
	10024			
	10025			
	10026			
9876				
	10027			
		9874		
		9875		
		9876		
9877				
		9877	

---------------------------------
plain	jelly	coconut	honey-dip
		10031		
10023				
		10032		
	10181			
		10033		
10024				
		10034		
			10157
	10182			
	10183			
			10158
		10035	

---------------------------------
plain	jelly	coconut	honey-dip
10162				
		10179		
	10351			
10163				
10164				
			10312
	10352			
	10353			
		10180		
	10354			
		10181		
	10355	

---------------------------------
plain	jelly	coconut	honey-dip
10286				
10287				
			10451
	10495			
		10300		
			10452
		10301		
	10496			
10288				
		10302		
		10303		
	10497	

---------------------------------
plain	jelly	coconut	honey-dip
10434				
			10607
	10645			
	10646			
10435				
10436				
		10458		
			10608
	10647			
		10459		
		10460		
			10609


---------------------------------
plain	jelly	coconut	honey-dip
			10758
10593				
		10576		
			10759
10594				
		10577		
10595				
	10793			
	10794			
			10760
			10761
			10762


---------------------------------
plain	jelly	coconut	honey-dip
	10912			
		10731		
		10732		
	10913			
	10914			
		10733		
		10734		
	10915			
	10916			
		10735		
			10880
10725	

---------------------------------
plain	jelly	coconut	honey-dip
			11014
	11054			
10870				
	11055			
		10874		
	11056			
			11015
10871				
			11016
			11017
	11057			
		10875	

---------------------------------
plain	jelly	coconut	honey-dip
	11178			
			11149
			11150
10978				
10979				
			11151
	11179			
		11011		
		11012		
			11152
	11180			
	11181	

---------------------------------
plain	jelly	coconut	honey-dip
		11113		
			11267
11088				
11089				
		11114		
11090				
	11292			
11091				
11092				
11093				
			11268
			11269


---------------------------------
plain	jelly	coconut	honey-dip
	11443			
	11444			
11211				
	11445			
	11446			
		11252		
11212				
		11253		
11213				
			11406
11214				
			11407


---------------------------------
plain	jelly	coconut	honey-dip
		11387		
		11388		
	11582			
			11553
			11554
			11555
	11583			
		11389		
		11390		
11354				
	11584			
			11556


---------------------------------
plain	jelly	coconut	honey-dip
			11765
		11597		
		11598		
		11599		
11550				
	11768			
	11769			
	11770			
	11771			
		11600		
	11772			
			11766


---------------------------------
plain	jelly	coconut	honey-dip
11740				
			11897
			11898
11741				
11742				
			11899
		11742		
		11743		
			11900
		11744		
			11901
			11902


---------------------------------
plain	jelly	coconut	honey-dip
			12061
	12023			
11863				
11864				
	12024			
		11873		
11865				
11866				
11867				
			12062
		11874		
		11875	

---------------------------------
plain	jelly	coconut	honey-dip
		12020		
			12194
			12195
12010				
		12021		
			12196
			12197
	12160			
	12161			
12011				
12012				
		12022	

---------------------------------
plain	jelly	coconut	honey-dip
			12381
	12347			
		12213		
12223				
		12214		
	12348			
		12215		
	12349			
		12216		
	12350			
		12217		
		12218	

---------------------------------
plain	jelly	coconut	honey-dip
	12500			
		12376		
			12580
	12501			
		12377		
			12581
		12378		
12392				
			12582
12393				
	12502			
		12379	

---------------------------------
plain	jelly	coconut	honey-dip
12523				
12524				
	12623			
	12624			
12525				
			12723
	12625			
		12531		
12526				
	12626			
		12532		
		12533	

---------------------------------
plain	jelly	coconut	honey-dip
			12843
12684				
			12844
	12750			
12685				
12686				
	12751			
	12752			
12687				
		12675		
12688				
12689	

---------------------------------
plain	jelly	coconut	honey-dip
			12942
			12943
12798				
			12944
		12772		
			12945
		12773		
	12872			
			12946
		12774		
			12947
12799	

---------------------------------
plain	jelly	coconut	honey-dip
12939				
	12968			
			13070
			13071
			13072
		12899		
12940				
			13073
			13074
			13075
		12900		
			13076


---------------------------------
plain	jelly	coconut	honey-dip
	13098			
		13041		
			13194
13071				
		13042		
			13195
13072				
			13196
13073				
		13043		
		13044		
13074	

---------------------------------
plain	jelly	coconut	honey-dip
	13291			
			13382
			13383
13271				
			13384
13272				
		13216		
	13292			
		13217		
		13218		
		13219		
13273	

---------------------------------
plain	jelly	coconut	honey-dip
13421				
13422				
			13537
	13452			
		13362		
		13363		
			13538
13423				
	13453			
		13364		
			13539
	13454	

---------------------------------
plain	jelly	coconut	honey-dip
13601				
	13614			
		13516		
	13615			
	13616			
13602				
13603				
			13701
13604				
	13617			
13605				
		13517	

---------------------------------
plain	jelly	coconut	honey-dip
13740				
		13644		
	13758			
	13759			
	13760			
		13645		
		13646		
13741				
		13647		
13742				
13743				
	13761	

---------------------------------
plain	jelly	coconut	honey-dip
			14000
13887				
	13908			
		13801		
13888				
13889				
		13802		
		13803		
	13909			
13890				
13891				
		13804	

---------------------------------
plain	jelly	coconut	honey-dip
			14174
		13957		
14026				
			14175
14027				
		13958		
	14075			
		13959		
		13960		
	14076			
14028				
14029	

---------------------------------
plain	jelly	coconut	honey-dip
	14208			
	14209			
		14112		
14163				
			14313
	14210			
		14113		
		14114		
			14314
			14315
	14211			
			14316


---------------------------------
plain	jelly	coconut	honey-dip
		14253		
14284				
			14451
			14452
		14254		
14285				
14286				
			14453
14287				
			14454
14288				
	14336	

---------------------------------
plain	jelly	coconut	honey-dip
14386				
14387				
		14369		
	14444			
	14445			
14388				
			14569
		14370		
14389				
			14570
			14571
	14446	

---------------------------------
plain	jelly	coconut	honey-dip
		14508		
14522				
	14572			
		14509		
	14573			
		14510		
			14694
		14511		
			14695
			14696
		14512		
		14513	

---------------------------------
plain	jelly	coconut	honey-dip
			14868
14662				
			14869
		14685		
		14686		
14663				
14664				
14665				
	14729			
14666				
		14687		
14667	

---------------------------------
plain	jelly	coconut	honey-dip
	14875			
14802				
			15014
		14829		
			15015
			15016
	14876			
14803				
			15017
			15018
	14877			
		14830	

---------------------------------
plain	jelly	coconut	honey-dip
		14948		
14939				
			15119
			15120
			15121
	14994			
			15122
14940				
			15123
		14949		
	14995			
	14996	

---------------------------------
plain	jelly	coconut	honey-dip
			15241
15062				
		15077		
		15078		
			15242
		15079		
		15080		
15063				
		15081		
15064				
			15243
15065	

---------------------------------
plain	jelly	coconut	honey-dip
	15250			
			15377
15218				
15219				
		15247		
	15251			
			15378
		15248		
	15252			
			15379
	15253			
		15249	

---------------------------------
plain	jelly	coconut	honey-dip
		15377		
	15404			
		15378		
15355				
		15379		
15356				
		15380		
			15508
	15405			
15357				
15358				
	15406	

---------------------------------
plain	jelly	coconut	honey-dip
	15644			
		15645		
		15646		
			15763
15600				
	15645			
			15764
		15647		
15601				
	15646			
			15765
15602	

---------------------------------
plain	jelly	coconut	honey-dip
			15901
15730				
		15777		
	15772			
			15902
	15773			
15731				
			15903
15732				
			15904
15733				
15734	

---------------------------------
plain	jelly	coconut	honey-dip
	15904			
15861				
	15905			
15862				
		15919		
			16012
	15906			
	15907			
			16013
			16014
		15920		
			16015


---------------------------------
plain	jelly	coconut	honey-dip
			16169
		16059		
			16170
		16060		
16030				
			16171
16031				
		16061		
		16062		
16032				
		16063		
16033	

---------------------------------
plain	jelly	coconut	honey-dip
			16298
			16299
	16218			
			16300
	16219			
			16301
16176				
	16220			
16177				
16178				
			16302
16179	

---------------------------------
plain	jelly	coconut	honey-dip
16291				
	16330			
	16331			
			16430
		16337		
			16431
		16338		
			16432
			16433
			16434
16292				
	16332	

---------------------------------
plain	jelly	coconut	honey-dip
		16464		
			16548
	16478			
		16465		
			16549
	16479			
			16550
		16466		
		16467		
	16480			
16414				
16415	

---------------------------------
plain	jelly	coconut	honey-dip
		16606		
		16607		
			16672
			16673
		16608		
	16624			
16542				
			16674
	16625			
			16675
	16626			
			16676


---------------------------------
plain	jelly	coconut	honey-dip
		16775		
	16807			
	16808			
16747				
	16809			
	16810			
	16811			
		16776		
	16812			
		16777		
			16871
		16778	

---------------------------------
plain	jelly	coconut	honey-dip
		16928		
16922				
		16929		
16923				
			17017
			17018
	16945			
16924				
	16946			
16925				
16926				
	16947	

---------------------------------
plain	jelly	coconut	honey-dip
17038				
17039				
17040				
	17078			
			17134
17041				
17042				
17043				
		17078		
17044				
17045				
17046	

---------------------------------
plain	jelly	coconut	honey-dip
			17258
			17259
		17219		
		17220		
		17221		
17158				
	17197			
17159				
17160				
	17198			
		17222		
		17223	

---------------------------------
plain	jelly	coconut	honey-dip
			17409
	17338			
			17410
		17380		
			17411
17317				
		17381		
17318				
	17339			
			17412
			17413
			17414


---------------------------------
plain	jelly	coconut	honey-dip
	17450			
	17451			
		17504		
17429				
			17517
		17505		
			17518
17430				
		17506		
	17452			
17431				
	17453	

---------------------------------
plain	jelly	coconut	honey-dip
17571				
	17614			
	17615			
		17639		
			17652
		17640		
			17653
17572				
		17641		
			17654
			17655
		17642	

---------------------------------
plain	jelly	coconut	honey-dip
17734				
		17785		
17735				
			17813
		17786		
			17814
17736				
17737				
		17787		
	17756			
			17815
17738	

---------------------------------
plain	jelly	coconut	honey-dip
17863				
	17875			
		17945		
	17876			
		17946		
17864				
		17947		
		17948		
17865				
	17877			
	17878			
		17949	

---------------------------------
plain	jelly	coconut	honey-dip
18045				
		18109		
		18110		
	18053			
			18093
	18054			
		18111		
18046				
	18055			
			18094
			18095
			18096


---------------------------------
plain	jelly	coconut	honey-dip
		18242		
			18236
18191				
18192				
18193				
18194				
18195				
			18237
		18243		
		18244		
18196				
		18245	

---------------------------------
plain	jelly	coconut	honey-dip
18343				
18344				
18345				
		18395		
		18396		
18346				
		18397		
			18371
			18372
		18398		
		18399		
	18355	

---------------------------------
plain	jelly	coconut	honey-dip
		18553		
			18513
	18509			
	18510			
18501				
		18554		
	18511			
18502				
		18555		
	18512			
			18514
			18515


---------------------------------
plain	jelly	coconut	honey-dip
		18708		
			18650
18639				
			18651
18640				
	18643			
		18709		
			18652
		18710		
			18653
			18654
	18644	

---------------------------------
plain	jelly	coconut	honey-dip
	18773			
		18819		
18773				
	18774			
	18775			
18774				
			18791
		18820		
18775				
18776				
			18792
			18793


---------------------------------
plain	jelly	coconut	honey-dip
		19094		
			19055
	19035			
		19095		
	19036			
19064				
	19037			
	19038			
19065				
	19039			
			19056
	19040	

---------------------------------
plain	jelly	coconut	honey-dip
			19246
		19272		
19249				
19250				
		19273		
19251				
	19213			
		19274		
		19275		
		19276		
		19277		
19252	

---------------------------------
plain	jelly	coconut	honey-dip
19412				
19413				
	19361			
		19442		
	19362			
		19443		
		19444		
19414				
19415				
			19425
19416				
19417	

---------------------------------
plain	jelly	coconut	honey-dip
19562				
19563				
	19493			
		19559		
	19494			
			19566
		19560		
19564				
		19561		
	19495			
		19562		
	19496	

---------------------------------
plain	jelly	coconut	honey-dip
		19761		
19752				
19753				
		19762		
19754				
		19763		
		19764		
	19681			
	19682			
19755				
	19683			
		19765	

---------------------------------
plain	jelly	coconut	honey-dip
19896				
			19895
			19896
			19897
19897				
	19822			
19898				
			19898
		19923		
19899				
19900				
			19899


---------------------------------
plain	jelly	coconut	honey-dip
			20043
20007				
20008				
	19949			
		20041		
		20042		
			20044
			20045
20009				
	19950			
20010				
20011	

---------------------------------
plain	jelly	coconut	honey-dip
			20185
20137				
		20164		
		20165		
	20082			
			20186
		20166		
	20083			
		20167		
20138				
		20168		
20139	

---------------------------------
plain	jelly	coconut	honey-dip
20296				
		20328		
			20328
		20329		
20297				
	20252			
		20330		
		20331		
	20253			
20298				
	20254			
20299	

---------------------------------
plain	jelly	coconut	honey-dip
			20457
	20364			
	20365			
20431				
		20480		
			20458
			20459
		20481		
	20366			
		20482		
			20460
	20367	

---------------------------------
plain	jelly	coconut	honey-dip
		20614		
		20615		
20548				
20549				
		20616		
		20617		
			20605
			20606
		20618		
	20505			
20550				
		20619	

---------------------------------
plain	jelly	coconut	honey-dip
	20714			
20805				
			20831
	20715			
			20832
20806				
	20716			
20807				
20808				
	20717			
		20858		
		20859	

---------------------------------
plain	jelly	coconut	honey-dip
		20988		
20949				
			20964
		20989		
			20965
		20990		
20950				
	20835			
	20836			
			20966
20951				
			20967


---------------------------------
plain	jelly	coconut	honey-dip
	20970			
			21097
		21127		
21094				
21095				
			21098
21096				
			21099
		21128		
			21100
			21101
			21102


---------------------------------
plain	jelly	coconut	honey-dip
	21103			
			21230
	21104			
		21263		
	21105			
21220				
			21231
21221				
		21264		
			21232
			21233
21222	

---------------------------------
plain	jelly	coconut	honey-dip
			21413
	21287			
			21414
		21430		
			21415
		21431		
	21288			
	21289			
		21432		
21394				
		21433		
21395	

---------------------------------
plain	jelly	coconut	honey-dip
	21419			
			21559
		21581		
21553				
			21560
			21561
	21420			
21554				
			21562
		21582		
21555				
		21583	

---------------------------------
plain	jelly	coconut	honey-dip
			21688
21690				
			21689
		21714		
21691				
	21548			
21692				
	21549			
	21550			
			21690
		21715		
21693	

---------------------------------
plain	jelly	coconut	honey-dip
		21830		
	21678			
			21821
			21822
		21831		
	21679			
21827				
	21680			
21828				
	21681			
		21832		
		21833	

---------------------------------
plain	jelly	coconut	honey-dip
			21955
21959				
		21989		
	21829			
	21830			
21960				
		21990		
			21956
		21991		
			21957
21961				
21962	

---------------------------------
plain	jelly	coconut	honey-dip
		22218		
22180				
22181				
	22066			
	22067			
22182				
		22219		
22183				
22184				
			22168
		22220		
	22068	

---------------------------------
plain	jelly	coconut	honey-dip
22300				
	22201			
22301				
	22202			
			22293
		22366		
22302				
	22203			
			22294
		22367		
		22368		
22303	

---------------------------------
plain	jelly	coconut	honey-dip
			22497
	22400			
22500				
		22567		
	22401			
			22498
22501				
			22499
		22568		
22502				
	22402			
22503	

---------------------------------
plain	jelly	coconut	honey-dip
	22520			
22603				
			22589
22604				
			22590
	22521			
			22591
		22672		
	22522			
		22673		
	22523			
			22592


---------------------------------
plain	jelly	coconut	honey-dip
	22674			
	22675			
	22676			
22725				
		22789		
	22677			
	22678			
			22724
	22679			
		22790		
	22680			
			22725


---------------------------------
plain	jelly	coconut	honey-dip
22867				
	22809			
22868				
	22810			
			22882
			22883
			22884
	22811			
22869				
			22885
	22812			
		22918	

---------------------------------
plain	jelly	coconut	honey-dip
	22936			
	22937			
	22938			
			23007
22993				
			23008
	22939			
			23009
	22940			
		23056		
22994				
22995	

---------------------------------
plain	jelly	coconut	honey-dip
23113				
	23045			
		23160		
	23046			
			23106
		23161		
	23047			
	23048			
	23049			
	23050			
23114				
23115	

---------------------------------
plain	jelly	coconut	honey-dip
23238				
23239				
23240				
	23181			
23241				
	23182			
			23250
	23183			
	23184			
			23251
23242				
23243	

---------------------------------
plain	jelly	coconut	honey-dip
		23410		
			23346
		23411		
	23297			
	23298			
		23412		
	23299			
	23300			
		23413		
	23301			
			23347
	23302	

---------------------------------
plain	jelly	coconut	honey-dip
	23430			
		23566		
23475				
	23431			
	23432			
			23477
23476				
			23478
			23479
23477				
		23567		
23478	

---------------------------------
plain	jelly	coconut	honey-dip
	23569			
	23570			
		23710		
	23571			
		23711		
		23712		
	23572			
23607				
		23713		
23608				
	23573			
		23714	

---------------------------------
plain	jelly	coconut	honey-dip
23819				
	23761			
23820				
			23830
23821				
			23831
		23930		
		23931		
23822				
	23762			
			23832
			23833


---------------------------------
plain	jelly	coconut	honey-dip
		24098		
			23986
			23987
		24099		
			23988
	23938			
23966				
	23939			
23967				
	23940			
		24100		
		24101	

---------------------------------
plain	jelly	coconut	honey-dip
		24229		
		24230		
			24106
24093				
	24064			
24094				
		24231		
24095				
		24232		
	24065			
		24233		
	24066	

---------------------------------
plain	jelly	coconut	honey-dip
	24238			
	24239			
			24251
	24240			
		24372		
			24252
	24241			
		24373		
24243				
	24242			
		24374		
	24243	

---------------------------------
plain	jelly	coconut	honey-dip
24393				
			24350
			24351
	24376			
24394				
			24352
			24353
24395				
24396				
24397				
		24513		
24398	

---------------------------------
plain	jelly	coconut	honey-dip
			24465
24519				
24520				
	24487			
		24653		
24521				
		24654		
			24466
		24655		
	24488			
24522				
			24467


---------------------------------
plain	jelly	coconut	honey-dip
24652				
	24644			
		24786		
			24594
		24787		
	24645			
	24646			
24653				
		24788		
	24647			
	24648			
			24595


---------------------------------
plain	jelly	coconut	honey-dip
			24752
24821				
24822				
24823				
			24753
			24754
		24921		
			24755
			24756
	24806			
	24807			
24824	

---------------------------------
plain	jelly	coconut	honey-dip
		25034		
		25035		
24960				
		25036		
		25037		
	24934			
			24888
	24935			
		25038		
			24889
			24890
		25039	

---------------------------------
plain	jelly	coconut	honey-dip
	25102			
		25195		
25096				
25097				
	25103			
			25047
25098				
25099				
		25196		
	25104			
		25197		
25100	

---------------------------------
plain	jelly	coconut	honey-dip
	25237			
			25177
25237				
		25341		
		25342		
	25238			
			25178
	25239			
	25240			
		25343		
	25241			
		25344	

---------------------------------
plain	jelly	coconut	honey-dip
		25504		
		25505		
		25506		
	25375			
25382				
			25319
		25507		
		25508		
	25376			
		25509		
		25510		
			25320


---------------------------------
plain	jelly	coconut	honey-dip
	25538			
		25685		
			25495
25534				
			25496
25535				
		25686		
		25687		
	25539			
	25540			
			25497
	25541	

---------------------------------
plain	jelly	coconut	honey-dip
			25745
	25780			
			25746
25762				
			25747
25763				
25764				
			25748
	25781			
25765				
			25749
	25782	

---------------------------------
plain	jelly	coconut	honey-dip
			25871
			25872
	25891			
25881				
25882				
			25873
25883				
			25874
	25892			
	25893			
			25875
		26061	

---------------------------------
plain	jelly	coconut	honey-dip
		26168		
		26169		
	25997			
	25998			
			25998
25997				
			25999
			26000
		26170		
	25999			
25998				
		26171	

---------------------------------
plain	jelly	coconut	honey-dip
26301				
	26322			
	26323			
26302				
26303				
			26307
		26502		
26304				
	26324			
			26308
26305				
26306	

---------------------------------
plain	jelly	coconut	honey-dip
	26448			
			26429
			26430
			26431
			26432
26424				
			26433
26425				
		26647		
			26434
		26648		
	26449	

---------------------------------
plain	jelly	coconut	honey-dip
			26489
	26504			
26489				
	26505			
26490				
26491				
26492				
	26506			
26493				
26494				
	26507			
		26718	

---------------------------------
plain	jelly	coconut	honey-dip
			26725
			26726
	26744			
			26727
26749				
		26954		
	26745			
	26746			
		26955		
26750				
26751				
			26728


---------------------------------
plain	jelly	coconut	honey-dip
		27060		
26852				
			26836
			26837
26853				
			26838
			26839
			26840
	26856			
			26841
			26842
		27061	

---------------------------------
plain	jelly	coconut	honey-dip
	26927			
26922				
	26928			
			26910
			26911
		27145		
		27146		
	26929			
	26930			
26923				
		27147		
26924	

---------------------------------
plain	jelly	coconut	honey-dip
		27268		
27057				
		27269		
27058				
			27014
			27015
		27270		
			27016
			27017
27059				
			27018
		27271	

---------------------------------
plain	jelly	coconut	honey-dip
			27118
	27117			
		27369		
	27118			
27164				
			27119
			27120
27165				
27166				
27167				
27168				
			27121


---------------------------------
plain	jelly	coconut	honey-dip
	27262			
		27539		
		27540		
27349				
		27541		
	27263			
		27542		
27350				
27351				
		27543		
			27290
27352	

---------------------------------
plain	jelly	coconut	honey-dip
	27361			
27464				
			27383
27465				
27466				
	27362			
27467				
			27384
27468				
			27385
	27363			
	27364	

---------------------------------
plain	jelly	coconut	honey-dip
		27736		
27590				
	27474			
27591				
		27737		
			27480
	27475			
	27476			
		27738		
27592				
	27477			
27593	

---------------------------------
plain	jelly	coconut	honey-dip
			27644
27755				
	27634			
27756				
			27645
			27646
		27859		
			27647
27757				
			27648
	27635			
27758	

---------------------------------
plain	jelly	coconut	honey-dip
		27970		
		27971		
	27752			
			27733
		27972		
27857				
27858				
	27753			
		27973		
		27974		
			27734
	27754	

---------------------------------
plain	jelly	coconut	honey-dip
		28056		
			27831
			27832
	27840			
		28057		
	27841			
	27842			
	27843			
27933				
27934				
			27833
			27834


---------------------------------
plain	jelly	coconut	honey-dip
	27960			
28040				
	27961			
		28159		
			27945
28041				
	27962			
	27963			
	27964			
28042				
		28160		
	27965	

---------------------------------
plain	jelly	coconut	honey-dip
		28259		
			28056
	28094			
			28057
28163				
		28260		
			28058
	28095			
	28096			
		28261		
28164				
			28059


---------------------------------
plain	jelly	coconut	honey-dip
		28357		
28267				
28268				
		28358		
28269				
28270				
			28157
	28175			
28271				
			28158
			28159
28272	

---------------------------------
plain	jelly	coconut	honey-dip
		28567		
			28368
		28568		
		28569		
	28382			
		28570		
28515				
		28571		
			28369
	28383			
		28572		
		28573	

---------------------------------
plain	jelly	coconut	honey-dip
28605				
			28451
28606				
	28466			
		28670		
	28467			
		28671		
28607				
28608				
		28672		
	28468			
28609	

---------------------------------
plain	jelly	coconut	honey-dip
			28610
	28625			
		28838		
		28839		
		28840		
			28611
28791				
			28612
		28841		
			28613
			28614
			28615


---------------------------------
plain	jelly	coconut	honey-dip
		29001		
28936				
	28773			
		29002		
		29003		
			28766
28937				
		29004		
			28767
		29005		
			28768
28938	

---------------------------------
plain	jelly	coconut	honey-dip
		29076		
28988				
		29077		
		29078		
	28835			
		29079		
	28836			
		29080		
			28829
28989				
28990				
		29081	

---------------------------------
plain	jelly	coconut	honey-dip
	28908			
		29141		
	28909			
29066				
			28925
		29142		
			28926
29067				
29068				
			28927
			28928
29069	

---------------------------------
plain	jelly	coconut	honey-dip
		29188		
			28987
			28988
29124				
			28989
		29189		
			28990
29125				
	28957			
			28991
			28992
			28993


---------------------------------
plain	jelly	coconut	honey-dip
	29017			
29186				
		29247		
	29018			
	29019			
			29058
	29020			
		29248		
29187				
29188				
	29021			
		29249	

---------------------------------
plain	jelly	coconut	honey-dip
29237				
			29117
			29118
	29081			
29238				
		29301		
		29302		
	29082			
29239				
		29303		
			29119
		29304	

---------------------------------
plain	jelly	coconut	honey-dip
	29163			
			29237
29363				
		29417		
		29418		
		29419		
			29238
		29420		
29364				
	29164			
		29421		
	29165	

---------------------------------
plain	jelly	coconut	honey-dip
			29302
			29303
	29227			
29433				
		29470		
	29228			
29434				
		29471		
		29472		
	29229			
			29304
			29305


---------------------------------
plain	jelly	coconut	honey-dip
29510				
	29289			
29511				
	29290			
29512				
29513				
			29365
		29532		
	29291			
		29533		
		29534		
	29292	

---------------------------------
plain	jelly	coconut	honey-dip
	29337			
	29338			
29571				
			29429
			29430
	29339			
	29340			
		29587		
	29341			
29572				
			29431
		29588	

---------------------------------
plain	jelly	coconut	honey-dip
	29448			
		29711		
		29712		
29688				
29689				
	29449			
			29545
	29450			
	29451			
	29452			
			29546
			29547


---------------------------------
plain	jelly	coconut	honey-dip
	29510			
	29511			
29744				
			29594
			29595
		29772		
	29512			
			29596
			29597
29745				
			29598
		29773	

---------------------------------
plain	jelly	coconut	honey-dip
29776				
		29804		
	29553			
			29643
		29805		
		29806		
29777				
			29644
29778				
			29645
29779				
29780	

---------------------------------
plain	jelly	coconut	honey-dip
			29662
			29663
		29828		
		29829		
29801				
		29830		
		29831		
29802				
			29664
	29569			
		29832		
	29570	

