---------------------------------
plain	jelly	coconut	honey-dip
420				
421				
422				
423				
			406
	422			
		432		
			407
			408
			409
	423			
			410


---------------------------------
plain	jelly	coconut	honey-dip
			768
	780			
761				
			769
	781			
762				
763				
		787		
			770
		788		
		789		
	782	

---------------------------------
plain	jelly	coconut	honey-dip
			832
821				
			833
			834
		854		
822				
		855		
			835
823				
	829			
824				
825	

---------------------------------
plain	jelly	coconut	honey-dip
			903
			904
876				
	891			
		906		
877				
		907		
878				
	892			
	893			
		908		
	894	

---------------------------------
plain	jelly	coconut	honey-dip
		979		
			974
955				
956				
		980		
		981		
		982		
			975
		983		
957				
		984		
			976


---------------------------------
plain	jelly	coconut	honey-dip
	1031			
			1039
1019				
		1051		
1020				
1021				
1022				
	1032			
	1033			
			1040
			1041
1023	

---------------------------------
plain	jelly	coconut	honey-dip
	1108			
1074				
1075				
			1094
	1109			
	1110			
			1095
		1104		
1076				
		1105		
1077				
	1111	

---------------------------------
plain	jelly	coconut	honey-dip
			1154
			1155
	1175			
	1176			
		1174		
1141				
			1156
		1175		
			1157
			1158
1142				
	1177	

---------------------------------
plain	jelly	coconut	honey-dip
	1290			
1230				
			1251
			1252
1231				
	1291			
			1253
	1292			
			1254
		1269		
	1293			
1232	

---------------------------------
plain	jelly	coconut	honey-dip
			1425
			1426
	1452			
1405				
		1454		
	1453			
		1455		
	1454			
1406				
			1427
			1428
	1455	

---------------------------------
plain	jelly	coconut	honey-dip
1530				
	1571			
		1563		
	1572			
		1564		
1531				
			1564
1532				
		1565		
		1566		
1533				
		1567	

---------------------------------
plain	jelly	coconut	honey-dip
1628				
	1688			
	1689			
			1663
	1690			
			1664
			1665
		1669		
			1666
1629				
			1667
	1691	

---------------------------------
plain	jelly	coconut	honey-dip
		1782		
			1787
1748				
			1788
1749				
1750				
	1799			
	1800			
			1789
			1790
		1783		
1751	

---------------------------------
plain	jelly	coconut	honey-dip
	1868			
		1858		
			1883
1843				
	1869			
	1870			
1844				
	1871			
	1872			
			1884
1845				
		1859	

---------------------------------
plain	jelly	coconut	honey-dip
			1984
		1937		
1923				
		1938		
		1939		
1924				
		1940		
1925				
	1956			
1926				
			1985
1927	

---------------------------------
plain	jelly	coconut	honey-dip
			2082
2037				
			2083
	2070			
2038				
	2071			
	2072			
		2043		
2039				
		2044		
			2084
2040	

---------------------------------
plain	jelly	coconut	honey-dip
		2144		
		2145		
2121				
	2156			
			2171
			2172
2122				
		2146		
	2157			
2123				
	2158			
2124	

---------------------------------
plain	jelly	coconut	honey-dip
		2281		
			2310
2240				
		2282		
		2283		
		2284		
2241				
2242				
		2285		
	2301			
			2311
			2312


---------------------------------
plain	jelly	coconut	honey-dip
			2423
			2424
		2407		
2387				
			2425
		2408		
2388				
2389				
			2426
2390				
		2409		
		2410	

---------------------------------
plain	jelly	coconut	honey-dip
		2549		
	2571			
		2550		
2529				
		2551		
2530				
		2552		
2531				
	2572			
		2553		
	2573			
	2574	

---------------------------------
plain	jelly	coconut	honey-dip
			2727
		2692		
	2704			
			2728
			2729
		2693		
2653				
	2705			
2654				
			2730
2655				
			2731


---------------------------------
plain	jelly	coconut	honey-dip
		2823		
			2851
	2803			
2779				
		2824		
2780				
			2852
2781				
			2853
		2825		
		2826		
			2854


---------------------------------
plain	jelly	coconut	honey-dip
			2974
			2975
			2976
	2928			
		2942		
			2977
2928				
			2978
	2929			
		2943		
			2979
	2930	

---------------------------------
plain	jelly	coconut	honey-dip
3050				
		3060		
			3094
		3061		
		3062		
		3063		
	3036			
3051				
		3064		
	3037			
			3095
	3038	

---------------------------------
plain	jelly	coconut	honey-dip
			3308
		3231		
			3309
		3232		
3239				
3240				
			3310
3241				
			3311
	3218			
3242				
	3219	

---------------------------------
plain	jelly	coconut	honey-dip
	3409			
			3507
	3410			
3447				
3448				
		3437		
		3438		
	3411			
			3508
			3509
		3439		
			3510


---------------------------------
plain	jelly	coconut	honey-dip
		3622		
			3672
			3673
		3623		
		3624		
	3567			
	3568			
	3569			
3599				
	3570			
		3625		
	3571	

---------------------------------
plain	jelly	coconut	honey-dip
			3881
3771				
	3793			
	3794			
			3882
	3795			
3772				
		3819		
		3820		
		3821		
	3796			
		3822	

---------------------------------
plain	jelly	coconut	honey-dip
			4061
	3979			
		3984		
3948				
		3985		
3949				
	3980			
			4062
			4063
			4064
			4065
			4066


---------------------------------
plain	jelly	coconut	honey-dip
	4126			
	4127			
			4180
			4181
			4182
	4128			
4113				
	4129			
			4183
		4117		
4114				
4115	

---------------------------------
plain	jelly	coconut	honey-dip
			4320
			4321
	4234			
4223				
		4239		
	4235			
			4322
			4323
			4324
4224				
			4325
		4240	

---------------------------------
plain	jelly	coconut	honey-dip
4335				
4336				
		4353		
		4354		
		4355		
	4352			
	4353			
	4354			
	4355			
		4356		
		4357		
4337	

---------------------------------
plain	jelly	coconut	honey-dip
4488				
			4583
	4509			
		4492		
4489				
		4493		
	4510			
4490				
		4494		
4491				
		4495		
	4511	

---------------------------------
plain	jelly	coconut	honey-dip
			4721
		4640		
			4722
		4641		
			4723
		4642		
4630				
		4643		
		4644		
	4633			
4631				
4632	

---------------------------------
plain	jelly	coconut	honey-dip
			4825
		4749		
	4768			
		4750		
	4769			
	4770			
	4771			
		4751		
	4772			
			4826
4762				
4763	

---------------------------------
plain	jelly	coconut	honey-dip
			4958
	4933			
4924				
		4877		
		4878		
4925				
		4879		
			4959
			4960
			4961
		4880		
4926	

---------------------------------
plain	jelly	coconut	honey-dip
5034				
5035				
			5101
		5017		
		5018		
		5019		
5036				
		5020		
	5056			
	5057			
			5102
		5021	

---------------------------------
plain	jelly	coconut	honey-dip
		5184		
5171				
	5230			
5172				
5173				
5174				
			5235
		5185		
		5186		
	5231			
			5236
5175	

---------------------------------
plain	jelly	coconut	honey-dip
5638				
		5628		
			5652
5639				
	5678			
		5629		
			5653
			5654
		5630		
		5631		
		5632		
5640	

---------------------------------
plain	jelly	coconut	honey-dip
	5819			
			5784
5774				
		5771		
	5820			
5775				
			5785
			5786
		5772		
	5821			
	5822			
		5773	

---------------------------------
plain	jelly	coconut	honey-dip
	5975			
		5896		
5892				
	5976			
			5913
			5914
	5977			
5893				
			5915
			5916
			5917
	5978	

---------------------------------
plain	jelly	coconut	honey-dip
	6083			
	6084			
			6046
	6085			
6008				
			6047
			6048
	6086			
6009				
6010				
6011				
			6049


---------------------------------
plain	jelly	coconut	honey-dip
			6158
			6159
	6203			
			6160
			6161
		6098		
	6204			
	6205			
		6099		
			6162
6117				
	6206	

---------------------------------
plain	jelly	coconut	honey-dip
6226				
6227				
			6283
		6222		
	6337			
		6223		
			6284
	6338			
			6285
		6224		
	6339			
	6340	

---------------------------------
plain	jelly	coconut	honey-dip
			6417
			6418
6351				
	6478			
		6362		
	6479			
		6363		
		6364		
		6365		
			6419
6352				
			6420


---------------------------------
plain	jelly	coconut	honey-dip
6536				
	6670			
		6553		
6537				
	6671			
6538				
6539				
		6554		
			6593
		6555		
			6594
6540	

---------------------------------
plain	jelly	coconut	honey-dip
		6670		
			6741
			6742
			6743
			6744
			6745
		6671		
6704				
			6746
			6747
		6672		
6705	

---------------------------------
plain	jelly	coconut	honey-dip
			6894
		6789		
	6921			
	6922			
			6895
6852				
		6790		
			6896
6853				
6854				
			6897
			6898


---------------------------------
plain	jelly	coconut	honey-dip
		6915		
6983				
		6916		
			7033
			7034
			7035
	7041			
6984				
6985				
6986				
			7036
		6917	

---------------------------------
plain	jelly	coconut	honey-dip
		7110		
		7111		
7171				
	7250			
7172				
			7257
	7251			
	7252			
			7258
			7259
		7112		
			7260


---------------------------------
plain	jelly	coconut	honey-dip
		7368		
	7481			
	7482			
			7484
	7483			
	7484			
	7485			
		7369		
		7370		
7379				
			7485
	7486	

---------------------------------
plain	jelly	coconut	honey-dip
	7697			
	7698			
7569				
	7699			
	7700			
			7690
			7691
			7692
		7548		
	7701			
		7549		
7570	

---------------------------------
plain	jelly	coconut	honey-dip
	7815			
		7669		
	7816			
	7817			
		7670		
7681				
			7831
7682				
			7832
		7671		
			7833
		7672	

---------------------------------
plain	jelly	coconut	honey-dip
			7968
			7969
			7970
		7799		
	7961			
			7971
			7972
7832				
			7973
		7800		
7833				
7834	

---------------------------------
plain	jelly	coconut	honey-dip
		7911		
7965				
			8108
		7912		
	8080			
			8109
	8081			
	8082			
		7913		
7966				
		7914		
7967	

---------------------------------
plain	jelly	coconut	honey-dip
	8212			
	8213			
8116				
8117				
	8214			
8118				
		8053		
		8054		
8119				
	8215			
	8216			
		8055	

---------------------------------
plain	jelly	coconut	honey-dip
			8399
		8217		
		8218		
8257				
			8400
8258				
	8391			
			8401
		8219		
8259				
			8402
			8403


---------------------------------
plain	jelly	coconut	honey-dip
		8395		
			8584
8452				
	8589			
	8590			
		8396		
8453				
		8397		
		8398		
		8399		
8454				
8455	

---------------------------------
plain	jelly	coconut	honey-dip
8617				
			8733
			8734
	8732			
		8574		
	8733			
8618				
		8575		
			8735
8619				
8620				
	8734	

---------------------------------
plain	jelly	coconut	honey-dip
			8848
	8850			
	8851			
8722				
		8692		
		8693		
		8694		
	8852			
	8853			
			8849
8723				
			8850


---------------------------------
plain	jelly	coconut	honey-dip
8856				
8857				
			8986
		8829		
			8987
			8988
			8989
			8990
		8830		
		8831		
		8832		
8858	

---------------------------------
plain	jelly	coconut	honey-dip
			9131
		8972		
			9132
			9133
		8973		
			9134
8995				
		8974		
	9118			
8996				
	9119			
		8975	

---------------------------------
plain	jelly	coconut	honey-dip
		9098		
			9279
		9099		
	9256			
		9100		
		9101		
			9280
			9281
9135				
	9257			
		9102		
	9258	

---------------------------------
plain	jelly	coconut	honey-dip
			9423
9287				
		9261		
		9262		
	9421			
		9263		
			9424
		9264		
	9422			
			9425
			9426
9288	

---------------------------------
plain	jelly	coconut	honey-dip
			9560
			9561
9420				
9421				
9422				
9423				
			9562
		9401		
	9551			
		9402		
	9552			
			9563


---------------------------------
plain	jelly	coconut	honey-dip
		9544		
9562				
9563				
	9692			
9564				
		9545		
			9686
			9687
		9546		
	9693			
9565				
			9688


---------------------------------
plain	jelly	coconut	honey-dip
	9817			
		9680		
		9681		
9705				
			9822
		9682		
			9823
	9818			
9706				
	9819			
		9683		
			9824


---------------------------------
plain	jelly	coconut	honey-dip
9830				
			9949
		9824		
			9950
9831				
9832				
	9973			
			9951
			9952
9833				
9834				
		9825	

---------------------------------
plain	jelly	coconut	honey-dip
	10098			
		9951		
9954				
9955				
	10099			
		9952		
	10100			
9956				
			10089
		9953		
			10090
			10091


---------------------------------
plain	jelly	coconut	honey-dip
	10244			
		10096		
			10221
		10097		
		10098		
	10245			
10083				
			10222
		10099		
10084				
			10223
	10246	

---------------------------------
plain	jelly	coconut	honey-dip
		10236		
	10415			
10218				
10219				
			10363
10220				
		10237		
	10416			
			10364
		10238		
			10365
10221	

---------------------------------
plain	jelly	coconut	honey-dip
		10410		
			10560
		10411		
	10603			
			10561
10391				
		10412		
	10604			
10392				
			10562
10393				
10394	

---------------------------------
plain	jelly	coconut	honey-dip
10545				
		10538		
10546				
			10708
10547				
		10539		
	10761			
10548				
	10762			
10549				
			10709
10550	

---------------------------------
plain	jelly	coconut	honey-dip
	10876			
			10834
			10835
		10676		
	10877			
	10878			
		10677		
		10678		
		10679		
	10879			
		10680		
10670	

---------------------------------
plain	jelly	coconut	honey-dip
	11167			
		11002		
		11003		
		11004		
		11005		
	11168			
	11169			
		11006		
10972				
10973				
			11139
	11170	

---------------------------------
plain	jelly	coconut	honey-dip
11124				
			11301
11125				
	11328			
			11302
	11329			
		11139		
	11330			
	11331			
	11332			
		11140		
		11141	

---------------------------------
plain	jelly	coconut	honey-dip
11308				
11309				
		11345		
			11508
		11346		
		11347		
		11348		
			11509
11310				
11311				
	11511			
11312	

---------------------------------
plain	jelly	coconut	honey-dip
	11672			
11435				
			11646
11436				
			11647
11437				
	11673			
			11648
11438				
		11471		
	11674			
			11649


---------------------------------
plain	jelly	coconut	honey-dip
11625				
	11827			
	11828			
11626				
			11816
		11664		
			11817
11627				
			11818
		11665		
			11819
			11820


---------------------------------
plain	jelly	coconut	honey-dip
	11929			
			11942
	11930			
	11931			
	11932			
			11943
	11933			
	11934			
			11944
11773				
	11935			
		11780	

---------------------------------
plain	jelly	coconut	honey-dip
11924				
		11929		
			12116
		11930		
		11931		
			12117
11925				
		11932		
	12079			
11926				
11927				
11928	

---------------------------------
plain	jelly	coconut	honey-dip
12082				
		12076		
			12238
12083				
12084				
12085				
	12216			
		12077		
			12239
	12217			
12086				
		12078	

---------------------------------
plain	jelly	coconut	honey-dip
12219				
		12209		
12220				
		12210		
		12211		
	12343			
12221				
	12344			
12222				
	12345			
		12212		
	12346	

---------------------------------
plain	jelly	coconut	honey-dip
		12342		
		12343		
			12533
			12534
		12344		
	12466			
			12535
			12536
		12345		
	12467			
	12468			
			12537


---------------------------------
plain	jelly	coconut	honey-dip
	12609			
	12610			
12500				
12501				
12502				
		12512		
	12611			
			12707
12503				
		12513		
12504				
			12708


---------------------------------
plain	jelly	coconut	honey-dip
	12713			
			12814
		12638		
12643				
			12815
		12639		
	12714			
		12640		
		12641		
		12642		
12644				
12645	

---------------------------------
plain	jelly	coconut	honey-dip
			12952
	12880			
		12780		
			12953
			12954
			12955
		12781		
			12956
		12782		
		12783		
12808				
12809	

---------------------------------
plain	jelly	coconut	honey-dip
	13058			
			13154
			13155
			13156
		12991		
		12992		
		12993		
13033				
	13059			
		12994		
		12995		
13034	

---------------------------------
plain	jelly	coconut	honey-dip
	13203			
13174				
			13302
			13303
			13304
	13204			
			13305
			13306
			13307
			13308
13175				
	13205	

---------------------------------
plain	jelly	coconut	honey-dip
		13230		
13290				
	13311			
		13231		
	13312			
			13401
	13313			
			13402
13291				
	13314			
13292				
		13232	

---------------------------------
plain	jelly	coconut	honey-dip
	13483			
			13564
		13386		
13447				
13448				
		13387		
	13484			
			13565
	13485			
13449				
13450				
	13486	

---------------------------------
plain	jelly	coconut	honey-dip
		13496		
		13497		
			13685
13581				
			13686
13582				
			13687
	13598			
			13688
13583				
		13498		
13584	

---------------------------------
plain	jelly	coconut	honey-dip
			13863
			13864
		13668		
	13785			
			13865
		13669		
13764				
	13786			
			13866
	13787			
13765				
13766	

---------------------------------
plain	jelly	coconut	honey-dip
13897				
			14012
		13811		
			14013
			14014
	13924			
			14015
13898				
	13925			
	13926			
13899				
	13927	

---------------------------------
plain	jelly	coconut	honey-dip
			14135
			14136
	14036			
		13922		
		13923		
			14137
		13924		
			14138
			14139
		13925		
	14037			
	14038	

---------------------------------
plain	jelly	coconut	honey-dip
	14180			
14132				
			14281
		14083		
	14181			
			14282
14133				
14134				
			14283
	14182			
		14084		
			14284


---------------------------------
plain	jelly	coconut	honey-dip
	14374			
14327				
		14296		
			14495
		14297		
		14298		
			14496
14328				
		14299		
	14375			
			14497
		14300	

---------------------------------
plain	jelly	coconut	honey-dip
			14655
	14521			
14475				
	14522			
			14656
	14523			
14476				
	14524			
	14525			
	14526			
		14453		
			14657


---------------------------------
plain	jelly	coconut	honey-dip
		14598		
		14599		
		14600		
14589				
			14769
14590				
			14770
14591				
	14640			
14592				
			14771
			14772


---------------------------------
plain	jelly	coconut	honey-dip
14709				
	14780			
			14908
14710				
	14781			
	14782			
		14727		
			14909
			14910
		14728		
	14783			
	14784	

---------------------------------
plain	jelly	coconut	honey-dip
14844				
14845				
	14904			
			15043
		14861		
			15044
14846				
14847				
14848				
	14905			
	14906			
			15045


---------------------------------
plain	jelly	coconut	honey-dip
			15143
14965				
14966				
	15025			
14967				
		14975		
			15144
14968				
14969				
			15145
	15026			
		14976	

---------------------------------
plain	jelly	coconut	honey-dip
			15278
15097				
15098				
		15110		
15099				
			15279
15100				
15101				
		15111		
		15112		
		15113		
15102	

---------------------------------
plain	jelly	coconut	honey-dip
	15295			
	15296			
		15272		
			15401
15244				
15245				
			15402
			15403
15246				
		15273		
		15274		
		15275	

---------------------------------
plain	jelly	coconut	honey-dip
	15446			
	15447			
			15557
		15420		
15389				
		15421		
15390				
	15448			
	15449			
		15422		
		15423		
		15424	

---------------------------------
plain	jelly	coconut	honey-dip
15524				
		15574		
	15584			
15525				
15526				
15527				
15528				
15529				
			15706
		15575		
			15707
		15576	

---------------------------------
plain	jelly	coconut	honey-dip
	15718			
15652				
			15830
		15716		
15653				
15654				
15655				
			15831
	15719			
		15717		
	15720			
	15721	

---------------------------------
plain	jelly	coconut	honey-dip
	15847			
			15967
15797				
	15848			
			15968
		15857		
15798				
	15849			
		15858		
15799				
	15850			
			15969


---------------------------------
plain	jelly	coconut	honey-dip
			16116
	16024			
			16117
		16014		
	16025			
15974				
15975				
15976				
	16026			
	16027			
15977				
	16028	

---------------------------------
plain	jelly	coconut	honey-dip
16147				
			16273
			16274
	16182			
16148				
	16183			
		16186		
16149				
16150				
		16187		
		16188		
		16189	

---------------------------------
plain	jelly	coconut	honey-dip
	16313			
16280				
		16327		
	16314			
		16328		
		16329		
			16420
16281				
		16330		
		16331		
			16421
16282	

---------------------------------
plain	jelly	coconut	honey-dip
		16474		
		16475		
16418				
		16476		
	16492			
		16477		
			16556
			16557
	16493			
16419				
		16478		
			16558


---------------------------------
plain	jelly	coconut	honey-dip
	16705			
	16706			
		16686		
	16707			
16626				
			16763
	16708			
	16709			
		16687		
	16710			
			16764
			16765


---------------------------------
plain	jelly	coconut	honey-dip
16849				
		16855		
16850				
16851				
		16856		
		16857		
16852				
16853				
		16858		
			16948
			16949
			16950


---------------------------------
plain	jelly	coconut	honey-dip
16996				
16997				
16998				
		17020		
		17021		
	17026			
	17027			
	17028			
	17029			
		17022		
16999				
		17023	

---------------------------------
plain	jelly	coconut	honey-dip
	17177			
		17201		
		17202		
	17178			
		17203		
17140				
	17179			
			17242
	17180			
	17181			
			17243
		17204	

---------------------------------
plain	jelly	coconut	honey-dip
			17386
		17350		
		17351		
			17387
	17319			
	17320			
		17352		
			17388
17293				
		17353		
17294				
17295	

---------------------------------
plain	jelly	coconut	honey-dip
			17503
			17504
	17435			
			17505
17416				
	17436			
		17498		
			17506
			17507
17417				
17418				
		17499	

---------------------------------
plain	jelly	coconut	honey-dip
			17672
			17673
			17674
	17632			
			17675
17596				
	17633			
		17660		
	17634			
	17635			
17597				
17598	

---------------------------------
plain	jelly	coconut	honey-dip
			17878
			17879
17818				
		17883		
		17884		
	17833			
	17834			
		17885		
17819				
			17880
	17835			
		17886	

---------------------------------
plain	jelly	coconut	honey-dip
	17965			
		18017		
			17999
		18018		
		18019		
			18000
			18001
17959				
			18002
			18003
17960				
17961	

---------------------------------
plain	jelly	coconut	honey-dip
18093				
	18110			
	18111			
18094				
			18148
18095				
18096				
	18112			
18097				
	18113			
		18165		
	18114	

---------------------------------
plain	jelly	coconut	honey-dip
	18235			
	18236			
18218				
18219				
	18237			
			18258
		18273		
	18238			
	18239			
18220				
		18274		
	18240	

---------------------------------
plain	jelly	coconut	honey-dip
			18389
18356				
18357				
18358				
			18390
		18409		
		18410		
	18370			
			18391
		18411		
			18392
	18371	

---------------------------------
plain	jelly	coconut	honey-dip
		18606		
		18607		
18556				
18557				
	18548			
			18558
			18559
		18608		
		18609		
	18549			
18558				
	18550	

---------------------------------
plain	jelly	coconut	honey-dip
			18709
	18683			
			18710
18683				
			18711
18684				
	18684			
	18685			
18685				
18686				
		18757		
	18686	

---------------------------------
plain	jelly	coconut	honey-dip
		18856		
18817				
			18834
18818				
18819				
	18805			
			18835
18820				
	18806			
18821				
		18857		
		18858	

---------------------------------
plain	jelly	coconut	honey-dip
18967				
18968				
			18953
18969				
	18948			
	18949			
			18954
		18996		
18970				
			18955
18971				
18972	

---------------------------------
plain	jelly	coconut	honey-dip
	19061			
	19062			
		19119		
		19120		
			19075
	19063			
		19121		
			19076
	19064			
19089				
19090				
	19065	

---------------------------------
plain	jelly	coconut	honey-dip
			19221
19217				
			19222
	19195			
	19196			
		19251		
19218				
			19223
			19224
		19252		
			19225
19219	

---------------------------------
plain	jelly	coconut	honey-dip
	19337			
		19419		
19385				
19386				
		19420		
			19391
		19421		
19387				
	19338			
			19392
		19422		
19388	

---------------------------------
plain	jelly	coconut	honey-dip
			19557
	19486			
			19558
			19559
19558				
			19560
	19487			
			19561
19559				
	19488			
19560				
	19489	

---------------------------------
plain	jelly	coconut	honey-dip
		19653		
			19662
			19663
		19654		
	19594			
19655				
		19655		
19656				
			19664
			19665
		19656		
19657	

---------------------------------
plain	jelly	coconut	honey-dip
19803				
			19809
19804				
19805				
			19810
19806				
		19829		
			19811
19807				
		19830		
	19735			
19808	

---------------------------------
plain	jelly	coconut	honey-dip
		19943		
19920				
		19944		
19921				
19922				
		19945		
19923				
		19946		
			19926
			19927
			19928
	19843	

---------------------------------
plain	jelly	coconut	honey-dip
		20079		
		20080		
	19997			
			20100
			20101
	19998			
			20102
	19999			
		20081		
	20000			
			20103
20056	

---------------------------------
plain	jelly	coconut	honey-dip
20192				
	20151			
20193				
		20223		
		20224		
	20152			
	20153			
		20225		
20194				
20195				
			20230
		20226	

---------------------------------
plain	jelly	coconut	honey-dip
	20286			
	20287			
		20368		
		20369		
	20288			
			20358
20336				
		20370		
			20359
20337				
			20360
	20289	

---------------------------------
plain	jelly	coconut	honey-dip
20469				
20470				
	20413			
		20519		
20471				
20472				
		20520		
	20414			
20473				
	20415			
	20416			
		20521	

---------------------------------
plain	jelly	coconut	honey-dip
		20725		
			20702
		20726		
	20608			
		20727		
		20728		
20657				
		20729		
	20609			
20658				
			20703
	20610	

---------------------------------
plain	jelly	coconut	honey-dip
20828				
			20840
		20871		
		20872		
		20873		
		20874		
	20729			
		20875		
			20841
			20842
		20876		
		20877	

---------------------------------
plain	jelly	coconut	honey-dip
			21019
			21020
	20881			
		21034		
			21021
		21035		
21006				
			21022
		21036		
			21023
	20882			
		21037	

---------------------------------
plain	jelly	coconut	honey-dip
			21295
			21296
	21162			
			21297
			21298
		21315		
		21316		
	21163			
			21299
		21317		
	21164			
	21165	

---------------------------------
plain	jelly	coconut	honey-dip
	21306			
21423				
	21307			
			21437
21424				
			21438
21425				
		21454		
	21308			
21426				
	21309			
			21439


---------------------------------
plain	jelly	coconut	honey-dip
21562				
21563				
			21570
21564				
21565				
21566				
	21427			
21567				
21568				
		21589		
	21428			
			21571


---------------------------------
plain	jelly	coconut	honey-dip
			21678
		21699		
21677				
21678				
			21679
21679				
	21538			
		21700		
		21701		
		21702		
		21703		
			21680


---------------------------------
plain	jelly	coconut	honey-dip
		21864		
			21843
21841				
		21865		
21842				
		21866		
	21704			
	21705			
21843				
21844				
	21706			
			21844


---------------------------------
plain	jelly	coconut	honey-dip
			21980
21983				
		22016		
			21981
	21849			
21984				
		22017		
21985				
	21850			
		22018		
21986				
		22019	

---------------------------------
plain	jelly	coconut	honey-dip
22127				
			22114
		22162		
		22163		
			22115
	22013			
	22014			
			22116
		22164		
			22117
		22165		
	22015	

---------------------------------
plain	jelly	coconut	honey-dip
			22265
22278				
		22336		
			22266
		22337		
	22173			
		22338		
		22339		
			22267
	22174			
	22175			
22279	

---------------------------------
plain	jelly	coconut	honey-dip
	22302			
	22303			
		22479		
			22384
		22480		
	22304			
		22481		
	22305			
	22306			
22403				
			22385
	22307	

---------------------------------
plain	jelly	coconut	honey-dip
			22549
			22550
22563				
	22470			
22564				
	22471			
		22622		
	22472			
		22623		
22565				
			22551
	22473	

---------------------------------
plain	jelly	coconut	honey-dip
22695				
22696				
	22624			
		22757		
22697				
	22625			
	22626			
	22627			
	22628			
22698				
			22680
			22681


---------------------------------
plain	jelly	coconut	honey-dip
22821				
			22814
			22815
			22816
			22817
	22766			
		22871		
			22818
			22819
	22767			
			22820
			22821


---------------------------------
plain	jelly	coconut	honey-dip
			22950
		22969		
			22951
22927				
	22870			
	22871			
22928				
			22952
			22953
	22872			
			22954
		22970	

---------------------------------
plain	jelly	coconut	honey-dip
		23122		
			23059
			23060
23071				
	22992			
	22993			
			23061
		23123		
	22994			
23072				
		23124		
			23062


---------------------------------
plain	jelly	coconut	honey-dip
		23341		
		23342		
	23217			
23265				
	23218			
			23273
	23219			
	23220			
23266				
	23221			
			23274
			23275


---------------------------------
plain	jelly	coconut	honey-dip
23418				
			23417
		23506		
		23507		
		23508		
			23418
	23379			
23419				
		23509		
			23419
		23510		
	23380	

---------------------------------
plain	jelly	coconut	honey-dip
23558				
	23515			
			23544
		23643		
23559				
			23545
			23546
	23516			
	23517			
			23547
	23518			
			23548


---------------------------------
plain	jelly	coconut	honey-dip
			23661
	23617			
		23758		
	23618			
			23662
			23663
	23619			
	23620			
23668				
		23759		
23669				
	23621	

---------------------------------
plain	jelly	coconut	honey-dip
			23809
		23896		
	23738			
		23897		
		23898		
23801				
			23810
		23899		
			23811
23802				
			23812
23803	

---------------------------------
plain	jelly	coconut	honey-dip
	23869			
		24034		
			23914
		24035		
	23870			
		24036		
		24037		
	23871			
			23915
23907				
			23916
	23872	

---------------------------------
plain	jelly	coconut	honey-dip
			24137
			24138
24133				
24134				
			24139
		24274		
			24140
24135				
			24141
			24142
24136				
	24116	

---------------------------------
plain	jelly	coconut	honey-dip
24235				
24236				
	24231			
	24232			
		24367		
	24233			
			24247
24237				
24238				
24239				
		24368		
	24234	

---------------------------------
plain	jelly	coconut	honey-dip
		24537		
		24538		
	24401			
		24539		
			24375
		24540		
			24376
24427				
	24402			
			24377
		24541		
		24542	

---------------------------------
plain	jelly	coconut	honey-dip
			24540
			24541
		24737		
24603				
	24592			
		24738		
		24739		
	24593			
			24542
		24740		
24604				
		24741	

---------------------------------
plain	jelly	coconut	honey-dip
24755				
24756				
			24695
		24876		
		24877		
	24758			
			24696
		24878		
			24697
	24759			
24757				
		24879	

---------------------------------
plain	jelly	coconut	honey-dip
		25005		
24924				
		25006		
		25007		
	24895			
			24848
	24896			
24925				
			24849
	24897			
		25008		
24926	

---------------------------------
plain	jelly	coconut	honey-dip
		25153		
		25154		
			25005
		25155		
			25006
		25156		
	25063			
			25007
		25157		
			25008
			25009
	25064	

---------------------------------
plain	jelly	coconut	honey-dip
	25210			
	25211			
		25314		
	25212			
	25213			
			25153
			25154
	25214			
25219				
			25155
	25215			
25220	

---------------------------------
plain	jelly	coconut	honey-dip
		25431		
25321				
		25432		
		25433		
			25250
25322				
	25314			
25323				
		25434		
25324				
			25251
			25252


---------------------------------
plain	jelly	coconut	honey-dip
25444				
25445				
			25390
		25594		
			25391
			25392
		25595		
			25393
			25394
25446				
			25395
			25396


---------------------------------
plain	jelly	coconut	honey-dip
25557				
	25574			
25558				
		25720		
		25721		
	25575			
25559				
	25576			
	25577			
	25578			
		25722		
25560	

---------------------------------
plain	jelly	coconut	honey-dip
			25678
25704				
		25862		
25705				
	25728			
			25679
		25863		
	25729			
			25680
25706				
		25864		
		25865	

---------------------------------
plain	jelly	coconut	honey-dip
	25852			
		26013		
		26014		
		26015		
			25830
		26016		
			25831
			25832
			25833
		26017		
		26018		
		26019	

---------------------------------
plain	jelly	coconut	honey-dip
		26129		
25961				
	25957			
	25958			
	25959			
			25969
			25970
	25960			
25962				
	25961			
		26130		
	25962	

---------------------------------
plain	jelly	coconut	honey-dip
		26282		
26088				
			26070
26089				
		26283		
		26284		
			26071
			26072
	26092			
26090				
		26285		
		26286	

---------------------------------
plain	jelly	coconut	honey-dip
	26201			
			26201
		26408		
	26202			
			26202
			26203
	26203			
	26204			
		26409		
		26410		
		26411		
	26205	

---------------------------------
plain	jelly	coconut	honey-dip
			26325
		26534		
		26535		
		26536		
26330				
			26326
26331				
		26537		
	26351			
		26538		
26332				
26333	

---------------------------------
plain	jelly	coconut	honey-dip
			26459
		26679		
		26680		
		26681		
		26682		
26438				
	26468			
	26469			
	26470			
26439				
			26460
		26683	

---------------------------------
plain	jelly	coconut	honey-dip
26520				
26521				
26522				
		26748		
	26527			
	26528			
			26513
			26514
			26515
	26529			
		26749		
			26516


---------------------------------
plain	jelly	coconut	honey-dip
	26684			
		26903		
	26685			
			26670
26699				
		26904		
			26671
26700				
	26686			
26701				
	26687			
		26905	

---------------------------------
plain	jelly	coconut	honey-dip
		27063		
			26846
26857				
	26862			
			26847
			26848
		27064		
	26863			
	26864			
26858				
26859				
			26849


---------------------------------
plain	jelly	coconut	honey-dip
			26938
			26939
			26940
		27179		
	26963			
26956				
	26964			
26957				
		27180		
		27181		
			26941
26958	

---------------------------------
plain	jelly	coconut	honey-dip
	27095			
			27107
		27350		
		27351		
27144				
27145				
		27352		
			27108
		27353		
	27096			
27146				
			27109


---------------------------------
plain	jelly	coconut	honey-dip
27274				
	27199			
			27212
		27455		
			27213
27275				
		27456		
		27457		
27276				
		27458		
		27459		
			27214


---------------------------------
plain	jelly	coconut	honey-dip
27390				
27391				
		27567		
27392				
			27318
			27319
	27297			
		27568		
	27298			
		27569		
			27320
27393	

---------------------------------
plain	jelly	coconut	honey-dip
27605				
		27750		
	27493			
	27494			
	27495			
27606				
			27492
			27493
		27751		
		27752		
			27494
	27496	

---------------------------------
plain	jelly	coconut	honey-dip
	27601			
			27613
27723				
27724				
27725				
27726				
	27602			
			27614
	27603			
	27604			
27727				
	27605	

---------------------------------
plain	jelly	coconut	honey-dip
27854				
		27966		
27855				
27856				
			27730
		27967		
			27731
			27732
		27968		
		27969		
	27750			
	27751	

---------------------------------
plain	jelly	coconut	honey-dip
	27832			
			27817
		28043		
	27833			
			27818
		28044		
		28045		
			27819
27920				
	27834			
			27820
	27835	

---------------------------------
plain	jelly	coconut	honey-dip
28037				
			27937
			27938
			27939
			27940
		28153		
	27953			
	27954			
	27955			
	27956			
			27941
		28154	

---------------------------------
plain	jelly	coconut	honey-dip
28132				
28133				
		28241		
		28242		
28134				
28135				
		28243		
		28244		
			28038
28136				
	28077			
	28078	

---------------------------------
plain	jelly	coconut	honey-dip
		28317		
		28318		
			28112
			28113
28219				
28220				
			28114
28221				
		28319		
		28320		
	28140			
			28115


---------------------------------
plain	jelly	coconut	honey-dip
			28203
28313				
			28204
	28198			
			28205
	28199			
			28206
	28200			
28314				
28315				
28316				
			28207


---------------------------------
plain	jelly	coconut	honey-dip
28417				
28418				
	28276			
	28277			
		28472		
			28271
28419				
		28473		
			28272
28420				
		28474		
	28278	

---------------------------------
plain	jelly	coconut	honey-dip
	28384			
	28385			
28516				
			28370
28517				
28518				
		28574		
	28386			
	28387			
		28575		
28519				
28520	

---------------------------------
plain	jelly	coconut	honey-dip
28647				
			28482
			28483
28648				
		28709		
	28510			
	28511			
28649				
	28512			
		28710		
	28513			
28650	

---------------------------------
plain	jelly	coconut	honey-dip
28724				
	28576			
		28780		
	28577			
		28781		
	28578			
28725				
		28782		
		28783		
			28556
		28784		
28726	

---------------------------------
plain	jelly	coconut	honey-dip
	28643			
			28635
		28860		
			28636
	28644			
	28645			
		28861		
28810				
		28862		
	28646			
			28637
			28638


