---------------------------------
plain	jelly	coconut	honey-dip
		126		
			101
			102
	117			
	118			
		127		
			103
		128		
124				
			104
125				
126	

---------------------------------
plain	jelly	coconut	honey-dip
		206		
		207		
		208		
			179
221				
			180
	198			
	199			
			181
			182
	200			
			183


---------------------------------
plain	jelly	coconut	honey-dip
		249		
			221
253				
		250		
	249			
			222
	250			
			223
254				
255				
		251		
		252	

---------------------------------
plain	jelly	coconut	honey-dip
			333
			334
			335
359				
360				
			336
		357		
361				
	355			
	356			
362				
		358	

---------------------------------
plain	jelly	coconut	honey-dip
406				
			396
		414		
407				
408				
		415		
	404			
409				
	405			
	406			
410				
		416	

---------------------------------
plain	jelly	coconut	honey-dip
		489		
			466
496				
			467
	481			
	482			
		490		
497				
498				
		491		
499				
		492	

---------------------------------
plain	jelly	coconut	honey-dip
579				
			552
		563		
		564		
		565		
			553
580				
	574			
	575			
581				
		566		
	576	

---------------------------------
plain	jelly	coconut	honey-dip
640				
	644			
	645			
641				
	646			
	647			
642				
			622
	648			
643				
		650		
		651	

---------------------------------
plain	jelly	coconut	honey-dip
		699		
690				
			679
			680
		700		
		701		
			681
691				
	704			
692				
693				
			682


---------------------------------
plain	jelly	coconut	honey-dip
			742
733				
			743
	752			
	753			
			744
734				
		761		
	754			
			745
735				
	755	

---------------------------------
plain	jelly	coconut	honey-dip
	801			
		829		
786				
787				
788				
	802			
		830		
			800
	803			
		831		
789				
			801


---------------------------------
plain	jelly	coconut	honey-dip
			858
			859
			860
	852			
		872		
850				
			861
	853			
		873		
			862
851				
	854	

---------------------------------
plain	jelly	coconut	honey-dip
921				
		938		
		939		
		940		
		941		
	923			
		942		
922				
		943		
		944		
923				
	924	

---------------------------------
plain	jelly	coconut	honey-dip
	1006			
			1021
	1007			
998				
		1031		
			1022
		1032		
999				
	1008			
		1033		
1000				
		1034	

---------------------------------
plain	jelly	coconut	honey-dip
1109				
1110				
1111				
		1136		
	1137			
1112				
			1118
		1137		
			1119
		1138		
		1139		
		1140	

---------------------------------
plain	jelly	coconut	honey-dip
			1220
		1233		
			1221
1208				
1209				
			1222
			1223
		1234		
			1224
	1259			
	1260			
			1225


---------------------------------
plain	jelly	coconut	honey-dip
	1334			
			1299
	1335			
		1318		
		1319		
		1320		
		1321		
			1300
		1322		
			1301
			1302
1281	

---------------------------------
plain	jelly	coconut	honey-dip
		1415		
1369				
1370				
1371				
		1416		
			1380
	1428			
1372				
1373				
		1417		
			1381
		1418	

---------------------------------
plain	jelly	coconut	honey-dip
		1497		
		1498		
			1484
			1485
	1508			
			1486
	1509			
1451				
1452				
		1499		
	1510			
		1500	

---------------------------------
plain	jelly	coconut	honey-dip
1550				
1551				
		1584		
			1579
		1585		
			1580
			1581
	1587			
			1582
		1586		
1552				
		1587	

---------------------------------
plain	jelly	coconut	honey-dip
1657				
1658				
			1692
		1692		
		1693		
		1694		
			1693
		1695		
	1715			
1659				
		1696		
	1716	

---------------------------------
plain	jelly	coconut	honey-dip
	1811			
		1797		
	1812			
1769				
		1798		
1770				
		1799		
			1799
	1813			
			1800
			1801
			1802


---------------------------------
plain	jelly	coconut	honey-dip
1883				
			1913
		1894		
	1906			
			1914
			1915
	1907			
	1908			
		1895		
			1916
			1917
			1918


---------------------------------
plain	jelly	coconut	honey-dip
			2056
	2041			
		2009		
			2057
2006				
			2058
2007				
			2059
		2010		
	2042			
		2011		
			2060


---------------------------------
plain	jelly	coconut	honey-dip
	2172			
	2173			
			2192
2141				
			2193
			2194
	2174			
			2195
	2175			
		2159		
		2160		
		2161	

---------------------------------
plain	jelly	coconut	honey-dip
		2268		
	2285			
		2269		
	2286			
			2295
			2296
		2270		
			2297
2224				
2225				
	2287			
		2271	

---------------------------------
plain	jelly	coconut	honey-dip
			2467
2430				
			2468
	2457			
			2469
	2458			
		2450		
	2459			
	2460			
2431				
	2461			
			2470


---------------------------------
plain	jelly	coconut	honey-dip
2525				
	2563			
	2564			
		2545		
2526				
		2546		
2527				
	2565			
			2579
			2580
2528				
	2566	

---------------------------------
plain	jelly	coconut	honey-dip
2619				
			2694
2620				
		2669		
	2674			
		2670		
		2671		
			2695
2621				
			2696
	2675			
			2697


---------------------------------
plain	jelly	coconut	honey-dip
		2781		
	2771			
2739				
	2772			
			2809
			2810
2740				
2741				
			2811
	2773			
		2782		
	2774	

---------------------------------
plain	jelly	coconut	honey-dip
		2883		
	2878			
2857				
			2926
2858				
			2927
	2879			
		2884		
2859				
	2880			
	2881			
2860	

---------------------------------
plain	jelly	coconut	honey-dip
		3010		
			3053
			3054
	2990			
2995				
			3055
2996				
	2991			
		3011		
		3012		
	2992			
2997	

---------------------------------
plain	jelly	coconut	honey-dip
		3143		
3144				
3145				
	3128			
			3197
	3129			
3146				
3147				
			3198
3148				
	3130			
			3199


---------------------------------
plain	jelly	coconut	honey-dip
3265				
	3246			
3266				
3267				
3268				
			3328
	3247			
	3248			
			3329
3269				
3270				
	3249	

---------------------------------
plain	jelly	coconut	honey-dip
		3358		
		3359		
	3355			
			3441
			3442
		3360		
			3443
	3356			
			3444
3370				
3371				
			3445


---------------------------------
plain	jelly	coconut	honey-dip
		3502		
			3561
			3562
		3503		
		3504		
			3563
	3458			
3495				
			3564
	3459			
	3460			
		3505	

---------------------------------
plain	jelly	coconut	honey-dip
			3766
		3708		
			3767
		3709		
	3651			
	3652			
			3768
		3710		
			3769
			3770
			3771
	3653	

---------------------------------
plain	jelly	coconut	honey-dip
	3797			
3773				
	3798			
	3799			
		3823		
3774				
		3824		
			3883
			3884
			3885
3775				
3776	

---------------------------------
plain	jelly	coconut	honey-dip
			4017
			4018
		3938		
3901				
	3936			
3902				
	3937			
	3938			
		3939		
			4019
3903				
		3940	

---------------------------------
plain	jelly	coconut	honey-dip
		4062		
4049				
		4063		
		4064		
		4065		
	4068			
	4069			
4050				
4051				
	4070			
			4129
4052	

---------------------------------
plain	jelly	coconut	honey-dip
		4185		
		4186		
4173				
4174				
		4187		
4175				
		4188		
		4189		
			4262
		4190		
	4180			
			4263


---------------------------------
plain	jelly	coconut	honey-dip
		4369		
		4370		
			4431
	4366			
4354				
4355				
4356				
4357				
			4432
			4433
4358				
			4434


---------------------------------
plain	jelly	coconut	honey-dip
	4534			
		4511		
		4512		
			4598
4513				
			4599
	4535			
		4513		
4514				
			4600
			4601
		4514	

---------------------------------
plain	jelly	coconut	honey-dip
			4751
		4680		
	4671			
			4752
		4681		
4666				
	4672			
			4753
		4682		
	4673			
			4754
	4674	

---------------------------------
plain	jelly	coconut	honey-dip
		4797		
		4798		
			4876
		4799		
	4833			
		4800		
	4834			
	4835			
4826				
4827				
			4877
		4801	

---------------------------------
plain	jelly	coconut	honey-dip
	5001			
		4967		
4985				
		4968		
			5039
			5040
		4969		
	5002			
	5003			
		4970		
	5004			
4986	

---------------------------------
plain	jelly	coconut	honey-dip
			5175
			5176
5100				
		5102		
	5143			
5101				
	5144			
		5103		
			5177
	5145			
	5146			
5102	

---------------------------------
plain	jelly	coconut	honey-dip
		5236		
5218				
		5237		
	5278			
5219				
5220				
5221				
	5279			
			5280
	5280			
			5281
	5281	

---------------------------------
plain	jelly	coconut	honey-dip
5323				
		5329		
			5378
	5378			
		5330		
			5379
			5380
5324				
			5381
		5331		
5325				
		5332	

---------------------------------
plain	jelly	coconut	honey-dip
			5491
5460				
		5446		
5461				
5462				
5463				
	5503			
5464				
			5492
	5504			
		5447		
			5493


---------------------------------
plain	jelly	coconut	honey-dip
5705				
		5703		
5706				
5707				
		5704		
5708				
			5716
		5705		
		5706		
			5717
5709				
			5718


---------------------------------
plain	jelly	coconut	honey-dip
	5954			
	5955			
		5881		
	5956			
	5957			
	5958			
		5882		
	5959			
5882				
			5899
	5960			
		5883	

---------------------------------
plain	jelly	coconut	honey-dip
	6077			
	6078			
6006				
			6043
	6079			
		5994		
	6080			
			6044
	6081			
			6045
	6082			
6007	

---------------------------------
plain	jelly	coconut	honey-dip
		6151		
6161				
		6152		
		6153		
	6258			
6162				
		6154		
	6259			
		6155		
	6260			
			6210
6163	

---------------------------------
plain	jelly	coconut	honey-dip
		6304		
			6352
		6305		
		6306		
6300				
	6412			
		6307		
	6413			
	6414			
			6353
		6308		
		6309	

---------------------------------
plain	jelly	coconut	honey-dip
		6473		
		6474		
6460				
6461				
			6522
	6597			
	6598			
			6523
			6524
6462				
		6475		
	6599	

---------------------------------
plain	jelly	coconut	honey-dip
			6641
6610				
6611				
	6722			
	6723			
			6642
6612				
6613				
	6724			
	6725			
			6643
	6726	

---------------------------------
plain	jelly	coconut	honey-dip
			6776
6731				
		6695		
6732				
6733				
	6822			
		6696		
6734				
6735				
		6697		
	6823			
			6777


---------------------------------
plain	jelly	coconut	honey-dip
	6954			
6888				
	6955			
			6923
	6956			
6889				
		6823		
		6824		
		6825		
		6826		
6890				
		6827	

---------------------------------
plain	jelly	coconut	honey-dip
		6982		
	7119			
			7110
			7111
			7112
7049				
			7113
		6983		
	7120			
			7114
7050				
	7121	

---------------------------------
plain	jelly	coconut	honey-dip
			7243
	7233			
		7092		
	7234			
	7235			
	7236			
		7093		
			7244
			7245
		7094		
	7237			
			7246


---------------------------------
plain	jelly	coconut	honey-dip
7278				
	7380			
			7374
		7248		
		7249		
7279				
7280				
7281				
	7381			
		7250		
			7375
		7251	

---------------------------------
plain	jelly	coconut	honey-dip
			7519
		7403		
7409				
		7404		
		7405		
			7520
7410				
	7525			
		7406		
	7526			
7411				
	7527	

---------------------------------
plain	jelly	coconut	honey-dip
			7659
			7660
			7661
		7525		
			7662
		7526		
7548				
			7663
7549				
			7664
7550				
	7676	

---------------------------------
plain	jelly	coconut	honey-dip
7660				
7661				
	7791			
			7799
		7650		
			7800
	7792			
7662				
		7651		
7663				
			7801
7664	

---------------------------------
plain	jelly	coconut	honey-dip
			7914
		7754		
		7755		
			7915
7776				
		7756		
	7912			
7777				
7778				
	7913			
		7757		
	7914	

---------------------------------
plain	jelly	coconut	honey-dip
		7898		
			8084
			8085
			8086
		7899		
7947				
	8063			
		7900		
			8087
			8088
			8089
			8090


---------------------------------
plain	jelly	coconut	honey-dip
		8034		
		8035		
8094				
			8226
			8227
		8036		
			8228
			8229
		8037		
8095				
			8230
	8202	

---------------------------------
plain	jelly	coconut	honey-dip
		8186		
8236				
	8360			
			8374
		8187		
		8188		
	8361			
			8375
		8189		
			8376
			8377
			8378


---------------------------------
plain	jelly	coconut	honey-dip
8369				
			8505
		8321		
		8322		
8370				
	8513			
		8323		
	8514			
			8506
		8324		
8371				
8372	

---------------------------------
plain	jelly	coconut	honey-dip
			8700
8578				
		8521		
	8701			
8579				
8580				
		8522		
8581				
			8701
			8702
			8703
8582	

---------------------------------
plain	jelly	coconut	honey-dip
8688				
		8639		
			8802
		8640		
			8803
8689				
	8803			
8690				
			8804
	8804			
8691				
	8805	

---------------------------------
plain	jelly	coconut	honey-dip
			8928
		8762		
	8936			
			8929
		8763		
8798				
	8937			
		8764		
		8765		
		8766		
		8767		
	8938	

---------------------------------
plain	jelly	coconut	honey-dip
	9073			
		8929		
			9094
8952				
8953				
			9095
	9074			
	9075			
	9076			
		8930		
	9077			
			9096


---------------------------------
plain	jelly	coconut	honey-dip
9172				
9173				
9174				
9175				
			9309
9176				
		9147		
		9148		
			9310
		9149		
		9150		
			9311


---------------------------------
plain	jelly	coconut	honey-dip
			9454
			9455
9307				
			9456
			9457
9308				
9309				
9310				
		9301		
		9302		
			9458
9311	

---------------------------------
plain	jelly	coconut	honey-dip
9444				
9445				
	9565			
	9566			
			9577
		9418		
		9419		
	9567			
		9420		
	9568			
			9578
	9569	

---------------------------------
plain	jelly	coconut	honey-dip
	9708			
			9699
9578				
		9559		
9579				
	9709			
			9700
9580				
		9560		
9581				
			9701
9582	

---------------------------------
plain	jelly	coconut	honey-dip
		9676		
	9809			
9698				
9699				
	9810			
		9677		
	9811			
	9812			
9700				
		9678		
9701				
9702	

---------------------------------
plain	jelly	coconut	honey-dip
	9956			
	9957			
		9808		
	9958			
9819				
9820				
	9959			
		9809		
			9933
			9934
		9810		
	9960	

---------------------------------
plain	jelly	coconut	honey-dip
			10081
			10082
9944				
		9942		
9945				
		9943		
	10089			
9946				
9947				
			10083
	10090			
		9944	

---------------------------------
plain	jelly	coconut	honey-dip
10070				
			10204
	10230			
		10080		
			10205
	10231			
	10232			
		10081		
			10206
			10207
	10233			
			10208


---------------------------------
plain	jelly	coconut	honey-dip
			10381
	10429			
			10382
			10383
			10384
			10385
	10430			
		10248		
10234				
			10386
			10387
		10249	

---------------------------------
plain	jelly	coconut	honey-dip
			10509
	10552			
			10510
10342				
	10553			
	10554			
	10555			
			10511
	10556			
			10512
			10513
10343	

---------------------------------
plain	jelly	coconut	honey-dip
		10470		
10452				
		10471		
10453				
	10669			
10454				
			10625
		10472		
			10626
10455				
10456				
	10670	

---------------------------------
plain	jelly	coconut	honey-dip
			10836
10671				
10672				
		10681		
		10682		
			10837
		10683		
		10684		
10673				
		10685		
			10838
10674	

---------------------------------
plain	jelly	coconut	honey-dip
10826				
		10843		
		10844		
		10845		
	11012			
	11013			
10827				
			10975
10828				
	11014			
	11015			
10829	

---------------------------------
plain	jelly	coconut	honey-dip
		10968		
	11135			
	11136			
10948				
		10969		
	11137			
		10970		
		10971		
	11138			
	11139			
			11109
	11140	

---------------------------------
plain	jelly	coconut	honey-dip
	11284			
	11285			
		11110		
11081				
11082				
11083				
11084				
			11261
		11111		
			11262
	11286			
			11263


---------------------------------
plain	jelly	coconut	honey-dip
	11427			
		11234		
			11394
		11235		
		11236		
		11237		
			11395
11197				
11198				
		11238		
		11239		
		11240	

---------------------------------
plain	jelly	coconut	honey-dip
			11598
11389				
			11599
11390				
			11600
		11428		
			11601
		11429		
			11602
		11430		
			11603
			11604


---------------------------------
plain	jelly	coconut	honey-dip
	11745			
11520				
		11563		
			11732
		11564		
11521				
		11565		
		11566		
			11733
	11746			
11522				
		11567	

---------------------------------
plain	jelly	coconut	honey-dip
11702				
	11886			
11703				
			11879
		11717		
		11718		
			11880
			11881
11704				
11705				
11706				
	11887	

---------------------------------
plain	jelly	coconut	honey-dip
			12039
11847				
			12040
		11847		
	12003			
			12041
	12004			
		11848		
11848				
	12005			
		11849		
	12006	

---------------------------------
plain	jelly	coconut	honey-dip
	12117			
	12118			
11969				
11970				
	12119			
		11974		
			12156
			12157
11971				
11972				
			12158
	12120	

---------------------------------
plain	jelly	coconut	honey-dip
12087				
	12218			
			12240
	12219			
	12220			
			12241
	12221			
			12242
			12243
		12079		
			12244
	12222	

---------------------------------
plain	jelly	coconut	honey-dip
		12241		
		12242		
			12406
			12407
		12243		
			12408
		12244		
12247				
		12245		
			12409
12248				
			12410


---------------------------------
plain	jelly	coconut	honey-dip
		12482		
		12483		
	12580			
	12581			
	12582			
12476				
		12484		
		12485		
		12486		
			12682
		12487		
12477	

---------------------------------
plain	jelly	coconut	honey-dip
			12818
			12819
		12647		
	12718			
	12719			
	12720			
			12820
		12648		
			12821
12649				
			12822
		12649	

---------------------------------
plain	jelly	coconut	honey-dip
	12858			
			12927
	12859			
		12761		
		12762		
			12928
			12929
	12860			
	12861			
	12862			
	12863			
			12930


---------------------------------
plain	jelly	coconut	honey-dip
	12956			
	12957			
			13063
		12884		
12925				
	12958			
12926				
		12885		
		12886		
		12887		
		12888		
12927	

---------------------------------
plain	jelly	coconut	honey-dip
			13217
13091				
13092				
		13066		
			13218
	13114			
			13219
	13115			
			13220
	13116			
13093				
			13221


---------------------------------
plain	jelly	coconut	honey-dip
13205				
13206				
		13178		
13207				
13208				
	13247			
13209				
	13248			
	13249			
			13338
			13339
	13250	

---------------------------------
plain	jelly	coconut	honey-dip
		13284		
			13466
	13373			
	13374			
	13375			
		13285		
			13467
		13286		
			13468
			13469
	13376			
13337	

---------------------------------
plain	jelly	coconut	honey-dip
			13589
	13505			
			13590
		13414		
		13415		
			13591
	13506			
	13507			
	13508			
	13509			
13480				
		13416	

---------------------------------
plain	jelly	coconut	honey-dip
		13549		
	13654			
13640				
	13655			
13641				
		13550		
	13656			
13642				
13643				
13644				
		13551		
	13657	

---------------------------------
plain	jelly	coconut	honey-dip
13777				
13778				
			13879
13779				
13780				
			13880
		13685		
	13799			
		13686		
13781				
	13800			
			13881


---------------------------------
plain	jelly	coconut	honey-dip
13951				
			14071
			14072
		13867		
13952				
		13868		
			14073
			14074
		13869		
		13870		
			14075
	13983	

---------------------------------
plain	jelly	coconut	honey-dip
		14055		
	14153			
			14255
		14056		
		14057		
14105				
		14058		
14106				
	14154			
14107				
			14256
			14257


---------------------------------
plain	jelly	coconut	honey-dip
		14206		
			14418
14247				
	14297			
		14207		
	14298			
			14419
		14208		
14248				
	14299			
		14209		
		14210	

---------------------------------
plain	jelly	coconut	honey-dip
		14371		
		14372		
	14447			
	14448			
		14373		
		14374		
14390				
	14449			
14391				
		14375		
			14572
			14573


---------------------------------
plain	jelly	coconut	honey-dip
14551				
14552				
		14544		
14553				
	14594			
		14545		
		14546		
		14547		
14554				
14555				
		14548		
14556	

---------------------------------
plain	jelly	coconut	honey-dip
			14884
		14702		
			14885
		14703		
	14738			
14680				
		14704		
			14886
			14887
			14888
14681				
	14739	

---------------------------------
plain	jelly	coconut	honey-dip
	14888			
14818				
14819				
			15029
		14845		
14820				
		14846		
			15030
			15031
			15032
14821				
	14889	

---------------------------------
plain	jelly	coconut	honey-dip
		14964		
		14965		
	15012			
	15013			
14953				
	15014			
14954				
	15015			
		14966		
	15016			
			15131
			15132


---------------------------------
plain	jelly	coconut	honey-dip
	15139			
15103				
15104				
			15280
		15114		
			15281
15105				
15106				
			15282
	15140			
		15115		
	15141	

---------------------------------
plain	jelly	coconut	honey-dip
			15425
		15287		
15269				
		15288		
	15315			
	15316			
		15289		
	15317			
15270				
15271				
	15318			
15272	

---------------------------------
plain	jelly	coconut	honey-dip
	15459			
			15569
		15433		
	15460			
			15570
15399				
			15571
		15434		
			15572
		15435		
			15573
		15436	

---------------------------------
plain	jelly	coconut	honey-dip
			15753
			15754
			15755
	15638			
			15756
15596				
		15641		
			15757
15597				
	15639			
	15640			
	15641	

---------------------------------
plain	jelly	coconut	honey-dip
			15875
			15876
15711				
		15762		
		15763		
15712				
15713				
			15877
			15878
15714				
	15760			
			15879


---------------------------------
plain	jelly	coconut	honey-dip
	15957			
	15958			
	15959			
	15960			
		15958		
	15961			
15915				
	15962			
			16058
			16059
			16060
			16061


---------------------------------
plain	jelly	coconut	honey-dip
			16183
		16084		
16048				
			16184
16049				
		16085		
16050				
		16086		
	16089			
16051				
16052				
16053	

---------------------------------
plain	jelly	coconut	honey-dip
	16210			
	16211			
		16209		
			16294
		16210		
			16295
16171				
16172				
16173				
	16212			
			16296
		16211	

---------------------------------
plain	jelly	coconut	honey-dip
16331				
	16370			
	16371			
16332				
		16383		
			16472
	16372			
16333				
		16384		
		16385		
	16373			
			16473


---------------------------------
plain	jelly	coconut	honey-dip
16467				
			16601
		16539		
			16602
16468				
	16537			
16469				
16470				
	16538			
	16539			
	16540			
			16603


---------------------------------
plain	jelly	coconut	honey-dip
		16677		
	16695			
			16754
16618				
	16696			
	16697			
		16678		
16619				
16620				
			16755
16621				
			16756


---------------------------------
plain	jelly	coconut	honey-dip
			16895
			16896
	16845			
16776				
16777				
16778				
16779				
			16897
16780				
	16846			
			16898
			16899


---------------------------------
plain	jelly	coconut	honey-dip
		16905		
	16928			
			16999
		16906		
16896				
		16907		
			17000
		16908		
			17001
16897				
			17002
			17003


---------------------------------
plain	jelly	coconut	honey-dip
17047				
			17135
		17079		
			17136
		17080		
		17081		
17048				
	17079			
		17082		
			17137
			17138
	17080	

---------------------------------
plain	jelly	coconut	honey-dip
	17246			
	17247			
	17248			
	17249			
		17289		
17220				
			17317
		17290		
17221				
	17250			
	17251			
		17291	

---------------------------------
plain	jelly	coconut	honey-dip
	17385			
		17438		
	17386			
		17439		
	17387			
17368				
		17440		
17369				
17370				
			17457
			17458
			17459


---------------------------------
plain	jelly	coconut	honey-dip
		17574		
			17584
		17575		
			17585
17494				
			17586
		17576		
	17536			
	17537			
17495				
17496				
			17587


---------------------------------
plain	jelly	coconut	honey-dip
	17673			
17657				
	17674			
17658				
			17725
17659				
			17726
			17727
		17709		
			17728
			17729
		17710	

---------------------------------
plain	jelly	coconut	honey-dip
17786				
17787				
		17847		
17788				
		17848		
			17855
17789				
17790				
17791				
	17804			
	17805			
	17806	

---------------------------------
plain	jelly	coconut	honey-dip
	17902			
			17946
17890				
		17974		
17891				
		17975		
		17976		
	17903			
			17947
	17904			
			17948
	17905	

---------------------------------
plain	jelly	coconut	honey-dip
	18041			
		18096		
18032				
		18097		
			18083
		18098		
	18042			
			18084
18033				
18034				
			18085
		18099	

---------------------------------
plain	jelly	coconut	honey-dip
	18232			
		18267		
		18268		
		18269		
			18256
	18233			
	18234			
		18270		
18217				
		18271		
			18257
		18272	

---------------------------------
plain	jelly	coconut	honey-dip
		18484		
		18485		
		18486		
18433				
18434				
		18487		
			18466
		18488		
			18467
18435				
18436				
			18468


---------------------------------
plain	jelly	coconut	honey-dip
	18584			
			18599
		18648		
			18600
	18585			
	18586			
			18601
			18602
		18649		
18593				
	18587			
		18650	

---------------------------------
plain	jelly	coconut	honey-dip
	18736			
		18786		
		18787		
			18743
		18788		
		18789		
			18744
18723				
			18745
18724				
18725				
18726	

---------------------------------
plain	jelly	coconut	honey-dip
	18887			
	18888			
		18924		
	18889			
		18925		
	18890			
18887				
	18891			
18888				
		18926		
			18890
18889	

---------------------------------
plain	jelly	coconut	honey-dip
			19021
		19069		
19041				
			19022
19042				
19043				
	19009			
			19023
	19010			
19044				
	19011			
			19024


---------------------------------
plain	jelly	coconut	honey-dip
		19178		
	19135			
		19179		
19149				
			19158
	19136			
	19137			
	19138			
		19180		
19150				
			19159
19151	

---------------------------------
plain	jelly	coconut	honey-dip
19382				
	19334			
		19416		
	19335			
			19388
			19389
19383				
19384				
		19417		
			19390
		19418		
	19336	

---------------------------------
plain	jelly	coconut	honey-dip
19517				
19518				
	19449			
19519				
			19526
19520				
	19450			
			19527
	19451			
	19452			
		19532		
		19533	

---------------------------------
plain	jelly	coconut	honey-dip
			19666
19658				
19659				
		19657		
		19658		
	19595			
19660				
		19659		
			19667
	19596			
19661				
		19660	

---------------------------------
plain	jelly	coconut	honey-dip
		19835		
		19836		
	19744			
	19745			
		19837		
	19746			
			19816
		19838		
	19747			
		19839		
			19817
			19818


---------------------------------
plain	jelly	coconut	honey-dip
19955				
	19891			
		19998		
			19980
			19981
19956				
19957				
			19982
	19892			
		19999		
	19893			
19958	

---------------------------------
plain	jelly	coconut	honey-dip
	20016			
		20099		
			20118
			20119
		20100		
	20017			
		20101		
	20018			
		20102		
		20103		
	20019			
		20104	

---------------------------------
plain	jelly	coconut	honey-dip
			20265
20237				
	20196			
		20266		
20238				
			20266
	20197			
20239				
		20267		
			20267
20240				
			20268


---------------------------------
plain	jelly	coconut	honey-dip
		20403		
			20393
20369				
		20404		
		20405		
		20406		
20370				
			20394
	20315			
20371				
	20316			
			20395


---------------------------------
plain	jelly	coconut	honey-dip
20505				
			20551
		20569		
		20570		
			20552
	20455			
		20571		
			20553
		20572		
		20573		
			20554
20506	

---------------------------------
plain	jelly	coconut	honey-dip
20663				
20664				
20665				
	20615			
		20731		
			20707
20666				
		20732		
	20616			
		20733		
		20734		
		20735	

---------------------------------
plain	jelly	coconut	honey-dip
		20878		
20829				
		20879		
		20880		
			20843
20830				
		20881		
			20844
			20845
		20882		
		20883		
	20730	

---------------------------------
plain	jelly	coconut	honey-dip
21059				
	20939			
		21094		
	20940			
	20941			
		21095		
	20942			
	20943			
		21096		
			21064
			21065
21060	

---------------------------------
plain	jelly	coconut	honey-dip
21246				
	21133			
	21134			
	21135			
		21295		
	21136			
	21137			
	21138			
		21296		
	21139			
		21297		
		21298	

---------------------------------
plain	jelly	coconut	honey-dip
	21275			
21386				
	21276			
	21277			
	21278			
			21406
	21279			
	21280			
		21421		
21387				
		21422		
		21423	

---------------------------------
plain	jelly	coconut	honey-dip
	21408			
	21409			
21535				
	21410			
		21573		
	21411			
21536				
			21548
21537				
			21549
			21550
			21551


---------------------------------
plain	jelly	coconut	honey-dip
	21514			
21661				
			21651
		21682		
21662				
21663				
21664				
		21683		
			21652
	21515			
			21653
			21654


---------------------------------
plain	jelly	coconut	honey-dip
21805				
21806				
21807				
			21800
21808				
21809				
	21659			
21810				
		21820		
	21660			
			21801
			21802


---------------------------------
plain	jelly	coconut	honey-dip
			21913
		21939		
	21776			
21912				
		21940		
21913				
			21914
	21777			
			21915
			21916
		21941		
		21942	

---------------------------------
plain	jelly	coconut	honey-dip
	21933			
		22091		
	21934			
			22051
22065				
		22092		
	21935			
22066				
			22052
	21936			
		22093		
		22094	

---------------------------------
plain	jelly	coconut	honey-dip
			22189
		22239		
	22087			
		22240		
	22088			
	22089			
		22241		
22201				
	22090			
	22091			
			22190
		22242	

---------------------------------
plain	jelly	coconut	honey-dip
		22408		
	22243			
22334				
			22319
22335				
	22244			
			22320
			22321
		22409		
		22410		
			22322
	22245	

---------------------------------
plain	jelly	coconut	honey-dip
	22373			
	22374			
22467				
22468				
		22539		
22469				
			22465
			22466
		22540		
		22541		
22470				
22471	

---------------------------------
plain	jelly	coconut	honey-dip
22682				
		22748		
	22607			
22683				
	22608			
22684				
		22749		
	22609			
	22610			
22685				
		22750		
	22611	

---------------------------------
plain	jelly	coconut	honey-dip
			22798
22814				
	22759			
		22865		
	22760			
	22761			
	22762			
22815				
		22866		
	22763			
			22799
			22800


---------------------------------
plain	jelly	coconut	honey-dip
22931				
22932				
			22955
		22979		
		22980		
22933				
			22956
		22981		
	22875			
			22957
	22876			
		22982	

---------------------------------
plain	jelly	coconut	honey-dip
			23083
		23143		
	23019			
	23020			
	23021			
	23022			
		23144		
		23145		
23095				
		23146		
	23023			
23096	

---------------------------------
plain	jelly	coconut	honey-dip
			23233
	23167			
23226				
			23234
	23168			
	23169			
	23170			
		23290		
			23235
		23291		
		23292		
		23293	

---------------------------------
plain	jelly	coconut	honey-dip
		23454		
23365				
		23455		
23366				
		23456		
	23328			
	23329			
			23369
		23457		
		23458		
		23459		
			23370


---------------------------------
plain	jelly	coconut	honey-dip
			23577
		23678		
		23679		
		23680		
23576				
	23537			
23577				
23578				
	23538			
	23539			
		23681		
		23682	

---------------------------------
plain	jelly	coconut	honey-dip
	23709			
			23772
	23710			
			23773
		23870		
23773				
	23711			
23774				
			23774
		23871		
23775				
		23872	

---------------------------------
plain	jelly	coconut	honey-dip
	23867			
			23910
		24030		
			23911
		24031		
		24032		
			23912
	23868			
23905				
		24033		
23906				
			23913


---------------------------------
plain	jelly	coconut	honey-dip
			24048
			24049
24032				
		24167		
	24005			
		24168		
		24169		
			24050
24033				
	24006			
24034				
24035	

---------------------------------
plain	jelly	coconut	honey-dip
	24124			
		24282		
			24150
24140				
	24125			
		24283		
		24284		
	24126			
24141				
	24127			
		24285		
	24128	

---------------------------------
plain	jelly	coconut	honey-dip
	24300			
24315				
	24301			
	24302			
		24442		
		24443		
24316				
			24299
24317				
	24303			
	24304			
		24444	

---------------------------------
plain	jelly	coconut	honey-dip
	24472			
		24640		
24505				
24506				
		24641		
	24473			
		24642		
24507				
24508				
		24643		
	24474			
		24644	

---------------------------------
plain	jelly	coconut	honey-dip
			24591
24648				
	24641			
24649				
	24642			
24650				
			24592
		24784		
24651				
	24643			
			24593
		24785	

---------------------------------
plain	jelly	coconut	honey-dip
			24734
24792				
24793				
			24735
24794				
			24736
	24783			
	24784			
			24737
	24785			
24795				
		24907	

---------------------------------
plain	jelly	coconut	honey-dip
24927				
	24898			
		25009		
			24850
			24851
			24852
		25010		
	24899			
	24900			
			24853
		25011		
			24854


---------------------------------
plain	jelly	coconut	honey-dip
		25144		
			24994
25045				
		25145		
		25146		
		25147		
			24995
25046				
	25053			
25047				
		25148		
		25149	

---------------------------------
plain	jelly	coconut	honey-dip
		25325		
	25219			
		25326		
	25220			
	25221			
		25327		
			25159
25229				
		25328		
		25329		
		25330		
	25222	

---------------------------------
plain	jelly	coconut	honey-dip
		25564		
		25565		
		25566		
	25423			
25413				
	25424			
25414				
		25567		
	25425			
			25360
		25568		
25415	

---------------------------------
plain	jelly	coconut	honey-dip
25555				
	25569			
			25529
			25530
		25719		
	25570			
	25571			
	25572			
			25531
			25532
	25573			
25556	

---------------------------------
plain	jelly	coconut	honey-dip
		25845		
	25701			
25683				
			25659
			25660
25684				
25685				
		25846		
	25702			
	25703			
	25704			
25686	

---------------------------------
plain	jelly	coconut	honey-dip
25832				
25833				
		25994		
	25838			
25834				
			25812
			25813
	25839			
	25840			
			25814
25835				
25836	

---------------------------------
plain	jelly	coconut	honey-dip
25938				
			25938
	25936			
25939				
		26108		
	25937			
		26109		
25940				
	25938			
			25939
			25940
			25941


---------------------------------
plain	jelly	coconut	honey-dip
			26126
			26127
	26128			
			26128
26119				
26120				
			26129
26121				
26122				
	26129			
			26130
26123	

---------------------------------
plain	jelly	coconut	honey-dip
	26286			
			26278
	26287			
26270				
			26279
26271				
		26466		
	26288			
	26289			
		26467		
			26280
		26468	

---------------------------------
plain	jelly	coconut	honey-dip
26405				
			26398
	26422			
			26399
26406				
			26400
	26423			
			26401
			26402
			26403
26407				
		26627	

---------------------------------
plain	jelly	coconut	honey-dip
			26554
		26793		
	26582			
	26583			
26571				
26572				
26573				
26574				
			26555
26575				
26576				
			26556


---------------------------------
plain	jelly	coconut	honey-dip
		26864		
			26631
26661				
26662				
			26632
26663				
		26865		
26664				
	26644			
	26645			
	26646			
	26647	

---------------------------------
plain	jelly	coconut	honey-dip
		26991		
		26992		
	26778			
26779				
			26756
26780				
			26757
	26779			
		26993		
			26758
		26994		
	26780	

---------------------------------
plain	jelly	coconut	honey-dip
	26885			
		27089		
	26886			
26882				
		27090		
		27091		
		27092		
			26868
			26869
		27093		
26883				
26884	

---------------------------------
plain	jelly	coconut	honey-dip
26974				
		27197		
		27198		
		27199		
			26952
		27200		
			26953
26975				
			26954
			26955
			26956
		27201	

---------------------------------
plain	jelly	coconut	honey-dip
		27286		
	27039			
27071				
			27036
	27040			
			27037
			27038
		27287		
			27039
	27041			
	27042			
			27040


---------------------------------
plain	jelly	coconut	honey-dip
	27155			
			27168
	27156			
			27169
	27157			
27224				
27225				
	27158			
		27413		
		27414		
27226				
			27170


---------------------------------
plain	jelly	coconut	honey-dip
	27441			
27555				
			27454
	27442			
		27710		
		27711		
27556				
27557				
	27443			
27558				
27559				
27560	

---------------------------------
plain	jelly	coconut	honey-dip
27664				
27665				
		27799		
27666				
	27547			
	27548			
		27800		
			27558
		27801		
	27549			
27667				
	27550	

