---------------------------------
plain	jelly	coconut	honey-dip
	1851			
			1870
		1839		
1832				
			1871
		1840		
		1841		
1833				
		1842		
		1843		
1834				
			1872


---------------------------------
plain	jelly	coconut	honey-dip
			2188
2136				
2137				
	2171			
			2189
2138				
			2190
			2191
		2157		
2139				
		2158		
2140	

---------------------------------
plain	jelly	coconut	honey-dip
	2302			
			2316
	2303			
		2290		
	2304			
	2305			
	2306			
	2307			
2248				
	2308			
			2317
		2291	

---------------------------------
plain	jelly	coconut	honey-dip
			2418
		2395		
	2398			
			2419
			2420
			2421
2377				
2378				
		2396		
		2397		
2379				
	2399	

---------------------------------
plain	jelly	coconut	honey-dip
		2504		
2471				
			2522
	2511			
2472				
			2523
2473				
			2524
			2525
	2512			
2474				
	2513	

---------------------------------
plain	jelly	coconut	honey-dip
2561				
	2612			
	2613			
2562				
	2614			
2563				
			2627
		2592		
		2593		
		2594		
2564				
			2628


---------------------------------
plain	jelly	coconut	honey-dip
2690				
		2729		
2691				
		2730		
	2725			
2692				
2693				
			2752
		2731		
		2732		
2694				
			2753


---------------------------------
plain	jelly	coconut	honey-dip
2814				
2815				
	2846			
2816				
		2850		
		2851		
		2852		
2817				
2818				
		2853		
			2890
	2847	

---------------------------------
plain	jelly	coconut	honey-dip
	2980			
			3039
			3040
			3041
			3042
2981				
			3043
	2981			
			3044
		3000		
2982				
	2982	

---------------------------------
plain	jelly	coconut	honey-dip
3097				
		3109		
		3110		
3098				
		3111		
			3152
			3153
			3154
3099				
	3086			
			3155
		3112	

---------------------------------
plain	jelly	coconut	honey-dip
			3296
			3297
		3221		
		3222		
		3223		
		3224		
	3202			
3229				
		3225		
			3298
		3226		
3230	

---------------------------------
plain	jelly	coconut	honey-dip
			3433
	3349			
		3351		
			3434
		3352		
	3350			
	3351			
			3435
			3436
	3352			
3367				
		3353	

---------------------------------
plain	jelly	coconut	honey-dip
		3501		
			3557
3492				
			3558
	3454			
3493				
			3559
	3455			
	3456			
			3560
	3457			
3494	

---------------------------------
plain	jelly	coconut	honey-dip
		3612		
3592				
	3556			
		3613		
		3614		
			3664
	3557			
			3665
		3615		
		3616		
	3558			
	3559	

---------------------------------
plain	jelly	coconut	honey-dip
3720				
3721				
		3766		
			3825
	3725			
			3826
3722				
	3726			
			3827
	3727			
		3767		
	3728	

---------------------------------
plain	jelly	coconut	honey-dip
			3954
			3955
		3870		
	3864			
3840				
			3956
		3871		
		3872		
3841				
3842				
	3865			
		3873	

---------------------------------
plain	jelly	coconut	honey-dip
3974				
3975				
3976				
		4009		
3977				
		4010		
			4084
	4001			
		4011		
		4012		
3978				
	4002	

---------------------------------
plain	jelly	coconut	honey-dip
			4191
		4123		
4127				
			4192
4128				
		4124		
		4125		
			4193
		4126		
4129				
		4127		
			4194


---------------------------------
plain	jelly	coconut	honey-dip
	4262			
			4345
		4264		
	4263			
			4346
			4347
			4348
4253				
	4264			
		4265		
		4266		
		4267	

---------------------------------
plain	jelly	coconut	honey-dip
	4483			
	4484			
		4474		
		4475		
		4476		
	4485			
			4557
4462				
	4486			
	4487			
		4477		
			4558


---------------------------------
plain	jelly	coconut	honey-dip
	4625			
		4629		
			4704
			4705
	4626			
		4630		
	4627			
			4706
			4707
		4631		
4618				
			4708


---------------------------------
plain	jelly	coconut	honey-dip
	4839			
			4888
	4840			
	4841			
4836				
4837				
			4889
			4890
4838				
			4891
	4842			
	4843	

---------------------------------
plain	jelly	coconut	honey-dip
		4925		
	4971			
		4926		
		4927		
			4994
4958				
4959				
		4928		
		4929		
4960				
		4930		
		4931	

---------------------------------
plain	jelly	coconut	honey-dip
		5097		
		5098		
	5134			
5094				
		5099		
	5135			
	5136			
5095				
5096				
		5100		
	5137			
5097	

---------------------------------
plain	jelly	coconut	honey-dip
	5287			
			5284
5225				
	5288			
		5240		
5226				
5227				
5228				
	5289			
5229				
	5290			
	5291	

---------------------------------
plain	jelly	coconut	honey-dip
5409				
			5455
5410				
		5402		
5411				
	5454			
		5403		
5412				
			5456
		5404		
5413				
		5405	

---------------------------------
plain	jelly	coconut	honey-dip
		5549		
5557				
5558				
		5550		
	5602			
			5588
	5603			
		5551		
5559				
			5589
	5604			
5560	

---------------------------------
plain	jelly	coconut	honey-dip
			5693
	5718			
			5694
			5695
5675				
5676				
	5719			
		5678		
	5720			
			5696
	5721			
			5697


---------------------------------
plain	jelly	coconut	honey-dip
		5788		
5787				
5788				
	5835			
5789				
			5798
5790				
		5789		
5791				
		5790		
		5791		
5792	

---------------------------------
plain	jelly	coconut	honey-dip
			5948
		5920		
5917				
		5921		
		5922		
			5949
	5999			
5918				
			5950
5919				
			5951
	6000	

---------------------------------
plain	jelly	coconut	honey-dip
		6039		
	6127			
		6040		
		6041		
			6088
		6042		
		6043		
			6089
6058				
			6090
			6091
6059	

---------------------------------
plain	jelly	coconut	honey-dip
			6242
		6184		
			6243
			6244
			6245
6199				
		6185		
		6186		
6200				
			6246
	6299			
	6300	

---------------------------------
plain	jelly	coconut	honey-dip
		6321		
	6435			
6313				
	6436			
	6437			
			6371
		6322		
		6323		
			6372
	6438			
			6373
			6374


---------------------------------
plain	jelly	coconut	honey-dip
			6597
		6558		
	6675			
	6676			
			6598
6546				
6547				
			6599
		6559		
		6560		
			6600
	6677	

---------------------------------
plain	jelly	coconut	honey-dip
			6748
		6673		
	6801			
			6749
		6674		
		6675		
		6676		
		6677		
6706				
		6678		
6707				
		6679	

---------------------------------
plain	jelly	coconut	honey-dip
			7001
	7009			
	7010			
			7002
			7003
		6883		
	7011			
		6884		
6959				
		6885		
	7012			
		6886	

---------------------------------
plain	jelly	coconut	honey-dip
		7074		
			7224
			7225
	7215			
			7226
			7227
		7075		
	7216			
	7217			
			7228
		7076		
	7218	

---------------------------------
plain	jelly	coconut	honey-dip
		7222		
			7358
		7223		
	7355			
7261				
	7356			
		7224		
	7357			
			7359
		7225		
7262				
			7360


---------------------------------
plain	jelly	coconut	honey-dip
			7494
7382				
			7495
			7496
7383				
		7380		
		7381		
7384				
	7492			
	7493			
			7497
	7494	

---------------------------------
plain	jelly	coconut	honey-dip
7514				
	7640			
			7618
		7492		
			7619
7515				
		7493		
		7494		
7516				
			7620
	7641			
			7621


---------------------------------
plain	jelly	coconut	honey-dip
			7774
7644				
	7776			
7645				
		7634		
		7635		
			7775
		7636		
		7637		
	7777			
		7638		
	7778	

---------------------------------
plain	jelly	coconut	honey-dip
7806				
		7778		
7807				
			7945
7808				
		7779		
7809				
	7935			
	7936			
	7937			
	7938			
	7939	

---------------------------------
plain	jelly	coconut	honey-dip
			8060
	8048			
	8049			
			8061
			8062
	8050			
			8063
			8064
7932				
			8065
		7892		
	8051	

---------------------------------
plain	jelly	coconut	honey-dip
			8210
		8009		
		8010		
	8174			
8067				
			8211
	8175			
		8011		
8068				
		8012		
		8013		
		8014	

---------------------------------
plain	jelly	coconut	honey-dip
8225				
		8172		
			8365
			8366
8226				
	8346			
		8173		
	8347			
	8348			
	8349			
		8174		
8227	

---------------------------------
plain	jelly	coconut	honey-dip
8406				
	8545			
			8540
	8546			
			8541
8407				
8408				
		8349		
8409				
8410				
		8350		
			8542


---------------------------------
plain	jelly	coconut	honey-dip
		8527		
		8528		
	8705			
	8706			
8586				
			8706
		8529		
	8707			
8587				
8588				
8589				
8590	

---------------------------------
plain	jelly	coconut	honey-dip
			8820
			8821
	8820			
		8662		
			8822
	8821			
		8663		
		8664		
8702				
			8823
			8824
		8665	

---------------------------------
plain	jelly	coconut	honey-dip
	8954			
	8955			
8813				
8814				
			8944
		8785		
	8956			
	8957			
			8945
			8946
	8958			
	8959	

---------------------------------
plain	jelly	coconut	honey-dip
9034				
			9170
			9171
	9160			
9035				
9036				
		9008		
9037				
			9172
	9161			
		9009		
	9162	

---------------------------------
plain	jelly	coconut	honey-dip
			9300
9152				
9153				
		9132		
9154				
			9301
		9133		
		9134		
	9280			
		9135		
	9281			
			9302


---------------------------------
plain	jelly	coconut	honey-dip
	9438			
			9436
9300				
		9278		
			9437
		9279		
		9280		
9301				
			9438
9302				
	9439			
	9440	

---------------------------------
plain	jelly	coconut	honey-dip
9426				
9427				
		9407		
			9567
9428				
	9556			
	9557			
		9408		
	9558			
9429				
9430				
			9568


---------------------------------
plain	jelly	coconut	honey-dip
			9689
	9694			
9566				
9567				
			9690
9568				
	9695			
			9691
	9696			
			9692
9569				
			9693


---------------------------------
plain	jelly	coconut	honey-dip
		9657		
			9798
			9799
9690				
		9658		
	9795			
9691				
	9796			
	9797			
		9659		
			9800
	9798	

---------------------------------
plain	jelly	coconut	honey-dip
		9829		
		9830		
	9977			
			9955
			9956
			9957
			9958
9839				
9840				
		9831		
	9978			
9841	

---------------------------------
plain	jelly	coconut	honey-dip
9963				
			10095
9964				
9965				
	10110			
		9960		
			10096
			10097
	10111			
	10112			
	10113			
		9961	

---------------------------------
plain	jelly	coconut	honey-dip
	10295			
		10139		
10125				
		10140		
		10141		
			10277
	10296			
		10142		
10126				
	10297			
10127				
			10278


---------------------------------
plain	jelly	coconut	honey-dip
			10412
	10455			
	10456			
	10457			
		10272		
10261				
	10458			
		10273		
		10274		
			10413
			10414
		10275	

---------------------------------
plain	jelly	coconut	honey-dip
			10597
	10639			
		10452		
		10453		
			10598
	10640			
10432				
		10454		
			10599
			10600
	10641			
			10601


---------------------------------
plain	jelly	coconut	honey-dip
10590				
		10573		
		10574		
		10575		
			10755
10591				
	10790			
			10756
10592				
			10757
	10791			
	10792	

---------------------------------
plain	jelly	coconut	honey-dip
		10736		
	10917			
10726				
			10881
			10882
			10883
	10918			
	10919			
10727				
		10737		
		10738		
	10920	

---------------------------------
plain	jelly	coconut	honey-dip
10907				
			11056
			11057
	11089			
		10916		
	11090			
			11058
	11091			
	11092			
10908				
			11059
	11093	

---------------------------------
plain	jelly	coconut	honey-dip
			11182
	11219			
11000				
	11220			
		11035		
	11221			
11001				
		11036		
11002				
11003				
		11037		
			11183


---------------------------------
plain	jelly	coconut	honey-dip
			11340
11148				
			11341
11149				
11150				
			11342
	11360			
			11343
11151				
		11176		
		11177		
11152	

---------------------------------
plain	jelly	coconut	honey-dip
11269				
		11310		
		11311		
			11475
			11476
	11486			
			11477
		11312		
11270				
		11313		
	11487			
11271	

---------------------------------
plain	jelly	coconut	honey-dip
		11447		
			11629
	11640			
		11448		
			11630
	11641			
11412				
	11642			
11413				
		11449		
	11643			
	11644	

---------------------------------
plain	jelly	coconut	honey-dip
			11763
		11589		
	11764			
11540				
11541				
			11764
		11590		
		11591		
		11592		
11542				
		11593		
		11594	

---------------------------------
plain	jelly	coconut	honey-dip
		11802		
11797				
			11975
			11976
	11958			
	11959			
11798				
	11960			
			11977
11799				
	11961			
			11978


---------------------------------
plain	jelly	coconut	honey-dip
12047				
	12186			
12048				
	12187			
12049				
12050				
		12053		
		12054		
12051				
	12188			
12052				
	12189	

---------------------------------
plain	jelly	coconut	honey-dip
			12378
	12341			
			12379
		12205		
12216				
		12206		
12217				
	12342			
12218				
			12380
		12207		
		12208	

---------------------------------
plain	jelly	coconut	honey-dip
12354				
	12458			
	12459			
			12523
	12460			
	12461			
			12524
			12525
12355				
		12333		
			12526
			12527


---------------------------------
plain	jelly	coconut	honey-dip
		12620		
			12792
			12793
12611				
12612				
12613				
12614				
		12621		
	12689			
	12690			
12615				
12616	

---------------------------------
plain	jelly	coconut	honey-dip
	12864			
12790				
		12763		
12791				
			12931
			12932
		12764		
12792				
			12933
			12934
12793				
			12935


---------------------------------
plain	jelly	coconut	honey-dip
12928				
	12959			
12929				
			13064
	12960			
		12889		
	12961			
12930				
			13065
		12890		
			13066
12931	

---------------------------------
plain	jelly	coconut	honey-dip
			13185
	13087			
			13186
	13088			
			13187
			13188
	13089			
			13189
		13032		
		13033		
	13090			
13064	

---------------------------------
plain	jelly	coconut	honey-dip
		13156		
			13322
			13323
	13218			
			13324
	13219			
		13157		
13188				
	13220			
	13221			
13189				
			13325


---------------------------------
plain	jelly	coconut	honey-dip
			13456
			13457
		13275		
13329				
	13364			
			13458
		13276		
13330				
	13365			
	13366			
			13459
13331	

---------------------------------
plain	jelly	coconut	honey-dip
13512				
			13620
13513				
	13534			
			13621
13514				
	13535			
13515				
	13536			
	13537			
		13442		
		13443	

---------------------------------
plain	jelly	coconut	honey-dip
			13750
13662				
	13674			
		13562		
			13751
	13675			
		13563		
			13752
13663				
			13753
			13754
		13564	

---------------------------------
plain	jelly	coconut	honey-dip
		13701		
			13896
		13702		
	13814			
		13703		
	13815			
			13897
			13898
13801				
13802				
		13704		
13803	

---------------------------------
plain	jelly	coconut	honey-dip
13924				
			14041
			14042
13925				
	13952			
	13953			
		13835		
	13954			
	13955			
	13956			
		13836		
		13837	

---------------------------------
plain	jelly	coconut	honey-dip
			14194
	14092			
		13977		
			14195
		13978		
	14093			
		13979		
		13980		
	14094			
	14095			
14041				
			14196


---------------------------------
plain	jelly	coconut	honey-dip
	14245			
14189				
		14145		
	14246			
			14361
			14362
		14146		
		14147		
	14247			
	14248			
	14249			
	14250	

---------------------------------
plain	jelly	coconut	honey-dip
	14367			
	14368			
14320				
		14294		
			14487
			14488
	14369			
			14489
			14490
14321				
	14370			
			14491


---------------------------------
plain	jelly	coconut	honey-dip
		14503		
		14504		
14521				
	14570			
			14690
			14691
			14692
		14505		
			14693
	14571			
		14506		
		14507	

---------------------------------
plain	jelly	coconut	honey-dip
		14677		
			14845
	14712			
	14713			
	14714			
14650				
14651				
			14846
	14715			
			14847
14652				
			14848


---------------------------------
plain	jelly	coconut	honey-dip
		14810		
		14811		
		14812		
		14813		
	14859			
			14996
			14997
		14814		
14783				
14784				
		14815		
		14816	

---------------------------------
plain	jelly	coconut	honey-dip
			15176
		15005		
14999				
		15006		
15000				
			15177
		15007		
			15178
15001				
	15048			
		15008		
		15009	

---------------------------------
plain	jelly	coconut	honey-dip
		15162		
			15315
	15183			
15144				
	15184			
			15316
	15185			
			15317
		15163		
		15164		
		15165		
		15166	

---------------------------------
plain	jelly	coconut	honey-dip
15317				
	15351			
			15471
		15325		
			15472
	15352			
		15326		
	15353			
	15354			
	15355			
		15327		
		15328	

---------------------------------
plain	jelly	coconut	honey-dip
15438				
			15620
		15479		
			15621
		15480		
	15503			
		15481		
	15504			
		15482		
		15483		
		15484		
			15622


---------------------------------
plain	jelly	coconut	honey-dip
		15710		
			15820
			15821
		15711		
		15712		
			15822
			15823
			15824
	15714			
			15825
	15715			
	15716	

---------------------------------
plain	jelly	coconut	honey-dip
	15841			
			15958
	15842			
			15959
	15843			
	15844			
			15960
15793				
		15852		
		15853		
		15854		
			15961


---------------------------------
plain	jelly	coconut	honey-dip
		15977		
		15978		
15941				
		15979		
	15985			
		15980		
	15986			
	15987			
			16081
15942				
15943				
			16082


---------------------------------
plain	jelly	coconut	honey-dip
16157				
		16196		
		16197		
		16198		
		16199		
	16198			
		16200		
	16199			
16158				
16159				
16160				
			16285


---------------------------------
plain	jelly	coconut	honey-dip
16293				
		16339		
			16435
		16340		
			16436
	16333			
	16334			
		16341		
		16342		
	16335			
		16343		
	16336	

---------------------------------
plain	jelly	coconut	honey-dip
	16511			
	16512			
16443				
16444				
16445				
	16513			
	16514			
16446				
		16498		
	16515			
16447				
		16499	

---------------------------------
plain	jelly	coconut	honey-dip
	16643			
		16632		
		16633		
16567				
	16644			
			16710
	16645			
		16634		
	16646			
16568				
			16711
		16635	

---------------------------------
plain	jelly	coconut	honey-dip
			16858
		16757		
	16788			
16725				
	16789			
		16758		
16726				
	16790			
16727				
	16791			
	16792			
16728	

---------------------------------
plain	jelly	coconut	honey-dip
		16890		
16877				
16878				
			16978
	16911			
		16891		
			16979
16879				
		16892		
			16980
16880				
			16981


---------------------------------
plain	jelly	coconut	honey-dip
17024				
17025				
		17055		
			17120
17026				
		17056		
		17057		
		17058		
		17059		
			17121
	17057			
		17060	

---------------------------------
plain	jelly	coconut	honey-dip
17170				
17171				
			17268
17172				
			17269
17173				
		17236		
			17270
17174				
		17237		
	17206			
	17207	

---------------------------------
plain	jelly	coconut	honey-dip
17304				
17305				
17306				
			17403
			17404
17307				
	17333			
		17368		
17308				
17309				
		17369		
			17405


---------------------------------
plain	jelly	coconut	honey-dip
		17503		
	17441			
	17442			
			17509
17423				
			17510
	17443			
			17511
	17444			
	17445			
			17512
	17446	

---------------------------------
plain	jelly	coconut	honey-dip
		17609		
17534				
	17587			
17535				
		17610		
			17626
			17627
		17611		
	17588			
			17628
17536				
			17629


---------------------------------
plain	jelly	coconut	honey-dip
		17749		
17691				
17692				
	17714			
		17750		
	17715			
17693				
	17716			
	17717			
17694				
17695				
	17718	

---------------------------------
plain	jelly	coconut	honey-dip
18055				
		18117		
	18062			
18056				
		18118		
		18119		
			18102
			18103
	18063			
18057				
18058				
18059	

---------------------------------
plain	jelly	coconut	honey-dip
18197				
		18246		
			18238
		18247		
		18248		
			18239
	18207			
	18208			
		18249		
18198				
		18250		
18199	

---------------------------------
plain	jelly	coconut	honey-dip
		18436		
	18397			
		18437		
	18398			
			18413
18386				
		18438		
18387				
			18414
	18399			
	18400			
18388	

---------------------------------
plain	jelly	coconut	honey-dip
		18579		
		18580		
			18540
18536				
			18541
	18529			
	18530			
	18531			
			18542
18537				
18538				
	18532	

---------------------------------
plain	jelly	coconut	honey-dip
18655				
	18661			
	18662			
18656				
18657				
18658				
		18726		
			18670
18659				
			18671
		18727		
18660	

---------------------------------
plain	jelly	coconut	honey-dip
18777				
	18776			
			18794
18778				
	18777			
		18821		
	18778			
18779				
		18822		
			18795
18780				
		18823	

---------------------------------
plain	jelly	coconut	honey-dip
		18964		
	18923			
			18925
			18926
		18965		
	18924			
			18927
			18928
			18929
			18930
		18966		
	18925	

---------------------------------
plain	jelly	coconut	honey-dip
		19105		
			19071
	19053			
		19106		
19079				
		19107		
		19108		
	19054			
		19109		
		19110		
19080				
	19055	

---------------------------------
plain	jelly	coconut	honey-dip
		19323		
			19295
	19247			
		19324		
	19248			
	19249			
		19325		
		19326		
19295				
		19327		
	19250			
19296	

---------------------------------
plain	jelly	coconut	honey-dip
	19393			
19452				
19453				
19454				
		19469		
			19458
		19470		
			19459
		19471		
		19472		
		19473		
	19394	

---------------------------------
plain	jelly	coconut	honey-dip
	19669			
	19670			
	19671			
19736				
			19750
19737				
	19672			
			19751
	19673			
		19745		
	19674			
	19675	

---------------------------------
plain	jelly	coconut	honey-dip
			19866
		19885		
19861				
19862				
	19792			
		19886		
	19793			
			19867
	19794			
		19887		
	19795			
19863	

---------------------------------
plain	jelly	coconut	honey-dip
			20000
19972				
19973				
		20010		
			20001
	19902			
		20011		
			20002
	19903			
	19904			
			20003
		20012	

---------------------------------
plain	jelly	coconut	honey-dip
			20167
			20168
	20066			
	20067			
20124				
	20068			
	20069			
		20151		
20125				
20126				
			20169
20127	

---------------------------------
plain	jelly	coconut	honey-dip
			20269
			20270
		20268		
	20198			
	20199			
		20269		
	20200			
		20270		
20241				
		20271		
			20271
			20272


---------------------------------
plain	jelly	coconut	honey-dip
		20419		
			20415
	20329			
		20420		
	20330			
			20416
			20417
			20418
20389				
		20421		
	20331			
	20332	

---------------------------------
plain	jelly	coconut	honey-dip
	20456			
			20555
		20574		
			20556
	20457			
			20557
		20575		
		20576		
20507				
20508				
20509				
20510	

---------------------------------
plain	jelly	coconut	honey-dip
	20600			
	20601			
		20716		
20655				
		20717		
	20602			
	20603			
		20718		
		20719		
	20604			
		20720		
20656	

---------------------------------
plain	jelly	coconut	honey-dip
20812				
20813				
			20835
	20722			
20814				
		20863		
20815				
	20723			
20816				
	20724			
		20864		
20817	

---------------------------------
plain	jelly	coconut	honey-dip
	20837			
20952				
	20838			
		20991		
		20992		
	20839			
		20993		
20953				
	20840			
			20968
20954				
20955	

---------------------------------
plain	jelly	coconut	honey-dip
	20974			
	20975			
	20976			
	20977			
			21106
			21107
	20978			
		21131		
	20979			
			21108
		21132		
		21133	

---------------------------------
plain	jelly	coconut	honey-dip
		21278		
			21244
			21245
			21246
			21247
	21119			
		21279		
21235				
21236				
			21248
		21280		
21237	

---------------------------------
plain	jelly	coconut	honey-dip
		21449		
			21435
		21450		
21418				
		21451		
21419				
21420				
21421				
21422				
			21436
		21452		
		21453	

---------------------------------
plain	jelly	coconut	honey-dip
	21446			
21590				
			21589
21591				
			21590
			21591
21592				
		21619		
		21620		
21593				
	21447			
	21448	

---------------------------------
plain	jelly	coconut	honey-dip
21721				
	21583			
		21742		
			21714
			21715
21722				
			21716
			21717
			21718
21723				
			21719
21724	

---------------------------------
plain	jelly	coconut	honey-dip
			21834
			21835
		21848		
		21849		
21833				
	21689			
		21850		
	21690			
	21691			
	21692			
21834				
		21851	

---------------------------------
plain	jelly	coconut	honey-dip
			21975
			21976
	21846			
21981				
	21847			
		22014		
			21977
21982				
	21848			
			21978
			21979
		22015	

---------------------------------
plain	jelly	coconut	honey-dip
	21986			
		22131		
22101				
	21987			
22102				
		22132		
	21988			
	21989			
22103				
	21990			
	21991			
			22102


---------------------------------
plain	jelly	coconut	honey-dip
	22113			
	22114			
22222				
	22115			
		22276		
		22277		
			22213
22223				
	22116			
22224				
	22117			
22225	

---------------------------------
plain	jelly	coconut	honey-dip
		22425		
	22255			
22342				
22343				
22344				
	22256			
			22330
22345				
		22426		
		22427		
		22428		
22346	

---------------------------------
plain	jelly	coconut	honey-dip
22479				
			22472
22480				
		22548		
		22549		
	22381			
		22550		
			22473
			22474
		22551		
22481				
		22552	

---------------------------------
plain	jelly	coconut	honey-dip
22639				
		22707		
	22560			
		22708		
	22561			
			22622
22640				
			22623
	22562			
22641				
	22563			
	22564	

---------------------------------
plain	jelly	coconut	honey-dip
	22696			
		22804		
			22745
	22697			
		22805		
22751				
22752				
	22698			
22753				
	22699			
22754				
			22746


---------------------------------
plain	jelly	coconut	honey-dip
23027				
23028				
23029				
		23091		
		23092		
23030				
		23093		
	22969			
23031				
		23094		
	22970			
23032	

---------------------------------
plain	jelly	coconut	honey-dip
		23222		
	23107			
		23223		
23171				
		23224		
23172				
		23225		
			23164
		23226		
		23227		
23173				
		23228	

---------------------------------
plain	jelly	coconut	honey-dip
		23374		
			23315
			23316
	23267			
23308				
			23317
	23268			
	23269			
		23375		
		23376		
			23318
23309	

---------------------------------
plain	jelly	coconut	honey-dip
	23403			
			23443
		23528		
	23404			
23442				
		23529		
			23444
		23530		
	23405			
23443				
			23445
23444	

---------------------------------
plain	jelly	coconut	honey-dip
		23668		
	23527			
		23669		
		23670		
	23528			
		23671		
23571				
			23566
	23529			
23572				
		23672		
		23673	

---------------------------------
plain	jelly	coconut	honey-dip
			23731
		23829		
			23732
			23733
23739				
		23830		
	23681			
	23682			
		23831		
23740				
23741				
		23832	

---------------------------------
plain	jelly	coconut	honey-dip
		23990		
	23826			
	23827			
			23880
		23991		
		23992		
			23881
		23993		
23872				
		23994		
	23828			
		23995	

---------------------------------
plain	jelly	coconut	honey-dip
			24051
24039				
24040				
		24177		
			24052
		24178		
		24179		
	24009			
			24053
24041				
		24180		
		24181	

---------------------------------
plain	jelly	coconut	honey-dip
			24221
	24193			
			24222
24208				
		24350		
	24194			
			24223
	24195			
		24351		
24209				
24210				
	24196	

---------------------------------
plain	jelly	coconut	honey-dip
	24354			
		24486		
		24487		
		24488		
24362				
24363				
24364				
		24489		
24365				
		24490		
	24355			
		24491	

---------------------------------
plain	jelly	coconut	honey-dip
24531				
			24480
			24481
		24664		
		24665		
			24482
		24666		
	24509			
		24667		
			24483
24532				
			24484


---------------------------------
plain	jelly	coconut	honey-dip
24656				
24657				
	24653			
		24793		
		24794		
		24795		
			24598
		24796		
		24797		
24658				
24659				
	24654	

---------------------------------
plain	jelly	coconut	honey-dip
			24747
		24916		
			24748
24812				
24813				
			24749
	24801			
24814				
	24802			
	24803			
24815				
	24804	

---------------------------------
plain	jelly	coconut	honey-dip
	24928			
	24929			
			24885
	24930			
	24931			
24957				
	24932			
24958				
			24886
24959				
	24933			
			24887


---------------------------------
plain	jelly	coconut	honey-dip
25078				
25079				
			25036
25080				
25081				
	25086			
	25087			
		25180		
25082				
		25181		
	25088			
		25182	

---------------------------------
plain	jelly	coconut	honey-dip
		25376		
			25207
		25377		
		25378		
	25275			
25278				
		25379		
		25380		
25279				
25280				
		25381		
	25276	

---------------------------------
plain	jelly	coconut	honey-dip
25424				
			25364
	25432			
	25433			
		25576		
	25434			
25425				
			25365
25426				
		25577		
			25366
	25435	

---------------------------------
plain	jelly	coconut	honey-dip
25550				
			25519
	25565			
		25714		
			25520
	25566			
		25715		
		25716		
			25521
		25717		
			25522
			25523


---------------------------------
plain	jelly	coconut	honey-dip
25687				
	25705			
25688				
25689				
		25847		
			25661
	25706			
	25707			
25690				
25691				
		25848		
25692	

---------------------------------
plain	jelly	coconut	honey-dip
		25976		
			25803
25809				
			25804
25810				
25811				
	25828			
		25977		
		25978		
25812				
	25829			
25813	

---------------------------------
plain	jelly	coconut	honey-dip
25945				
		26111		
			25947
		26112		
			25948
25946				
			25949
25947				
			25950
25948				
		26113		
	25941	

---------------------------------
plain	jelly	coconut	honey-dip
	26087			
		26275		
	26088			
		26276		
26081				
	26089			
26082				
		26277		
			26065
			26066
		26278		
	26090	

---------------------------------
plain	jelly	coconut	honey-dip
		26417		
	26212			
	26213			
			26210
		26418		
		26419		
			26211
26209				
26210				
			26212
26211				
			26213


---------------------------------
plain	jelly	coconut	honey-dip
		26565		
	26374			
26370				
26371				
	26375			
26372				
	26376			
			26351
			26352
		26566		
		26567		
			26353


---------------------------------
plain	jelly	coconut	honey-dip
26465				
26466				
26467				
			26473
	26490			
			26474
		26700		
26468				
	26491			
		26701		
26469				
26470	

---------------------------------
plain	jelly	coconut	honey-dip
			26525
			26526
26535				
			26527
		26764		
	26544			
26536				
	26545			
26537				
		26765		
26538				
26539	

---------------------------------
plain	jelly	coconut	honey-dip
		26980		
			26741
	26760			
26763				
26764				
	26761			
	26762			
26765				
	26763			
	26764			
	26765			
			26742


---------------------------------
plain	jelly	coconut	honey-dip
			26880
	26898			
26890				
	26899			
	26900			
		27104		
	26901			
	26902			
			26881
		27105		
26891				
	26903	

---------------------------------
plain	jelly	coconut	honey-dip
		27232		
			26991
27012				
27013				
27014				
		27233		
	26993			
			26992
		27234		
		27235		
	26994			
		27236	

---------------------------------
plain	jelly	coconut	honey-dip
		27344		
	27094			
27140				
		27345		
		27346		
		27347		
27141				
		27348		
		27349		
27142				
27143				
			27106


---------------------------------
plain	jelly	coconut	honey-dip
			27209
		27453		
	27197			
		27454		
27269				
27270				
27271				
27272				
	27198			
			27210
			27211
27273	

---------------------------------
plain	jelly	coconut	honey-dip
			27314
	27289			
		27562		
	27290			
		27563		
27383				
		27564		
		27565		
27384				
	27291			
27385				
	27292	

---------------------------------
plain	jelly	coconut	honey-dip
			27419
	27394			
	27395			
27503				
		27676		
27504				
			27420
			27421
		27677		
		27678		
27505				
		27679	

---------------------------------
plain	jelly	coconut	honey-dip
		27757		
			27497
		27758		
		27759		
		27760		
		27761		
		27762		
	27500			
	27501			
			27498
			27499
			27500


---------------------------------
plain	jelly	coconut	honey-dip
	27611			
			27622
			27623
27737				
	27612			
	27613			
		27838		
			27624
	27614			
		27839		
			27625
	27615	

---------------------------------
plain	jelly	coconut	honey-dip
			27741
	27758			
			27742
27862				
		27975		
	27759			
	27760			
			27743
			27744
	27761			
27863				
			27745


---------------------------------
plain	jelly	coconut	honey-dip
	27855			
			27850
27950				
		28065		
		28066		
27951				
			27851
27952				
27953				
27954				
	27856			
27955	

---------------------------------
plain	jelly	coconut	honey-dip
		28155		
	27957			
28038				
			27942
		28156		
			27943
		28157		
28039				
	27958			
			27944
	27959			
		28158	

---------------------------------
plain	jelly	coconut	honey-dip
			28105
28208				
	28135			
			28106
	28136			
28209				
28210				
		28304		
		28305		
28211				
		28306		
	28137	

---------------------------------
plain	jelly	coconut	honey-dip
	28259			
28392				
28393				
	28260			
	28261			
		28444		
28394				
		28445		
		28446		
	28262			
28395				
		28447	

---------------------------------
plain	jelly	coconut	honey-dip
28490				
		28536		
28491				
			28334
			28335
		28537		
	28364			
		28538		
		28539		
			28336
			28337
28492	

---------------------------------
plain	jelly	coconut	honey-dip
		28637		
		28638		
			28416
			28417
		28639		
		28640		
			28418
28579				
			28419
28580				
	28440			
	28441	

---------------------------------
plain	jelly	coconut	honey-dip
		28725		
		28726		
		28727		
		28728		
			28491
		28729		
28667				
		28730		
			28492
			28493
		28731		
28668	

---------------------------------
plain	jelly	coconut	honey-dip
		28790		
			28559
28730				
			28560
		28791		
		28792		
			28561
28731				
			28562
		28793		
		28794		
			28563


---------------------------------
plain	jelly	coconut	honey-dip
28794				
28795				
28796				
	28628			
28797				
			28620
		28846		
28798				
		28847		
28799				
		28848		
28800	

---------------------------------
plain	jelly	coconut	honey-dip
			28739
		28977		
		28978		
			28740
	28751			
			28741
		28979		
	28752			
		28980		
	28753			
28913				
		28981	

---------------------------------
plain	jelly	coconut	honey-dip
			28821
28979				
			28822
28980				
			28823
28981				
			28824
	28822			
28982				
			28825
	28823			
		29070	

---------------------------------
plain	jelly	coconut	honey-dip
29052				
29053				
			28913
			28914
		29132		
			28915
		29133		
29054				
			28916
			28917
29055				
			28918


---------------------------------
plain	jelly	coconut	honey-dip
29128				
		29194		
29129				
29130				
			28998
29131				
			28999
		29195		
		29196		
	28960			
29132				
29133	

---------------------------------
plain	jelly	coconut	honey-dip
	29046			
	29047			
29206				
	29048			
		29271		
			29081
	29049			
29207				
			29082
	29050			
29208				
	29051	

---------------------------------
plain	jelly	coconut	honey-dip
29272				
29273				
		29344		
	29110			
			29154
29274				
29275				
	29111			
			29155
29276				
			29156
		29345	

---------------------------------
plain	jelly	coconut	honey-dip
29339				
29340				
			29217
			29218
		29399		
			29219
	29153			
29341				
29342				
			29220
29343				
29344	

---------------------------------
plain	jelly	coconut	honey-dip
			29275
29409				
29410				
			29276
29411				
		29450		
	29202			
			29277
		29451		
			29278
			29279
	29203	

---------------------------------
plain	jelly	coconut	honey-dip
			29346
	29261			
29478				
		29503		
			29347
29479				
29480				
			29348
		29504		
	29262			
		29505		
		29506	

---------------------------------
plain	jelly	coconut	honey-dip
			29401
29545				
			29402
29546				
	29316			
29547				
		29566		
	29317			
		29567		
	29318			
			29403
			29404


---------------------------------
plain	jelly	coconut	honey-dip
29610				
	29368			
		29627		
29611				
			29463
			29464
	29369			
		29628		
			29465
		29629		
		29630		
29612	

---------------------------------
plain	jelly	coconut	honey-dip
		29663		
			29495
		29664		
			29496
	29397			
			29497
		29665		
			29498
	29398			
29633				
	29399			
29634	

---------------------------------
plain	jelly	coconut	honey-dip
29665				
			29527
29666				
	29433			
29667				
		29695		
		29696		
29668				
			29528
			29529
			29530
29669	

---------------------------------
plain	jelly	coconut	honey-dip
29714				
	29473			
			29562
	29474			
		29739		
			29563
	29475			
			29564
		29740		
	29476			
		29741		
		29742	

---------------------------------
plain	jelly	coconut	honey-dip
	29513			
			29599
	29514			
29746				
	29515			
	29516			
29747				
29748				
	29517			
			29600
	29518			
			29601


