---------------------------------
plain	jelly	coconut	honey-dip
		80		
		81		
	77			
	78			
		82		
		83		
		84		
75				
		85		
76				
77				
78	

---------------------------------
plain	jelly	coconut	honey-dip
		143		
151				
		144		
152				
153				
		145		
			121
	137			
	138			
	139			
		146		
	140	

---------------------------------
plain	jelly	coconut	honey-dip
	172			
			153
	173			
189				
	174			
190				
191				
		182		
			154
			155
		183		
			156


---------------------------------
plain	jelly	coconut	honey-dip
	241			
	242			
	243			
	244			
248				
	245			
249				
			213
			214
			215
		246		
			216


---------------------------------
plain	jelly	coconut	honey-dip
	275			
		287		
	276			
		288		
284				
285				
	277			
	278			
286				
	279			
287				
288	

---------------------------------
plain	jelly	coconut	honey-dip
317				
			290
			291
			292
318				
319				
			293
	313			
320				
			294
	314			
321	

---------------------------------
plain	jelly	coconut	honey-dip
	379			
	380			
			374
387				
		396		
388				
	381			
389				
			375
		397		
	382			
		398	

---------------------------------
plain	jelly	coconut	honey-dip
	449			
449				
			437
450				
	450			
			438
451				
			439
452				
453				
			440
	451	

---------------------------------
plain	jelly	coconut	honey-dip
			468
			469
		493		
500				
	483			
		494		
			470
	484			
		495		
			471
		496		
			472


---------------------------------
plain	jelly	coconut	honey-dip
			537
	563			
		553		
			538
	564			
	565			
	566			
	567			
		554		
567				
	568			
			539


---------------------------------
plain	jelly	coconut	honey-dip
			603
		630		
			604
		631		
			605
	623			
		632		
			606
	624			
628				
629				
			607


---------------------------------
plain	jelly	coconut	honey-dip
			683
			684
		702		
		703		
			685
694				
	705			
			686
			687
	706			
		704		
	707	

---------------------------------
plain	jelly	coconut	honey-dip
736				
737				
		762		
			746
		763		
738				
		764		
739				
740				
		765		
741				
	756	

---------------------------------
plain	jelly	coconut	honey-dip
			811
796				
			812
	810			
		835		
		836		
	811			
797				
		837		
			813
		838		
	812	

---------------------------------
plain	jelly	coconut	honey-dip
			909
			910
885				
	899			
886				
			911
887				
888				
			912
			913
889				
			914


---------------------------------
plain	jelly	coconut	honey-dip
	941			
938				
			961
	942			
	943			
		964		
		965		
939				
			962
			963
			964
			965


---------------------------------
plain	jelly	coconut	honey-dip
	997			
		1022		
	998			
	999			
		1023		
995				
996				
	1000			
			1018
	1001			
			1019
	1002	

---------------------------------
plain	jelly	coconut	honey-dip
1062				
	1091			
1063				
		1088		
			1079
	1092			
			1080
		1089		
1064				
1065				
			1081
	1093	

---------------------------------
plain	jelly	coconut	honey-dip
	1173			
		1159		
			1146
		1160		
1130				
1131				
1132				
		1161		
			1147
			1148
1133				
			1149


---------------------------------
plain	jelly	coconut	honey-dip
1204				
1205				
			1210
			1211
			1212
	1245			
		1225		
			1213
		1226		
	1246			
			1214
			1215


---------------------------------
plain	jelly	coconut	honey-dip
1271				
		1315		
			1295
1272				
	1327			
1273				
			1296
	1328			
		1316		
			1297
	1329			
	1330	

---------------------------------
plain	jelly	coconut	honey-dip
1342				
		1384		
		1385		
	1391			
1343				
		1386		
		1387		
		1388		
		1389		
	1392			
1344				
	1393	

---------------------------------
plain	jelly	coconut	honey-dip
		1485		
1441				
	1498			
			1468
	1499			
	1500			
1442				
	1501			
	1502			
			1469
1443				
	1503	

---------------------------------
plain	jelly	coconut	honey-dip
		1551		
1519				
	1559			
1520				
1521				
	1560			
	1561			
			1551
	1562			
1522				
			1552
1523	

---------------------------------
plain	jelly	coconut	honey-dip
			1610
			1611
			1612
	1614			
		1609		
	1615			
		1610		
	1616			
	1617			
	1618			
1575				
1576	

---------------------------------
plain	jelly	coconut	honey-dip
1671				
1672				
			1713
		1707		
			1714
1673				
		1708		
1674				
	1725			
1675				
1676				
		1709	

---------------------------------
plain	jelly	coconut	honey-dip
	1897			
			1910
			1911
1877				
	1898			
1878				
		1888		
1879				
	1899			
1880				
			1912
		1889	

---------------------------------
plain	jelly	coconut	honey-dip
			2020
			2021
	1990			
		1961		
1973				
	1991			
		1962		
1974				
1975				
		1963		
	1992			
		1964	

---------------------------------
plain	jelly	coconut	honey-dip
		2140		
2114				
2115				
			2164
2116				
2117				
	2150			
			2165
			2166
		2141		
			2167
		2142	

---------------------------------
plain	jelly	coconut	honey-dip
		2236		
	2254			
2192				
2193				
	2255			
2194				
	2256			
			2270
	2257			
		2237		
		2238		
	2258	

---------------------------------
plain	jelly	coconut	honey-dip
		2358		
2318				
	2362			
2319				
		2359		
		2360		
		2361		
			2382
	2363			
2320				
2321				
2322	

---------------------------------
plain	jelly	coconut	honey-dip
		2740		
	2732			
		2741		
2699				
		2742		
	2733			
	2734			
			2761
			2762
			2763
			2764
2700	

---------------------------------
plain	jelly	coconut	honey-dip
2821				
	2850			
			2895
	2851			
2822				
2823				
	2852			
	2853			
2824				
	2854			
			2896
			2897


---------------------------------
plain	jelly	coconut	honey-dip
			3011
		2970		
2950				
			3012
	2949			
			3013
2951				
			3014
2952				
	2950			
			3015
2953	

---------------------------------
plain	jelly	coconut	honey-dip
			3112
3060				
	3052			
	3053			
3061				
	3054			
			3113
3062				
		3076		
			3114
			3115
3063	

---------------------------------
plain	jelly	coconut	honey-dip
3215				
3216				
3217				
		3216		
		3217		
3218				
	3185			
3219				
		3218		
	3186			
	3187			
	3188	

---------------------------------
plain	jelly	coconut	honey-dip
		3323		
		3324		
		3325		
		3326		
3353				
	3325			
			3403
			3404
		3327		
	3326			
			3405
	3327	

---------------------------------
plain	jelly	coconut	honey-dip
		3485		
	3439			
			3541
	3440			
			3542
			3543
			3544
			3545
		3486		
	3441			
	3442			
3479	

---------------------------------
plain	jelly	coconut	honey-dip
			3650
		3597		
			3651
		3598		
		3599		
			3652
	3546			
	3547			
			3653
3583				
3584				
			3654


---------------------------------
plain	jelly	coconut	honey-dip
3689				
	3691			
		3730		
		3731		
			3794
		3732		
		3733		
		3734		
			3795
		3735		
			3796
		3736	

---------------------------------
plain	jelly	coconut	honey-dip
		3883		
	3880			
	3881			
			3970
3855				
	3882			
3856				
3857				
3858				
			3971
	3883			
		3884	

---------------------------------
plain	jelly	coconut	honey-dip
		4005		
3970				
			4082
3971				
	3999			
		4006		
			4083
3972				
		4007		
		4008		
	4000			
3973	

---------------------------------
plain	jelly	coconut	honey-dip
	4293			
			4367
4271				
			4368
	4294			
4272				
4273				
			4369
4274				
4275				
		4301		
4276	

---------------------------------
plain	jelly	coconut	honey-dip
4386				
			4472
4387				
	4402			
	4403			
		4404		
			4473
4388				
			4474
4389				
			4475
	4404	

---------------------------------
plain	jelly	coconut	honey-dip
4562				
			4652
			4653
			4654
4563				
		4567		
			4655
	4567			
	4568			
	4569			
			4656
			4657


---------------------------------
plain	jelly	coconut	honey-dip
		4699		
			4771
	4704			
	4705			
4690				
	4706			
		4700		
		4701		
	4707			
			4772
	4708			
			4773


---------------------------------
plain	jelly	coconut	honey-dip
	4850			
4845				
	4851			
4846				
		4810		
			4899
		4811		
4847				
			4900
4848				
4849				
4850	

---------------------------------
plain	jelly	coconut	honey-dip
	4990			
		4954		
4973				
	4991			
			5015
			5016
4974				
			5017
4975				
			5018
		4955		
			5019


---------------------------------
plain	jelly	coconut	honey-dip
			5148
			5149
	5105			
	5106			
			5150
	5107			
5074				
			5151
	5108			
5075				
			5152
	5109	

---------------------------------
plain	jelly	coconut	honey-dip
5167				
	5220			
			5231
	5221			
			5232
	5222			
		5178		
	5223			
	5224			
			5233
	5225			
	5226	

---------------------------------
plain	jelly	coconut	honey-dip
		5378		
		5379		
5385				
			5435
		5380		
5386				
5387				
	5426			
	5427			
		5381		
			5436
5388	

---------------------------------
plain	jelly	coconut	honey-dip
		5532		
	5596			
5545				
			5575
	5597			
		5533		
	5598			
5546				
			5576
		5534		
			5577
	5599	

---------------------------------
plain	jelly	coconut	honey-dip
5666				
	5705			
	5706			
5667				
	5707			
			5684
		5661		
5668				
			5685
	5708			
	5709			
		5662	

---------------------------------
plain	jelly	coconut	honey-dip
	5877			
		5818		
		5819		
			5842
	5878			
5827				
5828				
	5879			
			5843
			5844
	5880			
	5881	

---------------------------------
plain	jelly	coconut	honey-dip
5920				
5921				
		5923		
	6001			
	6002			
		5924		
	6003			
			5952
	6004			
5922				
	6005			
		5925	

---------------------------------
plain	jelly	coconut	honey-dip
			6107
			6108
	6142			
		6053		
	6143			
	6144			
6070				
		6054		
			6109
	6145			
	6146			
		6055	

---------------------------------
plain	jelly	coconut	honey-dip
6189				
		6180		
			6236
	6295			
6190				
		6181		
6191				
	6296			
			6237
			6238
6192				
6193	

---------------------------------
plain	jelly	coconut	honey-dip
	6419			
	6420			
	6421			
			6357
			6358
			6359
	6422			
			6360
	6423			
6303				
	6424			
			6361


---------------------------------
plain	jelly	coconut	honey-dip
		6434		
		6435		
	6558			
	6559			
		6436		
	6560			
6425				
	6561			
		6437		
			6479
		6438		
			6480


---------------------------------
plain	jelly	coconut	honey-dip
			6625
6587				
	6703			
	6704			
	6705			
		6581		
	6706			
	6707			
			6626
			6627
6588				
		6582	

---------------------------------
plain	jelly	coconut	honey-dip
	6818			
		6693		
			6767
			6768
		6694		
6722				
			6769
6723				
6724				
			6770
6725				
6726	

---------------------------------
plain	jelly	coconut	honey-dip
6864				
		6795		
6865				
6866				
			6905
6867				
			6906
		6796		
			6907
6868				
		6797		
			6908


---------------------------------
plain	jelly	coconut	honey-dip
			7042
		6922		
			7043
			7044
6998				
6999				
	7046			
			7045
	7047			
7000				
	7048			
	7049	

---------------------------------
plain	jelly	coconut	honey-dip
		7032		
	7167			
	7168			
7097				
			7168
	7169			
	7170			
			7169
			7170
	7171			
7098				
			7171


---------------------------------
plain	jelly	coconut	honey-dip
		7169		
7208				
7209				
	7299			
7210				
			7304
		7170		
			7305
	7300			
		7171		
7211				
			7306


---------------------------------
plain	jelly	coconut	honey-dip
		7306		
7328				
	7435			
		7307		
7329				
	7436			
	7437			
		7308		
	7438			
		7309		
		7310		
			7427


---------------------------------
plain	jelly	coconut	honey-dip
7492				
			7590
			7591
	7612			
		7474		
7493				
7494				
			7592
			7593
	7613			
			7594
	7614	

---------------------------------
plain	jelly	coconut	honey-dip
		7590		
			7723
		7591		
			7724
			7725
7606				
	7729			
	7730			
			7726
7607				
			7727
			7728


---------------------------------
plain	jelly	coconut	honey-dip
	7847			
		7709		
	7848			
		7710		
			7852
		7711		
			7853
		7712		
			7854
	7849			
7708				
7709	

---------------------------------
plain	jelly	coconut	honey-dip
	7999			
7881				
	8000			
			8019
7882				
			8020
	8001			
		7841		
		7842		
	8002			
7883				
	8003	

---------------------------------
plain	jelly	coconut	honey-dip
7998				
7999				
		7949		
	8111			
	8112			
		7950		
			8138
			8139
		7951		
			8140
		7952		
	8113	

---------------------------------
plain	jelly	coconut	honey-dip
8151				
			8280
			8281
8152				
			8282
8153				
		8097		
		8098		
	8256			
	8257			
		8099		
			8283


---------------------------------
plain	jelly	coconut	honey-dip
			8412
			8413
		8235		
8276				
		8236		
	8413			
			8414
8277				
	8414			
			8415
			8416
		8237	

---------------------------------
plain	jelly	coconut	honey-dip
		8377		
			8566
		8378		
	8573			
8444				
			8567
8445				
			8568
	8574			
			8569
			8570
	8575	

---------------------------------
plain	jelly	coconut	honey-dip
		8504		
8567				
			8690
			8691
8568				
8569				
			8692
8570				
8571				
8572				
		8505		
		8506	

---------------------------------
plain	jelly	coconut	honey-dip
8819				
			8954
8820				
8821				
	8964			
8822				
8823				
		8795		
	8965			
			8955
8824				
	8966	

---------------------------------
plain	jelly	coconut	honey-dip
		9006		
			9167
			9168
			9169
	9155			
9032				
		9007		
	9156			
	9157			
9033				
	9158			
	9159	

---------------------------------
plain	jelly	coconut	honey-dip
9209				
			9341
	9332			
	9333			
	9334			
			9342
	9335			
	9336			
			9343
			9344
		9186		
		9187	

---------------------------------
plain	jelly	coconut	honey-dip
	9478			
9326				
	9479			
			9479
			9480
			9481
			9482
9327				
		9325		
		9326		
			9483
		9327	

---------------------------------
plain	jelly	coconut	honey-dip
9471				
	9597			
9472				
	9598			
			9614
	9599			
	9600			
			9615
9473				
			9616
9474				
		9454	

---------------------------------
plain	jelly	coconut	honey-dip
9613				
9614				
			9719
	9726			
			9720
		9582		
		9583		
	9727			
	9728			
			9721
	9729			
	9730	

---------------------------------
plain	jelly	coconut	honey-dip
		9690		
	9832			
	9833			
	9834			
	9835			
	9836			
9715				
9716				
		9691		
		9692		
		9693		
9717	

---------------------------------
plain	jelly	coconut	honey-dip
		9835		
		9836		
			9963
9843				
9844				
	9983			
		9837		
9845				
	9984			
		9838		
9846				
		9839	

---------------------------------
plain	jelly	coconut	honey-dip
9989				
		9996		
			10124
	10151			
9990				
9991				
		9997		
		9998		
9992				
			10125
		9999		
9993	

---------------------------------
plain	jelly	coconut	honey-dip
		10135		
			10266
	10291			
	10292			
			10267
		10136		
			10268
			10269
			10270
10120				
			10271
	10293	

---------------------------------
plain	jelly	coconut	honey-dip
10235				
			10388
		10250		
	10431			
		10251		
	10432			
			10389
10236				
		10252		
10237				
	10433			
		10253	

---------------------------------
plain	jelly	coconut	honey-dip
			10540
10374				
		10392		
10375				
			10541
			10542
	10586			
	10587			
			10543
	10588			
10376				
10377	

---------------------------------
plain	jelly	coconut	honey-dip
			10690
			10691
10532				
10533				
	10742			
			10692
	10743			
	10744			
10534				
			10693
	10745			
			10694


---------------------------------
plain	jelly	coconut	honey-dip
	10865			
			10826
		10665		
		10666		
	10866			
10664				
	10867			
	10868			
		10667		
		10668		
			10827
	10869	

---------------------------------
plain	jelly	coconut	honey-dip
	10989			
		10815		
		10816		
	10990			
	10991			
		10817		
			10953
		10818		
			10954
10803				
10804				
	10992	

---------------------------------
plain	jelly	coconut	honey-dip
	11118			
	11119			
	11120			
		10954		
	11121			
			11096
	11122			
		10955		
		10956		
	11123			
			11097
	11124	

---------------------------------
plain	jelly	coconut	honey-dip
		11084		
			11231
		11085		
	11267			
	11268			
		11086		
			11232
		11087		
	11269			
	11270			
		11088		
			11233


---------------------------------
plain	jelly	coconut	honey-dip
			11396
			11397
11199				
			11398
		11241		
	11428			
			11399
	11429			
			11400
	11430			
			11401
		11242	

---------------------------------
plain	jelly	coconut	honey-dip
	11561			
	11562			
		11377		
11342				
		11378		
	11563			
11343				
	11564			
11344				
			11536
	11565			
		11379	

---------------------------------
plain	jelly	coconut	honey-dip
			11744
		11580		
			11745
		11581		
			11746
		11582		
11530				
			11747
		11583		
11531				
	11754			
			11748


---------------------------------
plain	jelly	coconut	honey-dip
			11875
		11711		
		11712		
	11884			
		11713		
	11885			
			11876
		11714		
		11715		
			11877
		11716		
			11878


---------------------------------
plain	jelly	coconut	honey-dip
	12018			
			12053
			12054
		11867		
			12055
		11868		
	12019			
	12020			
11858				
			12056
			12057
11859	

---------------------------------
plain	jelly	coconut	honey-dip
11996				
			12182
11997				
	12151			
		12007		
11998				
			12183
		12008		
11999				
			12184
12000				
			12185


---------------------------------
plain	jelly	coconut	honey-dip
			12449
	12406			
12281				
		12268		
			12450
			12451
12282				
		12269		
			12452
		12270		
	12407			
			12453


---------------------------------
plain	jelly	coconut	honey-dip
			12610
		12399		
		12400		
	12522			
		12401		
12413				
			12611
			12612
		12402		
			12613
			12614
		12403	

---------------------------------
plain	jelly	coconut	honey-dip
			12753
			12754
		12564		
			12755
	12651			
12552				
		12565		
	12652			
		12566		
		12567		
12553				
		12568	

---------------------------------
plain	jelly	coconut	honey-dip
12730				
			12868
	12777			
		12697		
			12869
			12870
		12698		
	12778			
12731				
	12779			
	12780			
		12699	

---------------------------------
plain	jelly	coconut	honey-dip
			13019
		12850		
			13020
12873				
			13021
	12918			
12874				
	12919			
12875				
		12851		
		12852		
			13022


---------------------------------
plain	jelly	coconut	honey-dip
13035				
	13060			
			13157
		12996		
		12997		
13036				
	13061			
		12998		
	13062			
	13063			
			13158
	13064	

---------------------------------
plain	jelly	coconut	honey-dip
		13141		
	13201			
		13142		
13171				
		13143		
	13202			
		13144		
13172				
			13299
13173				
			13300
			13301


---------------------------------
plain	jelly	coconut	honey-dip
		13270		
			13446
13326				
			13447
	13358			
	13359			
			13448
		13271		
		13272		
		13273		
			13449
			13450


---------------------------------
plain	jelly	coconut	honey-dip
13468				
		13405		
13469				
	13495			
		13406		
13470				
		13407		
	13496			
13471				
	13497			
	13498			
13472	

---------------------------------
plain	jelly	coconut	honey-dip
		13531		
13615				
			13714
13616				
13617				
			13715
			13716
13618				
		13532		
13619				
		13533		
		13534	

---------------------------------
plain	jelly	coconut	honey-dip
13793				
			13888
	13808			
13794				
13795				
			13889
			13890
			13891
13796				
	13809			
	13810			
13797	

---------------------------------
plain	jelly	coconut	honey-dip
13902				
			14020
13903				
		13814		
13904				
			14021
			14022
	13932			
			14023
13905				
		13815		
	13933	

---------------------------------
plain	jelly	coconut	honey-dip
14018				
		13948		
		13949		
		13950		
		13951		
			14161
			14162
14019				
			14163
	14069			
14020				
14021	

---------------------------------
plain	jelly	coconut	honey-dip
	14204			
14157				
			14306
		14105		
	14205			
14158				
	14206			
			14307
		14106		
14159				
14160				
		14107	

---------------------------------
plain	jelly	coconut	honey-dip
			14437
		14240		
			14438
		14241		
14271				
			14439
			14440
			14441
			14442
			14443
		14242		
		14243	

---------------------------------
plain	jelly	coconut	honey-dip
			14580
		14380		
		14381		
14399				
		14382		
		14383		
14400				
			14581
	14457			
	14458			
	14459			
14401	

---------------------------------
plain	jelly	coconut	honey-dip
14542				
			14714
		14534		
	14590			
14543				
		14535		
			14715
			14716
14544				
		14536		
			14717
14545	

---------------------------------
plain	jelly	coconut	honey-dip
			14853
			14854
	14719			
			14855
			14856
		14679		
	14720			
14657				
		14680		
14658				
			14857
			14858


---------------------------------
plain	jelly	coconut	honey-dip
			15036
		14849		
14826				
	14893			
14827				
		14850		
			15037
		14851		
	14894			
14828				
14829				
14830	

---------------------------------
plain	jelly	coconut	honey-dip
		14990		
	15034			
			15160
14984				
14985				
14986				
		14991		
			15161
14987				
		14992		
14988				
			15162


---------------------------------
plain	jelly	coconut	honey-dip
		15142		
15132				
	15161			
15133				
15134				
	15162			
			15309
15135				
15136				
			15310
		15143		
		15144	

---------------------------------
plain	jelly	coconut	honey-dip
		15338		
15321				
	15364			
			15477
			15478
15322				
	15365			
		15339		
15323				
15324				
15325				
		15340	

---------------------------------
plain	jelly	coconut	honey-dip
			15623
			15624
			15625
			15626
	15505			
			15627
15439				
	15506			
15440				
	15507			
15441				
	15508	

---------------------------------
plain	jelly	coconut	honey-dip
15620				
15621				
	15670			
			15792
	15671			
		15678		
15622				
		15679		
			15793
	15672			
		15680		
			15794


---------------------------------
plain	jelly	coconut	honey-dip
			15923
		15807		
15764				
15765				
		15808		
	15806			
	15807			
			15924
	15808			
15766				
			15925
15767	

---------------------------------
plain	jelly	coconut	honey-dip
			16039
		15938		
			16040
	15935			
			16041
15892				
			16042
	15936			
	15937			
			16043
		15939		
15893	

---------------------------------
plain	jelly	coconut	honey-dip
16024				
		16052		
			16163
16025				
16026				
		16053		
		16054		
			16164
	16069			
			16165
	16070			
	16071	

---------------------------------
plain	jelly	coconut	honey-dip
16215				
			16355
		16251		
	16255			
	16256			
			16356
		16252		
	16257			
			16357
		16253		
		16254		
	16258	

---------------------------------
plain	jelly	coconut	honey-dip
	16393			
	16394			
		16404		
		16405		
		16406		
	16395			
	16396			
16353				
			16490
	16397			
			16491
	16398	

---------------------------------
plain	jelly	coconut	honey-dip
16523				
			16645
		16585		
		16586		
16524				
		16587		
			16646
			16647
			16648
		16588		
16525				
			16649


---------------------------------
plain	jelly	coconut	honey-dip
16675				
			16818
	16742			
			16819
16676				
	16743			
			16820
			16821
		16725		
	16744			
	16745			
	16746	

---------------------------------
plain	jelly	coconut	honey-dip
16875				
		16886		
		16887		
	16906			
		16888		
			16977
	16907			
	16908			
		16889		
	16909			
	16910			
16876	

---------------------------------
plain	jelly	coconut	honey-dip
	17061			
	17062			
17028				
17029				
		17066		
		17067		
		17068		
		17069		
	17063			
	17064			
		17070		
		17071	

---------------------------------
plain	jelly	coconut	honey-dip
		17238		
		17239		
	17208			
			17271
			17272
17175				
17176				
	17209			
17177				
		17240		
		17241		
		17242	

---------------------------------
plain	jelly	coconut	honey-dip
			17424
	17351			
			17425
17336				
17337				
		17405		
			17426
	17352			
17338				
17339				
		17406		
	17353	

---------------------------------
plain	jelly	coconut	honey-dip
	17483			
			17544
17469				
	17484			
	17485			
17470				
		17536		
	17486			
	17487			
	17488			
	17489			
			17545


---------------------------------
plain	jelly	coconut	honey-dip
17573				
	17616			
			17656
17574				
			17657
	17617			
17575				
17576				
17577				
		17643		
	17618			
		17644	

---------------------------------
plain	jelly	coconut	honey-dip
		17765		
			17794
	17734			
		17766		
17711				
17712				
		17767		
		17768		
17713				
	17735			
			17795
17714	

---------------------------------
plain	jelly	coconut	honey-dip
17854				
17855				
17856				
		17930		
	17868			
		17931		
		17932		
	17869			
	17870			
	17871			
		17933		
17857	

---------------------------------
plain	jelly	coconut	honey-dip
			18035
			18036
17981				
	17994			
	17995			
			18037
	17996			
		18038		
		18039		
	17997			
		18040		
		18041	

---------------------------------
plain	jelly	coconut	honey-dip
		18172		
18112				
18113				
			18162
			18163
18114				
		18173		
			18164
	18130			
			18165
		18174		
			18166


---------------------------------
plain	jelly	coconut	honey-dip
			18294
	18291			
	18292			
18264				
	18293			
			18295
18265				
		18315		
		18316		
18266				
			18296
18267	

---------------------------------
plain	jelly	coconut	honey-dip
			18424
18391				
		18447		
	18406			
	18407			
		18448		
			18425
	18408			
	18409			
	18410			
18392				
			18426


---------------------------------
plain	jelly	coconut	honey-dip
			18543
18539				
		18581		
			18544
		18582		
		18583		
			18545
	18533			
	18534			
		18584		
	18535			
18540	

---------------------------------
plain	jelly	coconut	honey-dip
	18730			
18714				
			18737
		18783		
			18738
18715				
	18731			
	18732			
		18784		
18716				
18717				
			18739


---------------------------------
plain	jelly	coconut	honey-dip
18962				
18963				
			18944
			18945
		18990		
			18946
		18991		
			18947
		18992		
	18944			
		18993		
			18948


---------------------------------
plain	jelly	coconut	honey-dip
19158				
19159				
		19184		
19160				
	19146			
	19147			
		19185		
		19186		
19161				
			19168
	19148			
			19169


---------------------------------
plain	jelly	coconut	honey-dip
		19349		
			19320
	19272			
	19273			
		19350		
			19321
		19351		
19315				
		19352		
	19274			
			19322
	19275	

---------------------------------
plain	jelly	coconut	honey-dip
	19418			
	19419			
		19499		
			19486
		19500		
			19487
			19488
			19489
		19501		
		19502		
	19420			
			19490


---------------------------------
plain	jelly	coconut	honey-dip
		19617		
		19618		
	19553			
	19554			
19613				
	19555			
19614				
			19625
19615				
		19619		
			19626
		19620	

---------------------------------
plain	jelly	coconut	honey-dip
		19788		
		19789		
	19702			
			19780
			19781
			19782
		19790		
		19791		
		19792		
			19783
19774				
			19784


---------------------------------
plain	jelly	coconut	honey-dip
		20005		
			19992
19966				
19967				
		20006		
			19993
		20007		
			19994
19968				
	19897			
	19898			
	19899	

---------------------------------
plain	jelly	coconut	honey-dip
		20127		
	20041			
		20128		
20096				
			20136
			20137
20097				
			20138
			20139
	20042			
		20129		
	20043	

---------------------------------
plain	jelly	coconut	honey-dip
			20256
20229				
20230				
		20258		
20231				
		20259		
20232				
		20260		
		20261		
			20257
	20185			
20233	

---------------------------------
plain	jelly	coconut	honey-dip
20386				
	20326			
			20412
	20327			
			20413
		20416		
		20417		
		20418		
	20328			
20387				
20388				
			20414


---------------------------------
plain	jelly	coconut	honey-dip
	20462			
			20560
			20561
	20463			
	20464			
			20562
			20563
		20582		
		20583		
		20584		
		20585		
		20586	

---------------------------------
plain	jelly	coconut	honey-dip
20717				
		20779		
	20655			
		20780		
		20781		
20718				
			20757
	20656			
		20782		
20719				
		20783		
		20784	

---------------------------------
plain	jelly	coconut	honey-dip
			20924
	20792			
	20793			
	20794			
			20925
	20795			
		20946		
			20926
20906				
		20947		
20907				
		20948	

---------------------------------
plain	jelly	coconut	honey-dip
			21058
	20923			
	20924			
		21085		
	20925			
			21059
			21060
	20926			
	20927			
		21086		
	20928			
	20929	

---------------------------------
plain	jelly	coconut	honey-dip
		21201		
		21202		
	21056			
			21182
		21203		
	21057			
21161				
	21058			
	21059			
		21204		
		21205		
	21060	

---------------------------------
plain	jelly	coconut	honey-dip
	21213			
	21214			
21315				
		21366		
		21367		
	21215			
21316				
	21216			
		21368		
		21369		
21317				
21318	

---------------------------------
plain	jelly	coconut	honey-dip
		21510		
	21350			
21481				
			21483
21482				
			21484
		21511		
21483				
			21485
		21512		
			21486
21484	

---------------------------------
plain	jelly	coconut	honey-dip
21620				
			21624
	21483			
21621				
21622				
	21484			
			21625
			21626
		21649		
21623				
		21650		
		21651	

---------------------------------
plain	jelly	coconut	honey-dip
		21785		
		21786		
		21787		
		21788		
	21626			
		21789		
21772				
		21790		
			21769
			21770
21773				
21774	

---------------------------------
plain	jelly	coconut	honey-dip
	21788			
21925				
	21789			
		21951		
			21924
		21952		
		21953		
		21954		
		21955		
			21925
	21790			
	21791	

---------------------------------
plain	jelly	coconut	honey-dip
			22076
		22105		
			22077
	21950			
22081				
	21951			
22082				
22083				
	21952			
		22106		
			22078
		22107	

---------------------------------
plain	jelly	coconut	honey-dip
	22103			
			22203
	22104			
		22265		
			22204
	22105			
			22205
	22106			
22217				
		22266		
			22206
	22107	

---------------------------------
plain	jelly	coconut	honey-dip
22395				
			22380
		22471		
22396				
		22472		
	22298			
22397				
		22473		
22398				
		22474		
			22381
	22299	

---------------------------------
plain	jelly	coconut	honey-dip
22596				
22597				
	22511			
22598				
	22512			
		22669		
		22670		
			22584
		22671		
			22585
			22586
	22513	

---------------------------------
plain	jelly	coconut	honey-dip
		22776		
		22777		
		22778		
	22661			
22712				
22713				
		22779		
			22715
	22662			
		22780		
	22663			
			22716


---------------------------------
plain	jelly	coconut	honey-dip
22886				
22887				
	22833			
			22909
		22932		
			22910
	22834			
		22933		
	22835			
		22934		
			22911
		22935	

---------------------------------
plain	jelly	coconut	honey-dip
23045				
23046				
			23045
			23046
23047				
		23101		
		23102		
		23103		
23048				
23049				
23050				
	22981	

---------------------------------
plain	jelly	coconut	honey-dip
		23232		
			23167
			23168
	23109			
		23233		
	23110			
		23234		
		23235		
		23236		
	23111			
		23237		
		23238	

---------------------------------
plain	jelly	coconut	honey-dip
		23435		
		23436		
	23314			
	23315			
	23316			
			23357
23350				
	23317			
23351				
	23318			
			23358
		23437	

---------------------------------
plain	jelly	coconut	honey-dip
		23609		
	23480			
	23481			
			23524
		23610		
		23611		
		23612		
			23525
	23482			
		23613		
		23614		
			23526


---------------------------------
plain	jelly	coconut	honey-dip
23696				
	23638			
		23780		
	23639			
		23781		
			23686
	23640			
	23641			
		23782		
23697				
	23642			
23698	

---------------------------------
plain	jelly	coconut	honey-dip
	23759			
		23923		
		23924		
		23925		
			23828
		23926		
	23760			
		23927		
23818				
			23829
		23928		
		23929	

---------------------------------
plain	jelly	coconut	honey-dip
		24095		
23963				
			23982
	23936			
		24096		
		24097		
			23983
23964				
	23937			
			23984
			23985
23965	

---------------------------------
plain	jelly	coconut	honey-dip
24142				
		24286		
24143				
	24129			
24144				
			24151
24145				
	24130			
24146				
24147				
			24152
	24131	

---------------------------------
plain	jelly	coconut	honey-dip
24279				
	24271			
		24401		
	24272			
24280				
	24273			
			24273
24281				
		24402		
		24403		
			24274
		24404	

---------------------------------
plain	jelly	coconut	honey-dip
	24438			
			24429
	24439			
		24604		
			24430
	24440			
	24441			
			24431
		24605		
			24432
	24442			
		24606	

---------------------------------
plain	jelly	coconut	honey-dip
			24575
24633				
			24576
24634				
			24577
24635				
24636				
		24775		
			24578
24637				
	24633			
			24579


---------------------------------
plain	jelly	coconut	honey-dip
24742				
		24867		
	24748			
	24749			
	24750			
24743				
			24679
			24680
	24751			
24744				
		24868		
			24681


---------------------------------
plain	jelly	coconut	honey-dip
24885				
	24867			
		24962		
			24814
		24963		
		24964		
		24965		
24886				
		24966		
24887				
24888				
			24815


---------------------------------
plain	jelly	coconut	honey-dip
		25127		
			24977
	25039			
25033				
	25040			
	25041			
			24978
		25128		
	25042			
			24979
	25043			
25034	

---------------------------------
plain	jelly	coconut	honey-dip
			25116
		25266		
		25267		
		25268		
			25117
	25176			
	25177			
25170				
		25269		
		25270		
	25178			
25171	

---------------------------------
plain	jelly	coconut	honey-dip
25311				
		25419		
	25307			
			25243
25312				
	25308			
			25244
25313				
25314				
25315				
		25420		
	25309	

---------------------------------
plain	jelly	coconut	honey-dip
25427				
		25578		
			25367
25428				
		25579		
25429				
	25436			
			25368
25430				
25431				
	25437			
	25438	

---------------------------------
plain	jelly	coconut	honey-dip
			25524
			25525
	25567			
25551				
25552				
			25526
			25527
25553				
	25568			
25554				
			25528
		25718	

---------------------------------
plain	jelly	coconut	honey-dip
		25854		
	25722			
			25672
		25855		
		25856		
25700				
			25673
			25674
		25857		
		25858		
	25723			
25701	

---------------------------------
plain	jelly	coconut	honey-dip
25848				
25849				
		26010		
25850				
25851				
		26011		
			25827
			25828
25852				
		26012		
			25829
	25851	

---------------------------------
plain	jelly	coconut	honey-dip
			26055
		26258		
		26259		
	26077			
	26078			
26070				
26071				
		26260		
	26079			
		26261		
26072				
		26262	

---------------------------------
plain	jelly	coconut	honey-dip
26216				
		26421		
26217				
			26216
	26219			
26218				
		26422		
		26423		
			26217
			26218
26219				
26220	

---------------------------------
plain	jelly	coconut	honey-dip
			26314
26320				
26321				
	26336			
			26315
	26337			
26322				
	26338			
	26339			
		26522		
		26523		
		26524	

---------------------------------
plain	jelly	coconut	honey-dip
26429				
26430				
26431				
			26449
		26671		
		26672		
		26673		
		26674		
	26459			
			26450
	26460			
26432	

---------------------------------
plain	jelly	coconut	honey-dip
			26495
		26729		
	26513			
			26496
		26730		
			26497
		26731		
			26498
		26732		
		26733		
	26514			
		26734	

---------------------------------
plain	jelly	coconut	honey-dip
26687				
26688				
		26887		
	26673			
			26661
		26888		
		26889		
			26662
	26674			
			26663
		26890		
26689	

---------------------------------
plain	jelly	coconut	honey-dip
			26832
			26833
			26834
26849				
		27056		
		27057		
	26855			
26850				
26851				
			26835
		27058		
		27059	

---------------------------------
plain	jelly	coconut	honey-dip
		27148		
	26931			
		27149		
26925				
26926				
26927				
	26932			
		27150		
		27151		
	26933			
		27152		
	26934	

---------------------------------
plain	jelly	coconut	honey-dip
		27272		
27060				
		27273		
27061				
	27021			
			27019
27062				
			27020
		27274		
			27021
27063				
27064	

---------------------------------
plain	jelly	coconut	honey-dip
			27122
27169				
		27370		
	27119			
		27371		
		27372		
		27373		
			27123
			27124
			27125
			27126
27170	

---------------------------------
plain	jelly	coconut	honey-dip
	27215			
		27478		
	27216			
	27217			
		27479		
	27218			
27297				
27298				
	27219			
			27234
		27480		
		27481	

