---------------------------------
plain	jelly	coconut	honey-dip
		1932		
			1978
1914				
		1933		
1915				
1916				
1917				
	1952			
1918				
			1979
			1980
		1934	

---------------------------------
plain	jelly	coconut	honey-dip
	2298			
	2299			
2237				
2238				
		2277		
		2278		
			2308
		2279		
2239				
	2300			
		2280		
			2309


---------------------------------
plain	jelly	coconut	honey-dip
		2391		
			2414
	2391			
2368				
			2415
	2392			
	2393			
	2394			
	2395			
		2392		
2369				
			2416


---------------------------------
plain	jelly	coconut	honey-dip
2518				
		2540		
			2573
2519				
	2557			
2520				
2521				
	2558			
	2559			
		2541		
			2574
2522	

---------------------------------
plain	jelly	coconut	honey-dip
		2658		
		2659		
	2664			
			2685
		2660		
			2686
	2665			
		2661		
			2687
		2662		
2613				
	2666	

---------------------------------
plain	jelly	coconut	honey-dip
			2817
			2818
			2819
		2785		
2745				
2746				
		2786		
	2777			
2747				
2748				
			2820
	2778	

---------------------------------
plain	jelly	coconut	honey-dip
			2934
		2897		
	2884			
2877				
		2898		
	2885			
	2886			
2878				
	2887			
2879				
2880				
2881	

---------------------------------
plain	jelly	coconut	honey-dip
3001				
			3059
			3060
		3017		
3002				
3003				
3004				
		3018		
3005				
	2995			
	2996			
	2997	

---------------------------------
plain	jelly	coconut	honey-dip
			3162
			3163
			3164
	3093			
		3123		
			3165
3114				
3115				
			3166
		3124		
		3125		
	3094	

---------------------------------
plain	jelly	coconut	honey-dip
		3238		
		3239		
	3230			
		3240		
		3241		
	3231			
3246				
3247				
			3318
		3242		
	3232			
	3233	

---------------------------------
plain	jelly	coconut	honey-dip
			3515
		3445		
		3446		
3451				
3452				
		3447		
			3516
3453				
			3517
		3448		
		3449		
		3450	

---------------------------------
plain	jelly	coconut	honey-dip
			3658
			3659
			3660
	3551			
3589				
		3602		
		3603		
3590				
		3604		
	3552			
		3605		
			3661


---------------------------------
plain	jelly	coconut	honey-dip
	3705			
			3814
3702				
3703				
3704				
3705				
	3706			
	3707			
			3815
			3816
	3708			
		3755	

---------------------------------
plain	jelly	coconut	honey-dip
		3857		
			3936
	3849			
3826				
			3937
	3850			
3827				
	3851			
			3938
3828				
		3858		
3829	

---------------------------------
plain	jelly	coconut	honey-dip
		3971		
3940				
		3972		
		3973		
		3974		
	3971			
		3975		
			4054
			4055
3941				
	3972			
			4056


---------------------------------
plain	jelly	coconut	honey-dip
	4113			
4105				
	4114			
	4115			
	4116			
			4171
		4111		
	4117			
	4118			
4106				
4107				
	4119	

---------------------------------
plain	jelly	coconut	honey-dip
			4312
	4225			
	4226			
		4229		
		4230		
	4227			
			4313
		4231		
		4232		
4214				
	4228			
		4233	

---------------------------------
plain	jelly	coconut	honey-dip
		4401		
			4466
4383				
			4467
			4468
			4469
		4402		
		4403		
			4470
4384				
			4471
4385	

---------------------------------
plain	jelly	coconut	honey-dip
			4603
		4517		
	4540			
4520				
		4518		
4521				
		4519		
4522				
4523				
	4541			
4524				
4525	

---------------------------------
plain	jelly	coconut	honey-dip
4653				
			4741
	4657			
	4658			
			4742
4654				
4655				
	4659			
	4660			
			4743
	4661			
	4662	

---------------------------------
plain	jelly	coconut	honey-dip
		4724		
	4738			
4730				
4731				
	4739			
		4725		
	4740			
4732				
	4741			
	4742			
	4743			
4733	

---------------------------------
plain	jelly	coconut	honey-dip
	4881			
	4882			
	4883			
			4920
		4826		
	4884			
		4827		
			4921
	4885			
		4828		
4873				
		4829	

---------------------------------
plain	jelly	coconut	honey-dip
		4981		
		4982		
			5062
			5063
	5012			
	5013			
			5064
		4983		
			5065
	5014			
			5066
		4984	

---------------------------------
plain	jelly	coconut	honey-dip
	5148			
			5180
		5109		
5107				
	5149			
			5181
5108				
5109				
			5182
	5150			
5110				
5111	

---------------------------------
plain	jelly	coconut	honey-dip
5222				
	5282			
			5282
5223				
	5283			
		5238		
5224				
	5284			
		5239		
	5285			
	5286			
			5283


---------------------------------
plain	jelly	coconut	honey-dip
	5575			
	5576			
			5544
			5545
		5504		
			5546
			5547
			5548
		5505		
		5506		
			5549
5517	

---------------------------------
plain	jelly	coconut	honey-dip
		5652		
	5698			
			5678
	5699			
		5653		
	5700			
			5679
	5701			
		5654		
		5655		
		5656		
			5680


---------------------------------
plain	jelly	coconut	honey-dip
			5794
			5795
	5834			
			5796
			5797
		5783		
5785				
		5784		
5786				
		5785		
		5786		
		5787	

---------------------------------
plain	jelly	coconut	honey-dip
5975				
			6018
			6019
5976				
			6020
	6049			
		5970		
			6021
	6050			
	6051			
	6052			
		5971	

---------------------------------
plain	jelly	coconut	honey-dip
			6139
	6191			
			6140
			6141
6100				
			6142
6101				
			6143
	6192			
6102				
6103				
		6086	

---------------------------------
plain	jelly	coconut	honey-dip
		6203		
			6266
	6317			
			6267
			6268
	6318			
			6269
	6319			
	6320			
		6204		
6210				
6211	

---------------------------------
plain	jelly	coconut	honey-dip
		6339		
		6340		
	6456			
			6394
6323				
	6457			
6324				
6325				
	6458			
6326				
		6341		
			6395


---------------------------------
plain	jelly	coconut	honey-dip
			6530
6475				
	6610			
6476				
	6611			
		6485		
			6531
			6532
		6486		
		6487		
			6533
		6488	

---------------------------------
plain	jelly	coconut	honey-dip
			6664
		6611		
		6612		
		6613		
			6665
			6666
	6747			
6642				
	6748			
		6614		
		6615		
			6667


---------------------------------
plain	jelly	coconut	honey-dip
			6829
6793				
	6865			
		6741		
		6742		
6794				
		6743		
			6830
			6831
		6744		
6795				
6796	

---------------------------------
plain	jelly	coconut	honey-dip
	7058			
	7059			
7006				
			7052
7007				
			7053
7008				
	7060			
		6928		
	7061			
			7054
			7055


---------------------------------
plain	jelly	coconut	honey-dip
7113				
		7050		
			7186
7114				
		7051		
	7187			
			7187
			7188
7115				
			7189
			7190
	7188	

---------------------------------
plain	jelly	coconut	honey-dip
	7358			
			7361
	7359			
	7360			
			7362
7263				
		7226		
7264				
			7363
	7361			
		7227		
7265	

---------------------------------
plain	jelly	coconut	honey-dip
			7479
7371				
7372				
	7478			
	7479			
		7360		
			7480
		7361		
7373				
7374				
		7362		
			7481


---------------------------------
plain	jelly	coconut	honey-dip
			7604
		7481		
			7605
			7606
		7482		
7505				
			7607
	7626			
	7627			
		7483		
	7628			
7506	

---------------------------------
plain	jelly	coconut	honey-dip
			7759
		7626		
		7627		
			7760
7639				
	7768			
	7769			
7640				
			7761
			7762
	7770			
7641	

---------------------------------
plain	jelly	coconut	honey-dip
7758				
7759				
7760				
	7887			
		7742		
			7897
	7888			
	7889			
	7890			
			7898
		7743		
			7899


---------------------------------
plain	jelly	coconut	honey-dip
		7862		
	8025			
	8026			
	8027			
7909				
7910				
	8028			
			8040
			8041
7911				
		7863		
		7864	

---------------------------------
plain	jelly	coconut	honey-dip
8037				
			8181
	8152			
	8153			
	8154			
			8182
	8155			
		7994		
			8183
8038				
8039				
			8184


---------------------------------
plain	jelly	coconut	honey-dip
		8093		
		8094		
	8253			
			8278
8148				
		8095		
8149				
			8279
		8096		
	8254			
8150				
	8255	

---------------------------------
plain	jelly	coconut	honey-dip
8281				
			8419
		8243		
8282				
8283				
			8420
			8421
8284				
			8422
	8417			
			8423
	8418	

---------------------------------
plain	jelly	coconut	honey-dip
8421				
	8554			
	8555			
			8545
		8356		
		8357		
	8556			
			8546
	8557			
		8358		
		8359		
	8558	

---------------------------------
plain	jelly	coconut	honey-dip
8576				
8577				
		8511		
			8696
		8512		
	8693			
	8694			
		8513		
		8514		
	8695			
		8515		
	8696	

---------------------------------
plain	jelly	coconut	honey-dip
		8669		
		8670		
8705				
		8671		
	8825			
			8829
	8826			
		8672		
	8827			
			8830
8706				
	8828	

---------------------------------
plain	jelly	coconut	honey-dip
	9063			
	9064			
	9065			
			9080
		8916		
	9066			
			9081
		8917		
	9067			
8941				
			9082
			9083


---------------------------------
plain	jelly	coconut	honey-dip
	9202			
9074				
9075				
9076				
			9215
			9216
		9049		
9077				
9078				
	9203			
			9217
			9218


---------------------------------
plain	jelly	coconut	honey-dip
		9219		
			9375
	9372			
		9220		
			9376
			9377
			9378
			9379
			9380
			9381
9246				
		9221	

---------------------------------
plain	jelly	coconut	honey-dip
	9528			
	9529			
		9369		
		9370		
		9371		
9388				
		9372		
			9527
			9528
		9373		
9389				
		9374	

---------------------------------
plain	jelly	coconut	honey-dip
	9682			
	9683			
			9678
9560				
		9540		
	9684			
	9685			
	9686			
	9687			
			9679
		9541		
			9680


---------------------------------
plain	jelly	coconut	honey-dip
			9801
	9799			
		9660		
			9802
		9661		
		9662		
9692				
			9803
			9804
	9800			
9693				
			9805


---------------------------------
plain	jelly	coconut	honey-dip
	9965			
		9812		
	9966			
			9939
	9967			
			9940
		9813		
	9968			
	9969			
			9941
9824				
	9970	

---------------------------------
plain	jelly	coconut	honey-dip
9939				
	10086			
		9941		
9940				
9941				
	10087			
9942				
			10078
			10079
			10080
9943				
	10088	

---------------------------------
plain	jelly	coconut	honey-dip
10046				
			10183
		10053		
10047				
10048				
		10054		
10049				
		10055		
	10206			
			10184
			10185
			10186


---------------------------------
plain	jelly	coconut	honey-dip
		10185		
10166				
		10186		
10167				
			10317
10168				
	10360			
		10187		
10169				
	10361			
	10362			
	10363	

---------------------------------
plain	jelly	coconut	honey-dip
		10316		
		10317		
			10461
	10509			
		10318		
			10462
		10319		
		10320		
			10463
		10321		
			10464
10306	

---------------------------------
plain	jelly	coconut	honey-dip
		10473		
		10474		
10457				
	10671			
	10672			
			10627
	10673			
10458				
		10475		
10459				
			10628
10460	

---------------------------------
plain	jelly	coconut	honey-dip
		10588		
	10808			
		10589		
	10809			
			10769
	10810			
			10770
10603				
		10590		
	10811			
			10771
10604	

---------------------------------
plain	jelly	coconut	honey-dip
	10927			
10738				
			10895
		10748		
	10928			
		10749		
		10750		
			10896
10739				
10740				
10741				
10742	

---------------------------------
plain	jelly	coconut	honey-dip
		10876		
		10877		
	11058			
10872				
		10878		
			11018
		10879		
10873				
10874				
		10880		
			11019
	11059	

---------------------------------
plain	jelly	coconut	honey-dip
			11229
		11080		
			11230
11056				
	11263			
	11264			
	11265			
		11081		
		11082		
		11083		
	11266			
11057	

---------------------------------
plain	jelly	coconut	honey-dip
			11380
	11412			
		11227		
	11413			
			11381
11185				
		11228		
		11229		
	11414			
			11382
	11415			
11186	

---------------------------------
plain	jelly	coconut	honey-dip
	11557			
		11373		
		11374		
	11558			
11341				
			11533
	11559			
		11375		
			11534
			11535
		11376		
	11560	

---------------------------------
plain	jelly	coconut	honey-dip
			11694
	11710			
			11695
		11514		
	11711			
		11515		
		11516		
11474				
	11712			
	11713			
	11714			
		11517	

---------------------------------
plain	jelly	coconut	honey-dip
	11837			
			11823
11643				
11644				
11645				
			11824
			11825
11646				
11647				
11648				
	11838			
		11677	

---------------------------------
plain	jelly	coconut	honey-dip
	11955			
			11967
			11968
11790				
11791				
11792				
11793				
11794				
	11956			
		11796		
			11969
11795	

---------------------------------
plain	jelly	coconut	honey-dip
	12085			
			12129
		11941		
			12130
			12131
			12132
			12133
		11942		
		11943		
11941				
		11944		
		11945	

---------------------------------
plain	jelly	coconut	honey-dip
12115				
		12097		
	12239			
	12240			
		12098		
	12241			
	12242			
12116				
	12243			
			12269
12117				
			12270


---------------------------------
plain	jelly	coconut	honey-dip
	12432			
		12299		
12319				
	12433			
	12434			
12320				
12321				
12322				
		12300		
	12435			
		12301		
	12436	

---------------------------------
plain	jelly	coconut	honey-dip
	12556			
		12444		
		12445		
12449				
12450				
			12651
	12557			
		12446		
	12558			
12451				
		12447		
	12559	

---------------------------------
plain	jelly	coconut	honey-dip
12594				
	12680			
		12608		
		12609		
		12610		
12595				
		12611		
			12782
		12612		
12596				
12597				
			12783


---------------------------------
plain	jelly	coconut	honey-dip
12781				
		12750		
		12751		
	12842			
	12843			
	12844			
		12752		
	12845			
			12915
12782				
12783				
		12753	

---------------------------------
plain	jelly	coconut	honey-dip
	12950			
12922				
	12951			
			13061
			13062
12923				
		12883		
	12952			
12924				
	12953			
	12954			
	12955	

---------------------------------
plain	jelly	coconut	honey-dip
	13077			
			13177
13058				
13059				
13060				
		13020		
	13078			
			13178
	13079			
		13021		
	13080			
	13081	

---------------------------------
plain	jelly	coconut	honey-dip
	13209			
	13210			
		13151		
13178				
13179				
			13310
			13311
			13312
	13211			
13180				
		13152		
			13313


---------------------------------
plain	jelly	coconut	honey-dip
		13265		
13324				
		13266		
		13267		
	13356			
13325				
		13268		
	13357			
			13443
			13444
			13445
		13269	

---------------------------------
plain	jelly	coconut	honey-dip
			13626
13523				
		13451		
13524				
		13452		
		13453		
		13454		
			13627
			13628
			13629
	13544			
	13545	

---------------------------------
plain	jelly	coconut	honey-dip
		13635		
13734				
	13754			
13735				
			13837
		13636		
			13838
		13637		
	13755			
		13638		
13736				
		13639	

---------------------------------
plain	jelly	coconut	honey-dip
	13914			
		13807		
	13915			
	13916			
		13808		
		13809		
	13917			
	13918			
	13919			
			14005
	13920			
			14006


---------------------------------
plain	jelly	coconut	honey-dip
		13956		
			14168
			14169
			14170
	14072			
			14171
14024				
	14073			
14025				
			14172
	14074			
			14173


---------------------------------
plain	jelly	coconut	honey-dip
			14276
		14079		
	14169			
	14170			
		14080		
			14277
		14081		
			14278
14128				
			14279
	14171			
	14172	

---------------------------------
plain	jelly	coconut	honey-dip
			14420
		14211		
14249				
	14300			
14250				
		14212		
			14421
			14422
14251				
	14301			
		14213		
	14302	

---------------------------------
plain	jelly	coconut	honey-dip
		14354		
			14554
			14555
			14556
	14431			
			14557
			14558
	14432			
		14355		
	14433			
14381				
14382	

---------------------------------
plain	jelly	coconut	honey-dip
14511				
		14486		
			14677
			14678
		14487		
14512				
			14679
		14488		
	14562			
14513				
		14489		
		14490	

---------------------------------
plain	jelly	coconut	honey-dip
14642				
	14703			
			14834
	14704			
		14669		
			14835
		14670		
	14705			
14643				
	14706			
	14707			
14644	

---------------------------------
plain	jelly	coconut	honey-dip
		14793		
		14794		
			14980
		14795		
14773				
		14796		
			14981
		14797		
		14798		
	14842			
			14982
14774	

---------------------------------
plain	jelly	coconut	honey-dip
14926				
14927				
		14939		
14928				
		14940		
			15113
	14986			
14929				
14930				
14931				
		14941		
14932	

---------------------------------
plain	jelly	coconut	honey-dip
		15121		
			15285
			15286
			15287
			15288
	15146			
			15289
			15290
15108				
		15122		
		15123		
		15124	

---------------------------------
plain	jelly	coconut	honey-dip
			15413
	15307			
			15414
15260				
	15308			
		15280		
		15281		
15261				
		15282		
			15415
15262				
		15283	

---------------------------------
plain	jelly	coconut	honey-dip
	15509			
		15485		
15442				
15443				
15444				
15445				
15446				
	15510			
		15486		
			15628
	15511			
			15629


---------------------------------
plain	jelly	coconut	honey-dip
			15744
	15622			
15585				
	15623			
	15624			
15586				
		15629		
	15625			
	15626			
		15630		
			15745
	15627	

---------------------------------
plain	jelly	coconut	honey-dip
		15840		
		15841		
15781				
	15829			
		15842		
		15843		
		15844		
	15830			
	15831			
15782				
			15946
15783	

---------------------------------
plain	jelly	coconut	honey-dip
	15991			
15948				
15949				
			16085
15950				
15951				
	15992			
		15984		
	15993			
			16086
	15994			
	15995	

---------------------------------
plain	jelly	coconut	honey-dip
		16102		
			16204
	16107			
16063				
		16103		
		16104		
	16108			
	16109			
			16205
	16110			
	16111			
		16105	

---------------------------------
plain	jelly	coconut	honey-dip
		16259		
16221				
			16359
16222				
16223				
		16260		
			16360
	16261			
		16261		
16224				
			16361
			16362


---------------------------------
plain	jelly	coconut	honey-dip
	16385			
	16386			
	16387			
		16399		
	16388			
		16400		
		16401		
16345				
			16487
	16389			
		16402		
	16390	

---------------------------------
plain	jelly	coconut	honey-dip
16477				
16478				
		16548		
	16544			
	16545			
		16549		
		16550		
		16551		
		16552		
	16546			
	16547			
			16611


---------------------------------
plain	jelly	coconut	honey-dip
16629				
16630				
		16693		
			16770
16631				
	16712			
	16713			
	16714			
	16715			
16632				
			16771
16633	

---------------------------------
plain	jelly	coconut	honey-dip
	16834			
		16799		
		16800		
		16801		
16771				
16772				
	16835			
	16836			
		16802		
16773				
	16837			
	16838	

---------------------------------
plain	jelly	coconut	honey-dip
16938				
		16936		
		16937		
			17033
	16965			
		16938		
	16966			
16939				
			17034
		16939		
		16940		
			17035


---------------------------------
plain	jelly	coconut	honey-dip
	17112			
		17125		
	17113			
17071				
17072				
			17188
		17126		
17073				
17074				
17075				
			17189
		17127	

---------------------------------
plain	jelly	coconut	honey-dip
17228				
	17253			
		17293		
	17254			
	17255			
			17322
17229				
17230				
17231				
		17294		
	17256			
17232	

---------------------------------
plain	jelly	coconut	honey-dip
			17450
	17379			
		17426		
17357				
			17451
			17452
		17427		
			17453
17358				
			17454
17359				
17360	

---------------------------------
plain	jelly	coconut	honey-dip
		17547		
			17561
	17505			
		17548		
			17562
			17563
		17549		
17479				
	17506			
17480				
		17550		
			17564


---------------------------------
plain	jelly	coconut	honey-dip
			17717
17642				
17643				
			17718
17644				
			17719
			17720
17645				
	17667			
17646				
	17668			
		17702	

---------------------------------
plain	jelly	coconut	honey-dip
	17783			
17763				
		17812		
17764				
			17838
	17784			
		17813		
		17814		
		17815		
17765				
			17839
			17840


---------------------------------
plain	jelly	coconut	honey-dip
17950				
			17991
		18007		
	17956			
		18008		
	17957			
			17992
17951				
17952				
			17993
17953				
		18009	

---------------------------------
plain	jelly	coconut	honey-dip
		18155		
18082				
18083				
	18100			
		18156		
			18131
		18157		
18084				
	18101			
	18102			
		18158		
			18132


---------------------------------
plain	jelly	coconut	honey-dip
		18298		
		18299		
		18300		
		18301		
		18302		
	18268			
	18269			
	18270			
		18303		
18246				
	18271			
	18272	

---------------------------------
plain	jelly	coconut	honey-dip
		18475		
			18447
			18448
	18431			
			18449
18411				
	18432			
			18450
	18433			
18412				
18413				
		18476	

---------------------------------
plain	jelly	coconut	honey-dip
			18549
18547				
	18541			
		18595		
			18550
		18596		
		18597		
		18598		
	18542			
18548				
	18543			
			18551


---------------------------------
plain	jelly	coconut	honey-dip
18675				
18676				
18677				
	18678			
		18752		
			18703
18678				
			18704
		18753		
			18705
	18679			
18679	

---------------------------------
plain	jelly	coconut	honey-dip
18822				
18823				
			18836
	18807			
18824				
		18859		
18825				
			18837
			18838
	18808			
	18809			
	18810	

---------------------------------
plain	jelly	coconut	honey-dip
			19065
			19066
		19102		
			19067
	19051			
			19068
			19069
		19103		
		19104		
			19070
	19052			
19078	

---------------------------------
plain	jelly	coconut	honey-dip
19214				
			19218
		19247		
19215				
			19219
	19193			
	19194			
			19220
19216				
		19248		
		19249		
		19250	

---------------------------------
plain	jelly	coconut	honey-dip
19362				
			19366
		19404		
19363				
		19405		
	19316			
		19406		
19364				
	19317			
			19367
			19368
19365	

---------------------------------
plain	jelly	coconut	honey-dip
		19528		
	19448			
			19522
		19529		
		19530		
			19523
			19524
19514				
		19531		
19515				
19516				
			19525


---------------------------------
plain	jelly	coconut	honey-dip
			19680
	19602			
			19681
19673				
		19669		
		19670		
	19603			
		19671		
		19672		
			19682
19674				
	19604	

---------------------------------
plain	jelly	coconut	honey-dip
	19748			
	19749			
		19840		
19817				
19818				
			19819
19819				
			19820
			19821
19820				
		19841		
			19822


---------------------------------
plain	jelly	coconut	honey-dip
		19955		
			19936
		19956		
		19957		
		19958		
			19937
		19959		
	19847			
			19938
		19960		
19930				
	19848	

---------------------------------
plain	jelly	coconut	honey-dip
		20119		
20087				
	20031			
		20120		
20088				
	20032			
	20033			
		20121		
			20127
			20128
			20129
	20034	

---------------------------------
plain	jelly	coconut	honey-dip
		20289		
			20292
	20216			
		20290		
20263				
			20293
			20294
			20295
20264				
	20217			
		20291		
			20296


---------------------------------
plain	jelly	coconut	honey-dip
20432				
			20461
			20462
	20368			
			20463
		20483		
		20484		
20433				
	20369			
	20370			
	20371			
		20485	

---------------------------------
plain	jelly	coconut	honey-dip
			20621
		20630		
	20511			
			20622
	20512			
	20513			
	20514			
		20631		
	20515			
			20623
		20632		
			20624


---------------------------------
plain	jelly	coconut	honey-dip
	20652			
			20753
20713				
			20754
	20653			
			20755
			20756
	20654			
		20778		
20714				
20715				
20716	

---------------------------------
plain	jelly	coconut	honey-dip
			20870
			20871
			20872
			20873
			20874
20851				
		20898		
	20757			
			20875
			20876
	20758			
20852	

---------------------------------
plain	jelly	coconut	honey-dip
		21017		
			20994
		21018		
			20995
			20996
		21019		
			20997
	20865			
			20998
		21020		
			20999
		21021	

---------------------------------
plain	jelly	coconut	honey-dip
	21014			
		21155		
	21015			
		21156		
			21138
		21157		
	21016			
	21017			
			21139
	21018			
	21019			
	21020	

---------------------------------
plain	jelly	coconut	honey-dip
		21307		
		21308		
21260				
			21278
21261				
		21309		
			21279
	21151			
			21280
			21281
21262				
	21152	

---------------------------------
plain	jelly	coconut	honey-dip
		21480		
	21325			
21450				
			21461
		21481		
		21482		
21451				
		21483		
21452				
		21484		
	21326			
21453	

---------------------------------
plain	jelly	coconut	honey-dip
21611				
		21638		
	21469			
	21470			
			21610
		21639		
		21640		
	21471			
21612				
	21472			
		21641		
	21473	

---------------------------------
plain	jelly	coconut	honey-dip
		21779		
			21762
	21624			
		21780		
		21781		
			21763
21763				
21764				
			21764
21765				
		21782		
			21765


---------------------------------
plain	jelly	coconut	honey-dip
	21831			
			21958
21963				
			21959
	21832			
		21992		
		21993		
	21833			
			21960
			21961
	21834			
			21962


---------------------------------
plain	jelly	coconut	honey-dip
		22122		
22096				
	21970			
	21971			
	21972			
			22096
	21973			
			22097
	21974			
22097				
		22123		
			22098


---------------------------------
plain	jelly	coconut	honey-dip
		22272		
		22273		
	22112			
			22209
		22274		
			22210
22219				
22220				
22221				
			22211
			22212
		22275	

---------------------------------
plain	jelly	coconut	honey-dip
		22432		
22350				
			22335
22351				
22352				
	22259			
	22260			
22353				
		22433		
	22261			
			22336
22354	

---------------------------------
plain	jelly	coconut	honey-dip
22553				
			22544
	22462			
22554				
22555				
			22545
	22463			
22556				
22557				
22558				
22559				
			22546


---------------------------------
plain	jelly	coconut	honey-dip
			22658
		22728		
	22595			
		22729		
22667				
22668				
	22596			
		22730		
		22731		
		22732		
		22733		
22669	

---------------------------------
plain	jelly	coconut	honey-dip
		22892		
	22782			
22839				
			22843
	22783			
			22844
		22893		
		22894		
	22784			
		22895		
	22785			
	22786	

---------------------------------
plain	jelly	coconut	honey-dip
	22920			
	22921			
	22922			
	22923			
		23036		
		23037		
22978				
			22998
		23038		
22979				
			22999
22980	

---------------------------------
plain	jelly	coconut	honey-dip
23165				
	23093			
	23094			
23166				
23167				
	23095			
			23155
			23156
	23096			
	23097			
			23157
	23098	

---------------------------------
plain	jelly	coconut	honey-dip
23263				
		23335		
23264				
		23336		
	23215			
			23271
		23337		
	23216			
		23338		
		23339		
			23272
		23340	

---------------------------------
plain	jelly	coconut	honey-dip
23454				
			23456
			23457
23455				
			23458
		23544		
		23545		
23456				
23457				
			23459
23458				
23459	

---------------------------------
plain	jelly	coconut	honey-dip
		23663		
	23526			
23567				
23568				
		23664		
			23564
		23665		
		23666		
23569				
23570				
			23565
		23667	

---------------------------------
plain	jelly	coconut	honey-dip
			23713
		23817		
23724				
	23666			
	23667			
	23668			
23725				
23726				
	23669			
			23714
			23715
	23670	

---------------------------------
plain	jelly	coconut	honey-dip
		23966		
23855				
23856				
	23802			
	23803			
23857				
	23804			
	23805			
		23967		
	23806			
		23968		
		23969	

---------------------------------
plain	jelly	coconut	honey-dip
24013				
			24025
24014				
	23984			
			24026
			24027
	23985			
	23986			
24015				
			24028
		24146		
24016	

---------------------------------
plain	jelly	coconut	honey-dip
24130				
24131				
	24113			
	24114			
	24115			
			24134
24132				
			24135
		24271		
		24272		
		24273		
			24136


---------------------------------
plain	jelly	coconut	honey-dip
		24431		
		24432		
	24290			
			24290
	24291			
		24433		
		24434		
			24291
			24292
			24293
		24435		
		24436	

---------------------------------
plain	jelly	coconut	honey-dip
		24620		
24491				
	24459			
			24446
			24447
			24448
	24460			
			24449
24492				
	24461			
24493				
		24621	

---------------------------------
plain	jelly	coconut	honey-dip
	24596			
		24747		
24607				
	24597			
	24598			
			24546
	24599			
		24748		
24608				
24609				
24610				
			24547


---------------------------------
plain	jelly	coconut	honey-dip
			24691
24750				
			24692
		24875		
24751				
	24756			
24752				
			24693
	24757			
			24694
24753				
24754	

---------------------------------
plain	jelly	coconut	honey-dip
24889				
24890				
	24868			
	24869			
	24870			
	24871			
			24816
			24817
24891				
24892				
24893				
24894	

---------------------------------
plain	jelly	coconut	honey-dip
	24975			
	24976			
24991				
		25079		
		25080		
			24927
		25081		
	24977			
24992				
			24928
	24978			
			24929


---------------------------------
plain	jelly	coconut	honey-dip
		25219		
	25123			
	25124			
	25125			
25118				
25119				
25120				
25121				
25122				
	25126			
	25127			
			25076


---------------------------------
plain	jelly	coconut	honey-dip
			25199
25273				
	25272			
	25273			
		25368		
	25274			
			25200
			25201
25274				
		25369		
			25202
			25203


---------------------------------
plain	jelly	coconut	honey-dip
25385				
		25515		
		25516		
25386				
25387				
			25323
25388				
		25517		
		25518		
	25381			
		25519		
		25520	

---------------------------------
plain	jelly	coconut	honey-dip
			25474
		25668		
		25669		
			25475
		25670		
			25476
		25671		
25521				
		25672		
	25517			
			25477
		25673	

---------------------------------
plain	jelly	coconut	honey-dip
25659				
		25820		
			25634
			25635
25660				
		25821		
		25822		
	25679			
			25636
	25680			
25661				
	25681	

---------------------------------
plain	jelly	coconut	honey-dip
			25864
			25865
25880				
			25866
			25867
			25868
		26059		
		26060		
	25889			
			25869
			25870
	25890	

---------------------------------
plain	jelly	coconut	honey-dip
			25996
25993				
25994				
	25994			
		26165		
	25995			
			25997
25995				
		26166		
		26167		
	25996			
25996	

---------------------------------
plain	jelly	coconut	honey-dip
		26303		
			26087
	26104			
26098				
			26088
26099				
		26304		
			26089
	26105			
26100				
	26106			
	26107	

---------------------------------
plain	jelly	coconut	honey-dip
		26582		
		26583		
		26584		
26386				
26387				
	26397			
		26585		
		26586		
		26587		
			26367
		26588		
		26589	

---------------------------------
plain	jelly	coconut	honey-dip
			26530
	26549			
		26770		
	26550			
		26771		
	26551			
	26552			
	26553			
		26772		
			26531
26543				
26544	

---------------------------------
plain	jelly	coconut	honey-dip
		26851		
26654				
		26852		
			26625
		26853		
		26854		
26655				
		26855		
		26856		
		26857		
		26858		
	26634	

---------------------------------
plain	jelly	coconut	honey-dip
		26956		
26752				
			26729
		26957		
			26730
26753				
	26747			
		26958		
26754				
		26959		
	26748			
		26960	

---------------------------------
plain	jelly	coconut	honey-dip
		27085		
			26867
		27086		
		27087		
26877				
26878				
26879				
	26883			
		27088		
26880				
	26884			
26881	

---------------------------------
plain	jelly	coconut	honey-dip
	26967			
	26968			
26965				
	26969			
			26947
26966				
		27193		
26967				
	26970			
		27194		
		27195		
	26971	

---------------------------------
plain	jelly	coconut	honey-dip
			27087
27116				
27117				
	27079			
			27088
			27089
			27090
27118				
		27330		
	27080			
	27081			
27119	

---------------------------------
plain	jelly	coconut	honey-dip
27245				
27246				
27247				
			27191
			27192
27248				
		27439		
			27193
27249				
	27181			
	27182			
		27440	

---------------------------------
plain	jelly	coconut	honey-dip
		27549		
			27297
	27268			
		27550		
			27298
	27269			
			27299
			27300
	27270			
		27551		
	27271			
27362	

---------------------------------
plain	jelly	coconut	honey-dip
		27671		
		27672		
27501				
	27391			
	27392			
		27673		
	27393			
			27417
		27674		
			27418
27502				
		27675	

---------------------------------
plain	jelly	coconut	honey-dip
27618				
	27510			
		27778		
			27518
	27511			
	27512			
			27519
		27779		
		27780		
			27520
27619				
		27781	

---------------------------------
plain	jelly	coconut	honey-dip
	27627			
		27853		
			27637
	27628			
		27854		
		27855		
	27629			
			27638
		27856		
	27630			
27751				
			27639


---------------------------------
plain	jelly	coconut	honey-dip
			27754
		27980		
			27755
		27981		
	27768			
			27756
27870				
			27757
	27769			
	27770			
	27771			
	27772	

---------------------------------
plain	jelly	coconut	honey-dip
	27872			
		28088		
		28089		
			27867
27977				
	27873			
		28090		
	27874			
27978				
	27875			
27979				
	27876	

---------------------------------
plain	jelly	coconut	honey-dip
	28006			
28073				
			27975
	28007			
28074				
		28194		
			27976
	28008			
	28009			
		28195		
			27977
	28010	

---------------------------------
plain	jelly	coconut	honey-dip
			28107
		28307		
28212				
28213				
			28108
		28308		
		28309		
28214				
28215				
28216				
		28310		
		28311	

---------------------------------
plain	jelly	coconut	honey-dip
		28392		
			28196
	28192			
			28197
		28393		
		28394		
28308				
28309				
		28395		
	28193			
	28194			
			28198


---------------------------------
plain	jelly	coconut	honey-dip
		28478		
	28281			
		28479		
		28480		
		28481		
	28282			
	28283			
		28482		
		28483		
	28284			
28427				
		28484	

---------------------------------
plain	jelly	coconut	honey-dip
	28379			
28508				
		28561		
	28380			
			28360
			28361
28509				
			28362
			28363
			28364
		28562		
			28365


---------------------------------
plain	jelly	coconut	honey-dip
28660				
28661				
		28722		
		28723		
		28724		
28662				
28663				
28664				
	28524			
28665				
			28490
28666	

---------------------------------
plain	jelly	coconut	honey-dip
			28572
			28573
28740				
		28801		
28741				
28742				
	28583			
	28584			
28743				
	28585			
	28586			
28744	

---------------------------------
plain	jelly	coconut	honey-dip
28827				
		28876		
		28877		
		28878		
	28654			
	28655			
28828				
	28656			
	28657			
	28658			
		28879		
28829	

---------------------------------
plain	jelly	coconut	honey-dip
28904				
	28738			
			28725
	28739			
	28740			
	28741			
28905				
		28965		
			28726
	28742			
	28743			
			28727


---------------------------------
plain	jelly	coconut	honey-dip
			28863
			28864
	28864			
		29108		
			28865
			28866
		29109		
29025				
			28867
		29110		
		29111		
			28868


---------------------------------
plain	jelly	coconut	honey-dip
29115				
			28982
	28953			
		29182		
			28983
			28984
29116				
29117				
	28954			
	28955			
29118				
	28956	

---------------------------------
plain	jelly	coconut	honey-dip
		29328		
	29102			
29266				
			29148
		29329		
	29103			
			29149
	29104			
29267				
	29105			
		29330		
			29150


---------------------------------
plain	jelly	coconut	honey-dip
		29406		
	29159			
		29407		
	29160			
		29408		
			29227
			29228
		29409		
29352				
			29229
		29410		
		29411	

---------------------------------
plain	jelly	coconut	honey-dip
	29219			
			29296
	29220			
			29297
29428				
		29465		
29429				
	29221			
29430				
29431				
			29298
	29222	

---------------------------------
plain	jelly	coconut	honey-dip
	29282			
	29283			
			29361
29502				
			29362
			29363
			29364
	29284			
		29527		
29503				
	29285			
29504	

---------------------------------
plain	jelly	coconut	honey-dip
29573				
	29342			
	29343			
29574				
		29589		
29575				
		29590		
29576				
		29591		
29577				
			29432
		29592	

---------------------------------
plain	jelly	coconut	honey-dip
	29379			
		29638		
		29639		
29623				
		29640		
		29641		
	29380			
			29476
			29477
	29381			
	29382			
		29642	

---------------------------------
plain	jelly	coconut	honey-dip
29651				
	29417			
29652				
	29418			
		29685		
			29519
		29686		
	29419			
	29420			
29653				
	29421			
			29520


---------------------------------
plain	jelly	coconut	honey-dip
		29736		
			29558
		29737		
29703				
29704				
29705				
29706				
			29559
	29467			
	29468			
29707				
			29560


---------------------------------
plain	jelly	coconut	honey-dip
		29780		
		29781		
		29782		
	29526			
	29527			
			29612
29750				
		29783		
			29613
			29614
		29784		
	29528	

