---------------------------------
plain	jelly	coconut	honey-dip
	741			
	742			
	743			
			728
	744			
		745		
		746		
			729
726				
			730
		747		
	745	

---------------------------------
plain	jelly	coconut	honey-dip
		958		
		959		
	939			
		960		
934				
935				
936				
937				
	940			
		961		
		962		
		963	

---------------------------------
plain	jelly	coconut	honey-dip
		1048		
		1049		
	1029			
			1038
1013				
1014				
1015				
1016				
	1030			
1017				
1018				
		1050	

---------------------------------
plain	jelly	coconut	honey-dip
		1120		
	1119			
	1120			
			1110
	1121			
	1122			
	1123			
1091				
			1111
1092				
1093				
1094	

---------------------------------
plain	jelly	coconut	honey-dip
			1189
			1190
			1191
1169				
		1200		
1170				
			1192
		1201		
			1193
1171				
	1218			
1172	

---------------------------------
plain	jelly	coconut	honey-dip
1233				
		1270		
	1294			
		1271		
	1295			
1234				
			1255
	1296			
			1256
1235				
		1272		
			1257


---------------------------------
plain	jelly	coconut	honey-dip
	1362			
1308				
1309				
1310				
		1347		
			1323
			1324
		1348		
1311				
1312				
			1325
	1363	

---------------------------------
plain	jelly	coconut	honey-dip
		1428		
	1439			
1383				
			1390
			1391
	1440			
			1392
1384				
1385				
			1393
		1429		
		1430	

---------------------------------
plain	jelly	coconut	honey-dip
			1488
			1489
	1515			
		1504		
			1490
1457				
	1516			
		1505		
	1517			
1458				
			1491
1459	

---------------------------------
plain	jelly	coconut	honey-dip
	1583			
			1578
1547				
	1584			
		1580		
		1581		
1548				
1549				
		1582		
	1585			
	1586			
		1583	

---------------------------------
plain	jelly	coconut	honey-dip
	1700			
	1701			
1645				
	1702			
	1703			
1646				
1647				
	1704			
	1705			
		1682		
			1681
			1682


---------------------------------
plain	jelly	coconut	honey-dip
1741				
1742				
	1789			
		1772		
		1773		
	1790			
		1774		
1743				
	1791			
	1792			
1744				
	1793	

---------------------------------
plain	jelly	coconut	honey-dip
1828				
			1866
			1867
1829				
	1849			
			1868
		1837		
			1869
		1838		
1830				
1831				
	1850	

---------------------------------
plain	jelly	coconut	honey-dip
			1951
1900				
			1952
			1953
		1916		
		1917		
1901				
			1954
			1955
	1937			
1902				
	1938	

---------------------------------
plain	jelly	coconut	honey-dip
			2052
			2053
			2054
	2037			
	2038			
	2039			
			2055
		2007		
2004				
		2008		
2005				
	2040	

---------------------------------
plain	jelly	coconut	honey-dip
	2117			
2078				
			2133
	2118			
2079				
		2096		
	2119			
			2134
	2120			
2080				
			2135
2081	

---------------------------------
plain	jelly	coconut	honey-dip
		2192		
	2206			
	2207			
		2193		
2162				
			2224
2163				
2164				
2165				
	2208			
			2225
		2194	

---------------------------------
plain	jelly	coconut	honey-dip
			2337
		2319		
	2330			
2278				
	2331			
			2338
	2332			
			2339
			2340
			2341
2279				
		2320	

---------------------------------
plain	jelly	coconut	honey-dip
	2407			
			2427
		2411		
2391				
2392				
			2428
2393				
			2429
	2408			
2394				
2395				
	2409	

---------------------------------
plain	jelly	coconut	honey-dip
		2510		
	2525			
		2511		
			2539
	2526			
		2512		
2482				
			2540
2483				
	2527			
		2513		
		2514	

---------------------------------
plain	jelly	coconut	honey-dip
2637				
		2686		
2638				
			2713
		2687		
2639				
	2692			
2640				
			2714
			2715
2641				
			2716


---------------------------------
plain	jelly	coconut	honey-dip
2760				
		2804		
		2805		
		2806		
			2841
2761				
2762				
			2842
		2807		
			2843
		2808		
		2809	

---------------------------------
plain	jelly	coconut	honey-dip
		2947		
			2984
	2934			
2931				
			2985
	2935			
		2948		
		2949		
			2986
			2987
	2936			
2932	

---------------------------------
plain	jelly	coconut	honey-dip
3067				
	3057			
	3058			
3068				
3069				
		3082		
	3059			
3070				
3071				
	3060			
3072				
			3118


---------------------------------
plain	jelly	coconut	honey-dip
	3151			
			3220
		3171		
3178				
			3221
		3172		
3179				
3180				
			3222
	3152			
			3223
		3173	

---------------------------------
plain	jelly	coconut	honey-dip
	3364			
			3450
3378				
	3365			
3379				
		3368		
			3451
			3452
		3369		
			3453
		3370		
		3371	

---------------------------------
plain	jelly	coconut	honey-dip
			3592
3524				
	3479			
			3593
	3480			
			3594
3525				
		3529		
		3530		
			3595
	3481			
	3482	

---------------------------------
plain	jelly	coconut	honey-dip
			3707
	3606			
3631				
		3660		
	3607			
3632				
	3608			
3633				
		3661		
		3662		
		3663		
		3664	

---------------------------------
plain	jelly	coconut	honey-dip
	3783			
			3877
		3813		
		3814		
3767				
	3784			
		3815		
	3785			
3768				
	3786			
		3816		
3769	

---------------------------------
plain	jelly	coconut	honey-dip
			4008
3889				
	3923			
	3924			
	3925			
		3924		
		3925		
3890				
3891				
		3926		
		3927		
3892	

---------------------------------
plain	jelly	coconut	honey-dip
			4132
4056				
4057				
		4069		
	4075			
			4133
		4070		
4058				
4059				
		4071		
			4134
			4135


---------------------------------
plain	jelly	coconut	honey-dip
	4176			
4171				
			4257
			4258
			4259
	4177			
			4260
4172				
	4178			
	4179			
		4184		
			4261


---------------------------------
plain	jelly	coconut	honey-dip
4297				
		4321		
			4383
			4384
		4322		
		4323		
		4324		
		4325		
	4315			
	4316			
		4326		
4298	

---------------------------------
plain	jelly	coconut	honey-dip
			4526
	4457			
		4447		
		4448		
4438				
			4527
	4458			
	4459			
		4449		
			4528
			4529
		4450	

---------------------------------
plain	jelly	coconut	honey-dip
	4634			
4633				
	4635			
		4645		
4634				
		4646		
4635				
			4724
		4647		
	4636			
			4725
		4648	

---------------------------------
plain	jelly	coconut	honey-dip
		4722		
			4799
4727				
			4800
			4801
			4802
		4723		
			4803
4728				
	4736			
4729				
	4737	

---------------------------------
plain	jelly	coconut	honey-dip
	4876			
		4821		
	4877			
	4878			
		4822		
4866				
			4913
			4914
4867				
		4823		
		4824		
			4915


---------------------------------
plain	jelly	coconut	honey-dip
			5072
		4993		
5000				
		4994		
5001				
	5023			
			5073
			5074
5002				
	5024			
			5075
	5025	

---------------------------------
plain	jelly	coconut	honey-dip
	5204			
		5161		
		5162		
		5163		
			5217
		5164		
	5205			
	5206			
5154				
			5218
		5165		
		5166	

---------------------------------
plain	jelly	coconut	honey-dip
		5304		
			5351
			5352
		5305		
		5306		
5293				
		5307		
		5308		
			5353
		5309		
5294				
			5354


---------------------------------
plain	jelly	coconut	honey-dip
5436				
5437				
		5426		
5438				
5439				
			5474
	5480			
		5427		
			5475
			5476
		5428		
		5429	

---------------------------------
plain	jelly	coconut	honey-dip
	5610			
	5611			
	5612			
		5565		
			5600
		5566		
5569				
5570				
		5567		
	5613			
			5601
		5568	

---------------------------------
plain	jelly	coconut	honey-dip
		5680		
5683				
5684				
			5701
5685				
	5724			
	5725			
5686				
5687				
5688				
	5726			
5689	

---------------------------------
plain	jelly	coconut	honey-dip
	5841			
		5793		
5795				
			5803
		5794		
5796				
		5795		
	5842			
		5796		
		5797		
5797				
			5804


---------------------------------
plain	jelly	coconut	honey-dip
5923				
			5953
5924				
			5954
		5926		
	6006			
			5955
5925				
5926				
			5956
5927				
		5927	

---------------------------------
plain	jelly	coconut	honey-dip
		6047		
6061				
			6096
			6097
		6048		
6062				
			6098
6063				
			6099
	6132			
	6133			
			6100


---------------------------------
plain	jelly	coconut	honey-dip
6184				
		6173		
			6230
	6289			
	6290			
6185				
		6174		
	6291			
		6175		
		6176		
	6292			
6186	

---------------------------------
plain	jelly	coconut	honey-dip
	6425			
6304				
			6362
6305				
6306				
		6313		
			6363
			6364
6307				
		6314		
		6315		
	6426	

---------------------------------
plain	jelly	coconut	honey-dip
6446				
6447				
6448				
			6513
6449				
	6582			
	6583			
6450				
			6514
		6463		
	6584			
	6585	

---------------------------------
plain	jelly	coconut	honey-dip
			6681
			6682
			6683
6652				
	6755			
6653				
6654				
	6756			
			6684
		6624		
		6625		
		6626	

---------------------------------
plain	jelly	coconut	honey-dip
			6832
			6833
6797				
			6834
			6835
6798				
	6866			
		6745		
	6867			
			6836
	6868			
	6869	

---------------------------------
plain	jelly	coconut	honey-dip
		6861		
	6981			
		6862		
6936				
		6863		
		6864		
		6865		
		6866		
6937				
6938				
			6966
6939	

---------------------------------
plain	jelly	coconut	honey-dip
	7148			
			7157
7077				
	7149			
		7010		
		7011		
		7012		
		7013		
			7158
			7159
			7160
	7150	

---------------------------------
plain	jelly	coconut	honey-dip
		7162		
	7296			
		7163		
		7164		
		7165		
			7303
	7297			
		7166		
		7167		
		7168		
	7298			
7207	

---------------------------------
plain	jelly	coconut	honey-dip
	7510			
7397				
7398				
		7391		
			7510
			7511
	7511			
	7512			
		7392		
7399				
	7513			
	7514	

---------------------------------
plain	jelly	coconut	honey-dip
7520				
	7646			
	7647			
			7623
		7499		
			7624
	7648			
		7500		
		7501		
		7502		
7521				
7522	

---------------------------------
plain	jelly	coconut	honey-dip
	7808			
			7824
	7809			
		7663		
			7825
			7826
		7664		
7677				
	7810			
		7665		
			7827
			7828


---------------------------------
plain	jelly	coconut	honey-dip
	7950			
			7956
			7957
		7785		
	7951			
7821				
7822				
			7958
		7786		
		7787		
	7952			
		7788	

---------------------------------
plain	jelly	coconut	honey-dip
			8105
	8078			
	8079			
7962				
			8106
		7907		
		7908		
		7909		
7963				
			8107
7964				
		7910	

---------------------------------
plain	jelly	coconut	honey-dip
		8124		
	8280			
	8281			
			8314
8174				
	8282			
		8125		
	8283			
		8126		
	8284			
			8315
8175	

---------------------------------
plain	jelly	coconut	honey-dip
8287				
	8421			
8288				
		8249		
			8427
	8422			
8289				
			8428
		8250		
			8429
8290				
	8423	

---------------------------------
plain	jelly	coconut	honey-dip
	8576			
		8379		
		8380		
		8381		
	8577			
			8571
		8382		
	8578			
			8572
			8573
	8579			
			8574


---------------------------------
plain	jelly	coconut	honey-dip
8593				
		8534		
	8710			
		8535		
	8711			
8594				
			8711
			8712
	8712			
8595				
		8536		
		8537	

---------------------------------
plain	jelly	coconut	honey-dip
8768				
8769				
			8898
		8739		
			8899
			8900
	8899			
	8900			
			8901
		8740		
		8741		
	8901	

---------------------------------
plain	jelly	coconut	honey-dip
		8918		
			9084
8942				
8943				
	9068			
		8919		
8944				
		8920		
			9085
8945				
	9069			
8946	

---------------------------------
plain	jelly	coconut	honey-dip
			9222
9082				
	9205			
			9223
			9224
		9055		
	9206			
9083				
	9207			
9084				
		9056		
		9057	

---------------------------------
plain	jelly	coconut	honey-dip
		9197		
			9356
	9352			
		9198		
	9353			
	9354			
			9357
		9199		
		9200		
			9358
	9355			
		9201	

---------------------------------
plain	jelly	coconut	honey-dip
	9517			
		9359		
	9518			
	9519			
			9515
		9360		
	9520			
		9361		
9373				
			9516
		9362		
			9517


---------------------------------
plain	jelly	coconut	honey-dip
		9509		
	9651			
	9652			
		9510		
	9653			
9533				
	9654			
	9655			
9534				
		9511		
		9512		
		9513	

---------------------------------
plain	jelly	coconut	honey-dip
	9804			
			9810
	9805			
		9666		
	9806			
		9667		
		9668		
			9811
			9812
		9669		
			9813
			9814


---------------------------------
plain	jelly	coconut	honey-dip
			9942
		9814		
		9815		
	9971			
			9943
		9816		
		9817		
9825				
		9818		
			9944
			9945
			9946


---------------------------------
plain	jelly	coconut	honey-dip
	10121			
	10122			
9971				
	10123			
9972				
			10102
			10103
9973				
	10124			
	10125			
9974				
		9970	

---------------------------------
plain	jelly	coconut	honey-dip
			10216
		10090		
		10091		
			10217
		10092		
		10093		
			10218
		10094		
			10219
		10095		
			10220
10082	

---------------------------------
plain	jelly	coconut	honey-dip
	10557			
10344				
	10558			
		10369		
10345				
		10370		
		10371		
10346				
	10559			
		10372		
			10514
			10515


---------------------------------
plain	jelly	coconut	honey-dip
	10713			
10509				
	10714			
10510				
		10518		
			10668
10511				
			10669
	10715			
			10670
	10716			
		10519	

---------------------------------
plain	jelly	coconut	honey-dip
			10868
10704				
		10726		
10705				
10706				
10707				
10708				
			10869
	10902			
			10870
			10871
	10903	

---------------------------------
plain	jelly	coconut	honey-dip
		10864		
10862				
			11001
			11002
10863				
10864				
		10865		
		10866		
	11049			
			11003
			11004
			11005


---------------------------------
plain	jelly	coconut	honey-dip
			11156
10985				
	11191			
10986				
		11020		
			11157
10987				
	11192			
		11021		
	11193			
		11022		
		11023	

---------------------------------
plain	jelly	coconut	honey-dip
11130				
			11310
		11147		
		11148		
	11341			
			11311
11131				
	11342			
		11149		
			11312
	11343			
			11313


---------------------------------
plain	jelly	coconut	honey-dip
			11459
		11299		
11257				
11258				
			11460
		11300		
		11301		
11259				
	11477			
11260				
			11461
11261	

---------------------------------
plain	jelly	coconut	honey-dip
	11668			
			11642
			11643
			11644
		11469		
			11645
11433				
11434				
	11669			
		11470		
	11670			
	11671	

---------------------------------
plain	jelly	coconut	honey-dip
			11773
	11781			
11564				
	11782			
			11774
	11783			
11565				
11566				
		11610		
		11611		
			11775
			11776


---------------------------------
plain	jelly	coconut	honey-dip
11719				
11720				
11721				
			11887
11722				
	11888			
	11889			
		11726		
11723				
			11888
11724				
	11890	

---------------------------------
plain	jelly	coconut	honey-dip
11849				
		11850		
11850				
	12007			
		11851		
			12042
			12043
	12008			
			12044
11851				
		11852		
		11853	

---------------------------------
plain	jelly	coconut	honey-dip
	12134			
	12135			
	12136			
		11983		
11983				
11984				
	12137			
11985				
		11984		
	12138			
11986				
11987	

---------------------------------
plain	jelly	coconut	honey-dip
			12278
12126				
	12256			
			12279
		12108		
			12280
	12257			
	12258			
12127				
	12259			
		12109		
			12281


---------------------------------
plain	jelly	coconut	honey-dip
			12386
	12352			
		12223		
	12353			
		12224		
	12354			
12227				
12228				
12229				
		12225		
			12387
		12226	

---------------------------------
plain	jelly	coconut	honey-dip
		12362		
	12481			
12385				
			12560
			12561
	12482			
			12562
12386				
			12563
12387				
	12483			
			12564


---------------------------------
plain	jelly	coconut	honey-dip
12490				
			12699
		12502		
	12601			
	12602			
	12603			
		12503		
12491				
12492				
12493				
		12504		
		12505	

---------------------------------
plain	jelly	coconut	honey-dip
12652				
12653				
12654				
			12825
12655				
		12656		
			12826
			12827
12656				
	12723			
		12657		
			12828


---------------------------------
plain	jelly	coconut	honey-dip
	12855			
			12924
12787				
		12758		
12788				
		12759		
			12925
	12856			
12789				
			12926
		12760		
	12857	

---------------------------------
plain	jelly	coconut	honey-dip
12932				
	12962			
			13067
	12963			
	12964			
12933				
		12891		
		12892		
	12965			
12934				
			13068
		12893	

---------------------------------
plain	jelly	coconut	honey-dip
		13048		
13078				
13079				
		13049		
	13102			
			13200
13080				
	13103			
		13050		
	13104			
13081				
			13201


---------------------------------
plain	jelly	coconut	honey-dip
	13262			
	13263			
	13264			
			13347
13218				
13219				
	13265			
			13348
	13266			
		13189		
			13349
		13190	

---------------------------------
plain	jelly	coconut	honey-dip
			13483
	13397			
		13307		
			13484
13357				
	13398			
		13308		
			13485
13358				
13359				
			13486
	13399	

---------------------------------
plain	jelly	coconut	honey-dip
		13435		
			13614
		13436		
		13437		
	13529			
		13438		
		13439		
	13530			
			13615
		13440		
13506				
			13616


---------------------------------
plain	jelly	coconut	honey-dip
		13727		
13818				
13819				
	13831			
			13920
			13921
	13832			
		13728		
13820				
		13729		
		13730		
	13833	

---------------------------------
plain	jelly	coconut	honey-dip
	14002			
13968				
			14088
13969				
13970				
	14003			
			14089
		13886		
			14090
		13887		
13971				
			14091


---------------------------------
plain	jelly	coconut	honey-dip
			14226
		14009		
		14010		
		14011		
		14012		
14070				
14071				
		14013		
14072				
14073				
		14014		
		14015	

---------------------------------
plain	jelly	coconut	honey-dip
			14411
	14285			
14238				
		14198		
		14199		
	14286			
14239				
		14200		
		14201		
	14287			
			14412
		14202	

---------------------------------
plain	jelly	coconut	honey-dip
	14482			
	14483			
14442				
14443				
			14619
14444				
		14417		
			14620
		14418		
	14484			
	14485			
	14486	

---------------------------------
plain	jelly	coconut	honey-dip
	14603			
	14604			
	14605			
14567				
	14606			
	14607			
			14734
		14560		
	14608			
			14735
	14609			
		14561	

---------------------------------
plain	jelly	coconut	honey-dip
14668				
	14730			
	14731			
14669				
	14732			
			14870
		14688		
14670				
			14871
			14872
			14873
14671	

---------------------------------
plain	jelly	coconut	honey-dip
			15001
14791				
14792				
	14862			
			15002
			15003
		14818		
			15004
	14863			
	14864			
			15005
14793	

---------------------------------
plain	jelly	coconut	honey-dip
	14972			
	14973			
14916				
		14927		
14917				
		14928		
	14974			
		14929		
		14930		
		14931		
			15101
		14932	

---------------------------------
plain	jelly	coconut	honey-dip
			15257
			15258
15074				
15075				
		15091		
			15259
			15260
	15118			
		15092		
			15261
		15093		
15076	

---------------------------------
plain	jelly	coconut	honey-dip
			15366
15203				
		15230		
		15231		
	15233			
	15234			
		15232		
			15367
	15235			
	15236			
	15237			
	15238	

---------------------------------
plain	jelly	coconut	honey-dip
	15398			
		15370		
		15371		
		15372		
	15399			
15347				
	15400			
15348				
			15505
15349				
15350				
15351	

---------------------------------
plain	jelly	coconut	honey-dip
			15645
	15526			
15463				
			15646
		15502		
15464				
			15647
	15527			
	15528			
15465				
15466				
15467	

---------------------------------
plain	jelly	coconut	honey-dip
			15746
15587				
		15631		
		15632		
			15747
		15633		
15588				
			15748
			15749
		15634		
	15628			
	15629	

---------------------------------
plain	jelly	coconut	honey-dip
			15897
15726				
15727				
			15898
		15775		
			15899
15728				
	15770			
15729				
	15771			
			15900
		15776	

---------------------------------
plain	jelly	coconut	honey-dip
15871				
15872				
	15915			
15873				
	15916			
			16022
15874				
	15917			
	15918			
			16023
		15924		
		15925	

---------------------------------
plain	jelly	coconut	honey-dip
	16081			
		16076		
			16180
	16082			
16043				
		16077		
		16078		
16044				
		16079		
16045				
			16181
		16080	

---------------------------------
plain	jelly	coconut	honey-dip
16201				
			16331
			16332
			16333
			16334
			16335
			16336
			16337
			16338
		16238		
		16239		
16202	

---------------------------------
plain	jelly	coconut	honey-dip
			16449
	16355			
			16450
			16451
			16452
		16361		
16307				
		16362		
		16363		
			16453
		16364		
	16356	

---------------------------------
plain	jelly	coconut	honey-dip
	16556			
			16615
	16557			
			16616
16486				
	16558			
			16617
	16559			
16487				
	16560			
16488				
	16561	

---------------------------------
plain	jelly	coconut	honey-dip
			16732
			16733
	16668			
	16669			
	16670			
			16734
16593				
		16655		
			16735
			16736
16594				
16595	

---------------------------------
plain	jelly	coconut	honey-dip
		16752		
16716				
		16753		
16717				
		16754		
			16854
16718				
	16782			
	16783			
	16784			
	16785			
		16755	

---------------------------------
plain	jelly	coconut	honey-dip
			16996
			16997
		16904		
	16926			
			16998
16890				
16891				
16892				
16893				
	16927			
16894				
16895	

---------------------------------
plain	jelly	coconut	honey-dip
			17190
		17128		
	17114			
			17191
		17129		
			17192
17076				
			17193
		17130		
		17131		
		17132		
		17133	

---------------------------------
plain	jelly	coconut	honey-dip
	17276			
17246				
	17277			
	17278			
		17311		
			17347
17247				
	17279			
		17312		
		17313		
			17348
17248	

---------------------------------
plain	jelly	coconut	honey-dip
	17570			
	17571			
17522				
	17572			
		17598		
	17573			
	17574			
17523				
	17575			
17524				
		17599		
	17576	

---------------------------------
plain	jelly	coconut	honey-dip
		17722		
		17723		
		17724		
	17690			
			17747
			17748
		17725		
		17726		
			17749
	17691			
		17727		
			17750


---------------------------------
plain	jelly	coconut	honey-dip
	17836			
		17887		
	17837			
			17881
	17838			
		17888		
17820				
17821				
		17889		
			17882
		17890		
	17839	

---------------------------------
plain	jelly	coconut	honey-dip
	18017			
			18066
			18067
		18077		
		18078		
18008				
			18068
18009				
	18018			
18010				
		18079		
18011	

---------------------------------
plain	jelly	coconut	honey-dip
18143				
			18192
			18193
18144				
18145				
	18167			
		18206		
	18168			
	18169			
	18170			
			18194
	18171	

---------------------------------
plain	jelly	coconut	honey-dip
	18299			
18276				
	18300			
	18301			
	18302			
			18301
			18302
			18303
		18324		
			18304
		18325		
	18303	

---------------------------------
plain	jelly	coconut	honey-dip
		18459		
			18440
18404				
		18460		
		18461		
	18425			
	18426			
		18462		
		18463		
18405				
	18427			
		18464	

---------------------------------
plain	jelly	coconut	honey-dip
	18568			
		18634		
		18635		
		18636		
			18583
	18569			
18579				
			18584
18580				
		18637		
		18638		
	18570	

---------------------------------
plain	jelly	coconut	honey-dip
		18782		
	18723			
			18734
	18724			
18713				
	18725			
			18735
	18726			
			18736
	18727			
	18728			
	18729	

---------------------------------
plain	jelly	coconut	honey-dip
	18858			
		18906		
		18907		
			18868
18872				
			18869
18873				
		18908		
	18859			
			18870
	18860			
			18871


---------------------------------
plain	jelly	coconut	honey-dip
			18981
	18983			
		19043		
19013				
19014				
	18984			
19015				
		19044		
			18982
19016				
		19045		
	18985	

---------------------------------
plain	jelly	coconut	honey-dip
		19164		
		19165		
	19116			
			19141
			19142
	19117			
		19166		
		19167		
		19168		
	19118			
		19169		
	19119	

---------------------------------
plain	jelly	coconut	honey-dip
			19309
			19310
19309				
	19263			
19310				
			19311
			19312
			19313
	19264			
		19339		
		19340		
		19341	

---------------------------------
plain	jelly	coconut	honey-dip
19444				
		19463		
			19453
			19454
		19464		
19445				
19446				
	19388			
		19465		
19447				
	19389			
		19466	

---------------------------------
plain	jelly	coconut	honey-dip
			19609
			19610
		19605		
	19538			
		19606		
			19611
19608				
		19607		
			19612
	19539			
	19540			
			19613


---------------------------------
plain	jelly	coconut	honey-dip
		19746		
19738				
	19676			
		19747		
19739				
			19752
19740				
			19753
19741				
			19754
	19677			
	19678	

---------------------------------
plain	jelly	coconut	honey-dip
			19875
		19895		
	19799			
	19800			
19871				
19872				
		19896		
		19897		
		19898		
19873				
			19876
	19801	

---------------------------------
plain	jelly	coconut	honey-dip
			20024
	19918			
	19919			
	19920			
19987				
19988				
		20027		
19989				
			20025
	19921			
		20028		
19990	

---------------------------------
plain	jelly	coconut	honey-dip
	20055			
	20056			
20106				
20107				
20108				
	20057			
	20058			
			20148
20109				
		20139		
20110				
			20149


---------------------------------
plain	jelly	coconut	honey-dip
		20255		
		20256		
20225				
20226				
	20183			
20227				
			20253
20228				
			20254
	20184			
			20255
		20257	

---------------------------------
plain	jelly	coconut	honey-dip
	20384			
	20385			
	20386			
			20474
			20475
		20499		
			20476
	20387			
			20477
			20478
		20500		
	20388	

---------------------------------
plain	jelly	coconut	honey-dip
20570				
	20516			
20571				
	20517			
		20633		
			20625
			20626
	20518			
	20519			
			20627
20572				
		20634	

---------------------------------
plain	jelly	coconut	honey-dip
20693				
		20770		
20694				
20695				
	20643			
	20644			
	20645			
		20771		
			20742
			20743
20696				
		20772	

---------------------------------
plain	jelly	coconut	honey-dip
			20882
		20906		
			20883
		20907		
			20884
		20908		
		20909		
	20764			
20860				
	20765			
20861				
			20885


---------------------------------
plain	jelly	coconut	honey-dip
21030				
		21063		
21031				
21032				
		21064		
	20903			
	20904			
		21065		
		21066		
			21040
21033				
		21067	

---------------------------------
plain	jelly	coconut	honey-dip
	21123			
			21252
21240				
21241				
	21124			
21242				
	21125			
			21253
	21126			
			21254
		21285		
		21286	

---------------------------------
plain	jelly	coconut	honey-dip
	21244			
	21245			
21352				
		21397		
	21246			
			21387
21353				
		21398		
21354				
		21399		
21355				
21356	

---------------------------------
plain	jelly	coconut	honey-dip
21502				
		21542		
21503				
21504				
	21373			
		21543		
21505				
		21544		
			21515
	21374			
			21516
21506	

---------------------------------
plain	jelly	coconut	honey-dip
21648				
21649				
		21666		
		21667		
			21643
21650				
	21503			
		21668		
21651				
	21504			
			21644
		21669	

---------------------------------
plain	jelly	coconut	honey-dip
		21869		
	21711			
	21712			
21848				
			21848
21849				
21850				
	21713			
			21849
21851				
21852				
		21870	

---------------------------------
plain	jelly	coconut	honey-dip
		22056		
22017				
22018				
			22011
			22012
	21888			
			22013
			22014
22019				
22020				
22021				
	21889	

---------------------------------
plain	jelly	coconut	honey-dip
22147				
	22035			
			22137
	22036			
	22037			
		22181		
	22038			
		22182		
			22138
	22039			
		22183		
22148	

---------------------------------
plain	jelly	coconut	honey-dip
	22176			
			22268
		22340		
			22269
			22270
22280				
	22177			
		22341		
22281				
22282				
22283				
		22342	

---------------------------------
plain	jelly	coconut	honey-dip
		22475		
	22300			
		22476		
22399				
22400				
22401				
			22382
		22477		
22402				
		22478		
	22301			
			22383


---------------------------------
plain	jelly	coconut	honey-dip
22578				
			22566
22579				
	22498			
22580				
		22646		
22581				
			22567
	22499			
22582				
			22568
	22500	

---------------------------------
plain	jelly	coconut	honey-dip
22701				
			22688
22702				
			22689
	22638			
			22690
22703				
			22691
			22692
22704				
			22693
			22694


---------------------------------
plain	jelly	coconut	honey-dip
	22768			
			22822
			22823
		22872		
22822				
			22824
		22873		
22823				
22824				
22825				
		22874		
	22769	

---------------------------------
plain	jelly	coconut	honey-dip
	22884			
			22966
		22995		
			22967
22943				
		22996		
			22968
22944				
		22997		
			22969
22945				
	22885	

---------------------------------
plain	jelly	coconut	honey-dip
	23014			
23091				
23092				
		23142		
	23015			
	23016			
			23081
23093				
			23082
	23017			
23094				
	23018	

---------------------------------
plain	jelly	coconut	honey-dip
		23269		
23205				
		23270		
23206				
		23271		
		23272		
	23144			
23207				
		23273		
		23274		
	23145			
			23202


---------------------------------
plain	jelly	coconut	honey-dip
		23442		
		23443		
		23444		
23355				
		23445		
		23446		
		23447		
	23319			
		23448		
23356				
23357				
			23364


---------------------------------
plain	jelly	coconut	honey-dip
		23688		
		23689		
	23543			
23581				
		23690		
			23580
		23691		
			23581
23582				
	23544			
		23692		
23583	

---------------------------------
plain	jelly	coconut	honey-dip
		23825		
	23680			
		23826		
			23727
23736				
		23827		
			23728
			23729
		23828		
			23730
23737				
23738	

---------------------------------
plain	jelly	coconut	honey-dip
			23939
			23940
	23887			
		24053		
		24054		
		24055		
			23941
	23888			
	23889			
		24056		
		24057		
		24058	

---------------------------------
plain	jelly	coconut	honey-dip
	24075			
	24076			
	24077			
24101				
	24078			
		24241		
	24079			
			24111
			24112
24102				
	24080			
		24242	

---------------------------------
plain	jelly	coconut	honey-dip
		24421		
		24422		
			24289
24300				
	24286			
		24423		
24301				
		24424		
24302				
	24287			
		24425		
24303	

---------------------------------
plain	jelly	coconut	honey-dip
	24428			
			24411
			24412
		24575		
			24413
24458				
	24429			
		24576		
24459				
		24577		
24460				
			24414


---------------------------------
plain	jelly	coconut	honey-dip
24583				
24584				
24585				
		24718		
		24719		
24586				
		24720		
	24570			
			24529
24587				
		24721		
24588	

---------------------------------
plain	jelly	coconut	honey-dip
		24849		
		24850		
24712				
24713				
			24660
		24851		
			24661
24714				
	24731			
			24662
		24852		
			24663


---------------------------------
plain	jelly	coconut	honey-dip
		24971		
		24972		
		24973		
24899				
	24874			
			24820
	24875			
	24876			
24900				
	24877			
		24974		
			24821


---------------------------------
plain	jelly	coconut	honey-dip
			25040
25091				
	25095			
			25041
	25096			
			25042
		25190		
		25191		
		25192		
25092				
		25193		
			25043


---------------------------------
plain	jelly	coconut	honey-dip
25249				
	25251			
			25186
	25252			
25250				
25251				
		25354		
			25187
25252				
			25188
		25355		
	25253	

---------------------------------
plain	jelly	coconut	honey-dip
		25540		
			25352
			25353
		25541		
		25542		
		25543		
25403				
25404				
	25405			
	25406			
		25544		
	25407	

---------------------------------
plain	jelly	coconut	honey-dip
25541				
			25504
			25505
			25506
	25550			
25542				
25543				
		25705		
	25551			
	25552			
			25507
			25508


---------------------------------
plain	jelly	coconut	honey-dip
		25834		
	25689			
	25690			
	25691			
			25646
			25647
25671				
25672				
			25648
			25649
	25692			
	25693	

---------------------------------
plain	jelly	coconut	honey-dip
			25783
			25784
25784				
	25803			
	25804			
		25962		
	25805			
			25785
		25963		
25785				
25786				
	25806	

---------------------------------
plain	jelly	coconut	honey-dip
			25896
	25914			
25903				
			25897
			25898
25904				
	25915			
		26075		
	25916			
25905				
25906				
25907	

---------------------------------
plain	jelly	coconut	honey-dip
	26036			
		26202		
26025				
	26037			
		26203		
		26204		
26026				
26027				
26028				
26029				
	26038			
26030	

---------------------------------
plain	jelly	coconut	honey-dip
			26121
26116				
	26125			
	26126			
26117				
		26326		
	26127			
			26122
			26123
			26124
			26125
26118	

---------------------------------
plain	jelly	coconut	honey-dip
			26241
	26236			
	26237			
			26242
		26433		
		26434		
			26243
	26238			
	26239			
26234				
			26244
	26240	

---------------------------------
plain	jelly	coconut	honey-dip
	26365			
	26366			
26357				
	26367			
			26338
		26552		
26358				
			26339
		26553		
		26554		
26359				
		26555	

---------------------------------
plain	jelly	coconut	honey-dip
			26479
26473				
			26480
	26493			
		26707		
			26481
	26494			
		26708		
26474				
26475				
		26709		
	26495	

---------------------------------
plain	jelly	coconut	honey-dip
26610				
		26820		
		26821		
26611				
26612				
	26605			
	26606			
			26585
26613				
			26586
	26607			
	26608	

---------------------------------
plain	jelly	coconut	honey-dip
		26937		
			26708
26735				
	26720			
			26709
	26721			
26736				
			26710
		26938		
26737				
	26722			
			26711


---------------------------------
plain	jelly	coconut	honey-dip
			26808
	26830			
			26809
	26831			
		27041		
26829				
26830				
26831				
	26832			
26832				
	26833			
	26834	

---------------------------------
plain	jelly	coconut	honey-dip
26941				
	26948			
	26949			
			26931
26942				
	26950			
			26932
26943				
26944				
26945				
		27168		
		27169	

---------------------------------
plain	jelly	coconut	honey-dip
		27357		
27149				
			27110
27150				
	27104			
	27105			
			27111
		27358		
			27112
27151				
		27359		
	27106	

---------------------------------
plain	jelly	coconut	honey-dip
	27203			
			27226
27282				
27283				
		27465		
	27204			
27284				
			27227
		27466		
27285				
			27228
	27205	

---------------------------------
plain	jelly	coconut	honey-dip
	27312			
			27334
		27578		
	27313			
		27579		
		27580		
27408				
			27335
		27581		
27409				
			27336
	27314	

---------------------------------
plain	jelly	coconut	honey-dip
27524				
			27430
		27688		
	27410			
		27689		
	27411			
	27412			
	27413			
	27414			
27525				
	27415			
		27690	

---------------------------------
plain	jelly	coconut	honey-dip
			27571
	27564			
			27572
			27573
			27574
		27812		
			27575
		27813		
			27576
			27577
		27814		
	27565	

---------------------------------
plain	jelly	coconut	honey-dip
		27879		
			27664
	27663			
			27665
27782				
	27664			
	27665			
		27880		
			27666
		27881		
	27666			
	27667	

---------------------------------
plain	jelly	coconut	honey-dip
			27809
			27810
			27811
		28035		
		28036		
			27812
27916				
	27828			
			27813
			27814
	27829			
	27830	

---------------------------------
plain	jelly	coconut	honey-dip
		28132		
			27911
		28133		
	27928			
	27929			
28025				
			27912
28026				
	27930			
	27931			
		28134		
		28135	

---------------------------------
plain	jelly	coconut	honey-dip
			28082
		28281		
	28120			
		28282		
		28283		
			28083
	28121			
28185				
			28084
			28085
28186				
28187	

---------------------------------
plain	jelly	coconut	honey-dip
	28176			
28273				
			28160
		28359		
			28161
28274				
28275				
	28177			
			28162
			28163
28276				
		28360	

---------------------------------
plain	jelly	coconut	honey-dip
28396				
28397				
28398				
		28448		
28399				
		28449		
		28450		
	28263			
28400				
			28245
			28246
		28451	

---------------------------------
plain	jelly	coconut	honey-dip
		28525		
28472				
	28350			
28473				
		28526		
28474				
			28317
			28318
	28351			
			28319
	28352			
			28320


---------------------------------
plain	jelly	coconut	honey-dip
		28649		
			28429
		28650		
			28430
		28651		
		28652		
28588				
		28653		
28589				
28590				
			28431
			28432


