---------------------------------
plain	jelly	coconut	honey-dip
30				
		43		
		44		
			27
	32			
31				
			28
32				
		45		
33				
34				
			29


---------------------------------
plain	jelly	coconut	honey-dip
		76		
71				
		77		
	73			
	74			
72				
73				
74				
		78		
	75			
	76			
		79	

---------------------------------
plain	jelly	coconut	honey-dip
			89
	106			
103				
104				
		110		
		111		
	107			
			90
	108			
		112		
	109			
		113	

---------------------------------
plain	jelly	coconut	honey-dip
145				
			119
146				
		142		
147				
148				
149				
			120
150				
	134			
	135			
	136	

---------------------------------
plain	jelly	coconut	honey-dip
180				
			149
181				
182				
	164			
183				
	165			
184				
			150
		179		
	166			
185	

---------------------------------
plain	jelly	coconut	honey-dip
			192
		217		
		218		
	211			
		219		
	212			
	213			
232				
233				
			193
		220		
		221	

---------------------------------
plain	jelly	coconut	honey-dip
		262		
262				
		263		
263				
		264		
264				
265				
			238
	258			
			239
		265		
266	

---------------------------------
plain	jelly	coconut	honey-dip
			272
		302		
		303		
		304		
		305		
	288			
		306		
		307		
	289			
		308		
			273
302	

---------------------------------
plain	jelly	coconut	honey-dip
329				
			307
			308
330				
	324			
331				
		336		
			309
			310
332				
			311
	325	

---------------------------------
plain	jelly	coconut	honey-dip
			353
		372		
	366			
			354
373				
			355
	367			
		373		
			356
			357
			358
			359


---------------------------------
plain	jelly	coconut	honey-dip
443				
		456		
444				
		457		
		458		
		459		
		460		
			434
	443			
			435
			436
445	

---------------------------------
plain	jelly	coconut	honey-dip
			495
		527		
	518			
	519			
524				
			496
			497
	520			
	521			
	522			
	523			
		528	

---------------------------------
plain	jelly	coconut	honey-dip
	569			
573				
			547
	570			
			548
574				
575				
			549
		555		
576				
		556		
577	

---------------------------------
plain	jelly	coconut	honey-dip
		637		
		638		
	628			
			611
			612
		639		
632				
			613
	629			
		640		
	630			
	631	

---------------------------------
plain	jelly	coconut	honey-dip
			671
	693			
	694			
	695			
	696			
			672
	697			
682				
	698			
		690		
683				
684	

---------------------------------
plain	jelly	coconut	honey-dip
	757			
			747
	758			
742				
			748
743				
	759			
744				
			749
			750
	760			
			751


---------------------------------
plain	jelly	coconut	honey-dip
		824		
			796
			797
783				
784				
		825		
			798
		826		
			799
785				
		827		
		828	

---------------------------------
plain	jelly	coconut	honey-dip
			867
			868
			869
			870
			871
853				
	861			
	862			
		875		
		876		
	863			
			872


---------------------------------
plain	jelly	coconut	honey-dip
			938
		945		
924				
		946		
			939
			940
			941
			942
925				
926				
			943
927	

---------------------------------
plain	jelly	coconut	honey-dip
989				
990				
991				
	991			
992				
		1015		
	992			
		1016		
			1013
	993			
	994			
	995	

---------------------------------
plain	jelly	coconut	honey-dip
			1075
1050				
	1081			
		1078		
		1079		
1051				
		1080		
		1081		
		1082		
		1083		
1052				
	1082	

---------------------------------
plain	jelly	coconut	honey-dip
			1142
1127				
		1157		
1128				
			1143
			1144
	1170			
1129				
	1171			
			1145
		1158		
	1172	

---------------------------------
plain	jelly	coconut	honey-dip
			1230
1214				
			1231
		1243		
	1269			
		1244		
	1270			
		1245		
	1271			
			1232
	1272			
1215	

---------------------------------
plain	jelly	coconut	honey-dip
	1337			
	1338			
			1308
1286				
	1339			
			1309
	1340			
			1310
			1311
	1341			
	1342			
	1343	

---------------------------------
plain	jelly	coconut	honey-dip
		1394		
1346				
1347				
		1395		
		1396		
			1357
			1358
		1397		
		1398		
	1399			
			1359
		1399	

---------------------------------
plain	jelly	coconut	honey-dip
1453				
1454				
	1511			
	1512			
		1501		
1455				
	1513			
			1487
		1502		
	1514			
1456				
		1503	

---------------------------------
plain	jelly	coconut	honey-dip
			1624
	1631			
		1619		
		1620		
			1625
		1621		
		1622		
			1626
		1623		
1582				
	1632			
			1627


---------------------------------
plain	jelly	coconut	honey-dip
1695				
1696				
	1749			
	1750			
1697				
		1724		
		1725		
		1726		
	1751			
	1752			
1698				
		1727	

---------------------------------
plain	jelly	coconut	honey-dip
	1826			
	1827			
1787				
			1826
		1809		
1788				
	1828			
			1827
1789				
		1810		
			1828
1790	

---------------------------------
plain	jelly	coconut	honey-dip
		1913		
			1937
			1938
	1932			
	1933			
			1939
			1940
			1941
			1942
			1943
		1914		
	1934	

---------------------------------
plain	jelly	coconut	honey-dip
		1988		
			2042
			2043
		1989		
1989				
1990				
	2021			
		1990		
			2044
		1991		
		1992		
1991	

---------------------------------
plain	jelly	coconut	honey-dip
	2124			
		2103		
		2104		
			2146
	2125			
2087				
	2126			
			2147
		2105		
	2127			
		2106		
			2148


---------------------------------
plain	jelly	coconut	honey-dip
	2231			
	2232			
			2248
		2215		
			2249
		2216		
2186				
			2250
		2217		
			2251
			2252
		2218	

---------------------------------
plain	jelly	coconut	honey-dip
2304				
	2349			
		2344		
2305				
		2345		
	2350			
2306				
		2346		
			2363
2307				
			2364
			2365


---------------------------------
plain	jelly	coconut	honey-dip
	2468			
			2476
2437				
2438				
	2469			
		2459		
		2460		
		2461		
		2462		
	2470			
2439				
			2477


---------------------------------
plain	jelly	coconut	honey-dip
2545				
			2608
	2593			
		2574		
			2609
			2610
	2594			
	2595			
			2611
2546				
		2575		
2547	

---------------------------------
plain	jelly	coconut	honey-dip
2633				
2634				
		2684		
	2689			
			2710
	2690			
2635				
		2685		
2636				
	2691			
			2711
			2712


---------------------------------
plain	jelly	coconut	honey-dip
2763				
2764				
		2810		
	2791			
		2811		
2765				
			2844
2766				
	2792			
	2793			
			2845
		2812	

---------------------------------
plain	jelly	coconut	honey-dip
	2918			
			2962
		2933		
	2919			
			2963
	2920			
2911				
			2964
2912				
2913				
			2965
2914	

---------------------------------
plain	jelly	coconut	honey-dip
		3025		
	3002			
		3026		
	3003			
		3027		
3012				
			3069
3013				
		3028		
		3029		
3014				
	3004	

---------------------------------
plain	jelly	coconut	honey-dip
			3211
	3142			
			3212
3163				
			3213
3164				
3165				
3166				
3167				
		3156		
		3157		
3168	

---------------------------------
plain	jelly	coconut	honey-dip
	3253			
3275				
		3255		
	3254			
			3333
3276				
3277				
	3255			
3278				
3279				
			3334
			3335


---------------------------------
plain	jelly	coconut	honey-dip
3396				
3397				
			3466
			3467
3398				
3399				
			3468
	3376			
3400				
		3382		
	3377			
		3383	

---------------------------------
plain	jelly	coconut	honey-dip
		3519		
3509				
			3577
3510				
	3471			
	3472			
3511				
3512				
	3473			
		3520		
			3578
	3474	

---------------------------------
plain	jelly	coconut	honey-dip
3619				
	3595			
3620				
		3653		
	3596			
		3654		
3621				
3622				
	3597			
			3701
3623				
3624	

---------------------------------
plain	jelly	coconut	honey-dip
			3828
		3768		
			3829
		3769		
		3770		
3723				
	3729			
3724				
		3771		
	3730			
			3830
3725	

---------------------------------
plain	jelly	coconut	honey-dip
			4011
3898				
3899				
			4012
		3936		
		3937		
			4013
			4014
			4015
			4016
3900				
	3935	

---------------------------------
plain	jelly	coconut	honey-dip
	4049			
4033				
	4050			
	4051			
	4052			
		4049		
	4053			
			4117
	4054			
4034				
4035				
		4050	

---------------------------------
plain	jelly	coconut	honey-dip
			4230
		4159		
		4160		
4155				
		4161		
4156				
		4162		
		4163		
			4231
		4164		
			4232
		4165	

---------------------------------
plain	jelly	coconut	honey-dip
		4327		
4299				
		4328		
			4385
4300				
	4317			
			4386
4301				
			4387
4302				
		4329		
		4330	

---------------------------------
plain	jelly	coconut	honey-dip
	4460			
4439				
			4530
			4531
		4451		
			4532
		4452		
4440				
	4461			
		4453		
4441				
			4533


---------------------------------
plain	jelly	coconut	honey-dip
4642				
			4730
			4731
		4662		
			4732
4643				
	4650			
	4651			
			4733
4644				
4645				
		4663	

---------------------------------
plain	jelly	coconut	honey-dip
			4786
4710				
		4714		
4711				
4712				
4713				
4714				
	4726			
			4787
			4788
	4727			
		4715	

---------------------------------
plain	jelly	coconut	honey-dip
4854				
	4858			
	4859			
	4860			
			4903
	4861			
4855				
	4862			
		4813		
4856				
		4814		
			4904


---------------------------------
plain	jelly	coconut	honey-dip
	5026			
	5027			
	5028			
5003				
		4995		
		4996		
	5029			
5004				
	5030			
5005				
5006				
	5031	

---------------------------------
plain	jelly	coconut	honey-dip
5116				
			5186
	5159			
5117				
		5119		
5118				
5119				
		5120		
	5160			
5120				
5121				
			5187


---------------------------------
plain	jelly	coconut	honey-dip
		5340		
		5341		
		5342		
		5343		
	5392			
		5344		
		5345		
	5393			
	5394			
			5395
			5396
			5397


---------------------------------
plain	jelly	coconut	honey-dip
		5518		
		5519		
	5589			
			5561
		5520		
5532				
		5521		
			5562
			5563
	5590			
		5522		
			5564


---------------------------------
plain	jelly	coconut	honey-dip
			5706
			5707
			5708
	5730			
		5685		
			5709
	5731			
		5686		
	5732			
		5687		
	5733			
		5688	

---------------------------------
plain	jelly	coconut	honey-dip
5829				
	5882			
	5883			
	5884			
	5885			
			5845
5830				
		5820		
	5886			
	5887			
5831				
		5821	

---------------------------------
plain	jelly	coconut	honey-dip
5989				
	6066			
5990				
		5986		
	6067			
		5987		
5991				
	6068			
5992				
			6031
			6032
	6069	

---------------------------------
plain	jelly	coconut	honey-dip
			6174
		6114		
			6175
	6219			
6129				
	6220			
		6115		
	6221			
	6222			
	6223			
		6116		
		6117	

---------------------------------
plain	jelly	coconut	honey-dip
			6351
6297				
6298				
6299				
	6408			
	6409			
		6300		
		6301		
	6410			
		6302		
	6411			
		6303	

---------------------------------
plain	jelly	coconut	honey-dip
	6586			
		6464		
	6587			
		6465		
			6515
	6588			
6451				
			6516
			6517
	6589			
		6466		
6452	

---------------------------------
plain	jelly	coconut	honey-dip
			6635
			6636
6601				
			6637
		6590		
			6638
	6718			
6602				
		6591		
6603				
		6592		
			6639


---------------------------------
plain	jelly	coconut	honey-dip
			6803
6767				
			6804
	6845			
6768				
	6846			
	6847			
			6805
6769				
		6717		
			6806
			6807


---------------------------------
plain	jelly	coconut	honey-dip
			6933
6895				
	6964			
			6934
6896				
	6965			
			6935
6897				
			6936
			6937
6898				
6899	

---------------------------------
plain	jelly	coconut	honey-dip
7036				
	7101			
		6972		
7037				
		6973		
7038				
			7091
		6974		
			7092
	7102			
			7093
			7094


---------------------------------
plain	jelly	coconut	honey-dip
	7292			
7203				
	7293			
7204				
		7159		
7205				
7206				
			7302
	7294			
		7160		
		7161		
	7295	

---------------------------------
plain	jelly	coconut	honey-dip
7319				
7320				
7321				
7322				
			7409
	7422			
	7423			
			7410
			7411
	7424			
	7425			
		7298	

---------------------------------
plain	jelly	coconut	honey-dip
7440				
7441				
		7428		
7442				
7443				
7444				
		7429		
		7430		
	7554			
			7542
	7555			
			7543


---------------------------------
plain	jelly	coconut	honey-dip
		7554		
		7555		
		7556		
			7695
			7696
	7703			
7576				
	7704			
7577				
7578				
		7557		
7579	

---------------------------------
plain	jelly	coconut	honey-dip
			7846
			7847
7704				
		7700		
		7701		
		7702		
		7703		
7705				
			7848
			7849
7706				
		7704	

---------------------------------
plain	jelly	coconut	honey-dip
7871				
		7828		
7872				
	7992			
		7829		
			8013
7873				
		7830		
		7831		
			8014
			8015
	7993	

---------------------------------
plain	jelly	coconut	honey-dip
8072				
	8179			
			8214
			8215
8073				
8074				
	8180			
	8181			
			8216
			8217
8075				
			8218


---------------------------------
plain	jelly	coconut	honey-dip
		8273		
8326				
	8458			
8327				
			8459
		8274		
	8459			
8328				
	8460			
	8461			
	8462			
	8463	

---------------------------------
plain	jelly	coconut	honey-dip
			8595
8469				
		8409		
			8596
8470				
			8597
	8607			
8471				
8472				
			8598
		8410		
		8411	

---------------------------------
plain	jelly	coconut	honey-dip
			8728
8615				
	8731			
			8729
8616				
		8570		
		8571		
			8730
			8731
			8732
		8572		
		8573	

---------------------------------
plain	jelly	coconut	honey-dip
8739				
8740				
			8874
			8875
8741				
			8876
	8870			
8742				
	8871			
		8713		
8743				
8744	

---------------------------------
plain	jelly	coconut	honey-dip
	8982			
		8813		
		8814		
		8815		
8844				
			8977
		8816		
8845				
			8978
8846				
		8817		
8847	

---------------------------------
plain	jelly	coconut	honey-dip
	9121			
			9140
	9122			
		8979		
	9123			
9000				
	9124			
	9125			
			9141
		8980		
	9126			
	9127	

---------------------------------
plain	jelly	coconut	honey-dip
9114				
			9249
	9236			
		9073		
		9074		
9115				
		9075		
		9076		
	9237			
	9238			
9116				
			9250


---------------------------------
plain	jelly	coconut	honey-dip
			9400
	9399			
		9241		
			9401
		9242		
9268				
	9400			
			9402
			9403
			9404
		9243		
	9401	

---------------------------------
plain	jelly	coconut	honey-dip
9407				
	9540			
			9547
	9541			
			9548
9408				
	9542			
			9549
			9550
9409				
			9551
		9390	

---------------------------------
plain	jelly	coconut	honey-dip
	9656			
			9659
			9660
	9657			
			9661
		9514		
		9515		
			9662
	9658			
9535				
		9516		
	9659	

---------------------------------
plain	jelly	coconut	honey-dip
	9785			
	9786			
9673				
	9787			
9674				
		9641		
	9788			
		9642		
			9781
9675				
		9643		
			9782


---------------------------------
plain	jelly	coconut	honey-dip
	9974			
		9826		
			9953
9835				
			9954
	9975			
9836				
9837				
		9827		
		9828		
9838				
	9976	

---------------------------------
plain	jelly	coconut	honey-dip
	10174			
			10145
			10146
			10147
		10015		
10010				
10011				
10012				
			10148
		10016		
10013				
10014	

---------------------------------
plain	jelly	coconut	honey-dip
		10149		
			10286
	10306			
	10307			
10131				
10132				
			10287
		10150		
			10288
			10289
10133				
		10151	

---------------------------------
plain	jelly	coconut	honey-dip
	10450			
			10409
	10451			
10259				
	10452			
		10270		
10260				
		10271		
	10453			
			10410
	10454			
			10411


---------------------------------
plain	jelly	coconut	honey-dip
			10544
			10545
	10589			
	10590			
		10393		
		10394		
		10395		
			10546
10378				
			10547
		10396		
10379	

---------------------------------
plain	jelly	coconut	honey-dip
	10737			
10523				
		10525		
			10683
			10684
			10685
10524				
10525				
	10738			
			10686
10526				
10527	

---------------------------------
plain	jelly	coconut	honey-dip
			10806
			10807
10635				
10636				
10637				
		10636		
			10808
	10847			
			10809
			10810
10638				
10639	

---------------------------------
plain	jelly	coconut	honey-dip
10744				
			10900
10745				
			10901
			10902
		10754		
	10934			
		10755		
		10756		
			10903
			10904
	10935	

---------------------------------
plain	jelly	coconut	honey-dip
10893				
10894				
		10895		
	11072			
			11036
		10896		
		10897		
	11073			
			11037
	11074			
			11038
		10898	

---------------------------------
plain	jelly	coconut	honey-dip
	11225			
11010				
	11226			
11011				
		11041		
	11227			
		11042		
	11228			
		11043		
	11229			
			11184
			11185


---------------------------------
plain	jelly	coconut	honey-dip
		11183		
			11346
		11184		
			11347
	11363			
		11185		
			11348
11156				
			11349
11157				
		11186		
			11350


---------------------------------
plain	jelly	coconut	honey-dip
		11329		
		11330		
11294				
	11502			
		11331		
			11499
		11332		
		11333		
		11334		
		11335		
		11336		
	11503	

---------------------------------
plain	jelly	coconut	honey-dip
	11773			
11551				
		11601		
11552				
11553				
		11602		
11554				
11555				
	11774			
			11767
11556				
		11603	

---------------------------------
plain	jelly	coconut	honey-dip
11727				
		11731		
11728				
	11893			
		11732		
11729				
	11894			
11730				
			11893
	11895			
11731				
			11894


---------------------------------
plain	jelly	coconut	honey-dip
		11861		
		11862		
11856				
		11863		
	12015			
		11864		
11857				
		11865		
			12052
	12016			
		11866		
	12017	

---------------------------------
plain	jelly	coconut	honey-dip
	12206			
			12229
	12207			
	12208			
12070				
		12071		
12071				
	12209			
12072				
12073				
			12230
			12231


---------------------------------
plain	jelly	coconut	honey-dip
			12350
			12351
			12352
		12183		
		12184		
		12185		
12191				
12192				
	12320			
	12321			
		12186		
12193	

---------------------------------
plain	jelly	coconut	honey-dip
			12506
		12324		
		12325		
			12507
12340				
12341				
		12326		
12342				
		12327		
	12450			
12343				
		12328	

---------------------------------
plain	jelly	coconut	honey-dip
			12724
			12725
	12627			
		12534		
	12628			
			12726
	12629			
			12727
		12535		
		12536		
			12728
			12729


---------------------------------
plain	jelly	coconut	honey-dip
			12848
	12756			
		12679		
			12849
			12850
	12757			
12693				
		12680		
12694				
	12758			
12695				
			12851


---------------------------------
plain	jelly	coconut	honey-dip
12823				
12824				
			12974
	12893			
12825				
			12975
			12976
12826				
			12977
			12978
12827				
		12802	

---------------------------------
plain	jelly	coconut	honey-dip
			13085
			13086
12949				
12950				
	12978			
	12979			
		12912		
12951				
	12980			
			13087
12952				
12953	

---------------------------------
plain	jelly	coconut	honey-dip
		13036		
		13037		
	13095			
	13096			
			13191
			13192
		13038		
		13039		
13070				
		13040		
	13097			
			13193


---------------------------------
plain	jelly	coconut	honey-dip
13229				
13230				
13231				
		13191		
			13357
	13275			
13232				
	13276			
	13277			
13233				
		13192		
		13193	

---------------------------------
plain	jelly	coconut	honey-dip
		13326		
			13500
			13501
	13417			
		13327		
		13328		
13385				
13386				
13387				
			13502
	13418			
	13419	

---------------------------------
plain	jelly	coconut	honey-dip
		13463		
13539				
13540				
13541				
			13638
		13464		
			13639
13542				
	13552			
			13640
		13465		
	13553	

---------------------------------
plain	jelly	coconut	honey-dip
13685				
			13777
		13583		
			13778
	13699			
		13584		
	13700			
		13585		
13686				
	13701			
			13779
		13586	

---------------------------------
plain	jelly	coconut	honey-dip
13881				
13882				
13883				
			13994
13884				
	13902			
	13903			
		13795		
			13995
13885				
		13796		
		13797	

---------------------------------
plain	jelly	coconut	honey-dip
	14055			
			14156
	14056			
		13938		
		13939		
	14057			
14011				
14012				
	14058			
		13940		
	14059			
14013	

---------------------------------
plain	jelly	coconut	honey-dip
	14223			
	14224			
			14331
			14332
14174				
			14333
	14225			
			14334
			14335
14175				
			14336
			14337


---------------------------------
plain	jelly	coconut	honey-dip
		14247		
14274				
	14333			
14275				
			14446
14276				
14277				
14278				
			14447
		14248		
14279				
		14249	

---------------------------------
plain	jelly	coconut	honey-dip
		14384		
			14582
14402				
			14583
		14385		
	14460			
		14386		
14403				
		14387		
		14388		
		14389		
		14390	

---------------------------------
plain	jelly	coconut	honey-dip
14578				
14579				
		14584		
			14756
	14630			
		14585		
14580				
		14586		
			14757
			14758
14581				
			14759


---------------------------------
plain	jelly	coconut	honey-dip
		14713		
		14714		
		14715		
	14760			
14695				
			14896
14696				
	14761			
		14716		
		14717		
	14762			
			14897


---------------------------------
plain	jelly	coconut	honey-dip
			15060
		14877		
14864				
			15061
			15062
14865				
14866				
		14878		
		14879		
	14923			
		14880		
14867	

---------------------------------
plain	jelly	coconut	honey-dip
	15119			
		15094		
	15120			
15077				
		15095		
15078				
			15262
			15263
			15264
15079				
15080				
	15121	

---------------------------------
plain	jelly	coconut	honey-dip
15207				
	15240			
15208				
	15241			
		15237		
15209				
		15238		
			15372
15210				
		15239		
15211				
	15242	

---------------------------------
plain	jelly	coconut	honey-dip
		15373		
		15374		
			15506
15352				
	15401			
		15375		
			15507
	15402			
		15376		
15353				
	15403			
15354	

---------------------------------
plain	jelly	coconut	honey-dip
			15650
15471				
	15532			
			15651
			15652
	15533			
		15507		
	15534			
			15653
	15535			
	15536			
			15654


---------------------------------
plain	jelly	coconut	honey-dip
	15681			
			15798
	15682			
15629				
		15688		
	15683			
	15684			
	15685			
	15686			
		15689		
	15687			
			15799


---------------------------------
plain	jelly	coconut	honey-dip
		15815		
		15816		
15769				
	15811			
	15812			
15770				
15771				
		15817		
			15929
		15818		
		15819		
	15813	

---------------------------------
plain	jelly	coconut	honey-dip
		15960		
	15967			
15922				
15923				
		15961		
			16063
		15962		
			16064
	15968			
		15963		
	15969			
	15970	

---------------------------------
plain	jelly	coconut	honey-dip
16066				
		16108		
16067				
	16116			
	16117			
16068				
	16118			
			16210
16069				
		16109		
			16211
	16119	

---------------------------------
plain	jelly	coconut	honey-dip
	16246			
			16339
	16247			
			16340
16203				
16204				
16205				
			16341
16206				
16207				
			16342
		16240	

---------------------------------
plain	jelly	coconut	honey-dip
16314				
		16368		
16315				
16316				
16317				
	16357			
		16369		
			16457
			16458
		16370		
	16358			
			16459


---------------------------------
plain	jelly	coconut	honey-dip
	16510			
		16492		
		16493		
16439				
			16571
		16494		
16440				
		16495		
16441				
16442				
		16496		
		16497	

---------------------------------
plain	jelly	coconut	honey-dip
16607				
		16669		
16608				
			16748
	16684			
			16749
	16685			
16609				
	16686			
			16750
		16670		
16610	

---------------------------------
plain	jelly	coconut	honey-dip
			16872
	16813			
16748				
16749				
	16814			
16750				
			16873
	16815			
			16874
	16816			
		16779		
16751	

---------------------------------
plain	jelly	coconut	honey-dip
			16989
	16920			
16885				
		16898		
16886				
			16990
		16899		
16887				
			16991
		16900		
	16921			
			16992


---------------------------------
plain	jelly	coconut	honey-dip
17030				
17031				
			17125
	17065			
		17072		
		17073		
	17066			
		17074		
	17067			
17032				
			17126
			17127


---------------------------------
plain	jelly	coconut	honey-dip
17161				
	17199			
		17224		
	17200			
	17201			
		17225		
17162				
17163				
	17202			
17164				
			17260
		17226	

---------------------------------
plain	jelly	coconut	honey-dip
		17364		
17301				
	17329			
17302				
			17402
		17365		
	17330			
17303				
		17366		
	17331			
	17332			
		17367	

---------------------------------
plain	jelly	coconut	honey-dip
	17460			
		17518		
17441				
	17461			
17442				
17443				
		17519		
	17462			
17444				
	17463			
17445				
17446	

---------------------------------
plain	jelly	coconut	honey-dip
17552				
17553				
17554				
		17623		
17555				
			17641
17556				
		17624		
		17625		
			17642
			17643
		17626	

---------------------------------
plain	jelly	coconut	honey-dip
		17770		
		17771		
17717				
		17772		
			17800
	17741			
17718				
		17773		
	17742			
17719				
17720				
			17801


---------------------------------
plain	jelly	coconut	honey-dip
		17955		
17873				
			17927
17874				
			17928
			17929
		17956		
		17957		
17875				
			17930
		17958		
	17885	

---------------------------------
plain	jelly	coconut	honey-dip
17991				
	18007			
17992				
		18050		
17993				
17994				
17995				
			18048
			18049
			18050
			18051
	18008	

---------------------------------
plain	jelly	coconut	honey-dip
			18228
18179				
		18233		
		18234		
			18229
18180				
18181				
		18235		
18182				
			18230
	18200			
18183	

---------------------------------
plain	jelly	coconut	honey-dip
			18415
	18401			
		18439		
			18416
	18402			
			18417
		18440		
		18441		
		18442		
			18418
		18443		
		18444	

---------------------------------
plain	jelly	coconut	honey-dip
			18604
18599				
18600				
		18655		
			18605
	18590			
	18591			
	18592			
	18593			
		18656		
18601				
	18594	

---------------------------------
plain	jelly	coconut	honey-dip
	18733			
	18734			
	18735			
			18740
		18785		
18718				
18719				
18720				
			18741
18721				
18722				
			18742


---------------------------------
plain	jelly	coconut	honey-dip
		18957		
18920				
			18915
18921				
18922				
18923				
		18958		
	18916			
	18917			
	18918			
			18916
18924	

---------------------------------
plain	jelly	coconut	honey-dip
19059				
19060				
			19046
		19087		
			19047
			19048
			19049
			19050
	19032			
19061				
			19051
		19088	

---------------------------------
plain	jelly	coconut	honey-dip
19189				
19190				
19191				
19192				
			19189
			19190
			19191
		19220		
19193				
		19221		
			19192
19194	

---------------------------------
plain	jelly	coconut	honey-dip
19366				
		19407		
		19408		
	19318			
19367				
	19319			
	19320			
19368				
19369				
			19369
	19321			
19370	

---------------------------------
plain	jelly	coconut	honey-dip
			19512
19496				
	19436			
	19437			
		19520		
19497				
19498				
			19513
	19438			
19499				
		19521		
	19439	

---------------------------------
plain	jelly	coconut	honey-dip
19618				
19619				
19620				
			19629
			19630
		19624		
	19561			
	19562			
		19625		
		19626		
			19631
19621	

---------------------------------
plain	jelly	coconut	honey-dip
19763				
			19770
		19776		
		19777		
			19771
			19772
		19778		
		19779		
		19780		
19764				
19765				
		19781	

---------------------------------
plain	jelly	coconut	honey-dip
	19837			
			19919
			19920
		19937		
		19938		
	19838			
19915				
		19939		
	19839			
19916				
		19940		
19917	

---------------------------------
plain	jelly	coconut	honey-dip
			20086
			20087
	19990			
			20088
20047				
			20089
20048				
20049				
			20090
			20091
		20073		
			20092


---------------------------------
plain	jelly	coconut	honey-dip
			20200
20159				
		20192		
		20193		
			20201
		20194		
		20195		
		20196		
20160				
		20197		
		20198		
			20202


---------------------------------
plain	jelly	coconut	honey-dip
			20361
		20371		
			20362
			20363
		20372		
		20373		
		20374		
			20364
			20365
	20290			
			20366
			20367


---------------------------------
plain	jelly	coconut	honey-dip
20474				
			20507
			20508
			20509
			20510
		20524		
	20419			
		20525		
		20526		
	20420			
		20527		
		20528	

---------------------------------
plain	jelly	coconut	honey-dip
20620				
20621				
	20574			
		20693		
		20694		
20622				
		20695		
		20696		
20623				
		20697		
			20673
	20575	

---------------------------------
plain	jelly	coconut	honey-dip
20798				
			20824
			20825
		20855		
	20707			
20799				
			20826
20800				
	20708			
			20827
20801				
		20856	

---------------------------------
plain	jelly	coconut	honey-dip
	20833			
		20985		
20946				
20947				
			20960
			20961
		20986		
20948				
			20962
	20834			
			20963
		20987	

---------------------------------
plain	jelly	coconut	honey-dip
			21090
			21091
		21121		
			21092
21087				
			21093
21088				
21089				
	20966			
			21094
		21122		
			21095


---------------------------------
plain	jelly	coconut	honey-dip
			21216
21197				
	21089			
		21242		
21198				
			21217
21199				
		21243		
	21090			
	21091			
	21092			
21200	

---------------------------------
plain	jelly	coconut	honey-dip
			21357
	21225			
	21226			
		21377		
	21227			
		21378		
		21379		
21325				
21326				
21327				
		21380		
	21228	

---------------------------------
plain	jelly	coconut	honey-dip
	21360			
	21361			
		21529		
		21530		
21493				
	21362			
			21502
			21503
		21531		
	21363			
		21532		
		21533	

---------------------------------
plain	jelly	coconut	honey-dip
21751				
		21770		
		21771		
	21609			
			21750
	21610			
	21611			
		21772		
21752				
	21612			
21753				
	21613	

---------------------------------
plain	jelly	coconut	honey-dip
		21898		
	21745			
	21746			
			21877
21876				
		21899		
21877				
		21900		
	21747			
		21901		
		21902		
		21903	

---------------------------------
plain	jelly	coconut	honey-dip
		22066		
		22067		
22035				
		22068		
	21904			
22036				
22037				
22038				
	21905			
22039				
			22027
22040	

---------------------------------
plain	jelly	coconut	honey-dip
			22165
22174				
22175				
			22166
22176				
22177				
		22217		
	22064			
	22065			
22178				
			22167
22179	

---------------------------------
plain	jelly	coconut	honey-dip
			22276
			22277
	22186			
22288				
	22187			
			22278
		22350		
	22188			
22289				
		22351		
22290				
22291	

---------------------------------
plain	jelly	coconut	honey-dip
		22485		
			22395
22412				
		22486		
			22396
			22397
			22398
		22487		
22413				
	22312			
			22399
		22488	

---------------------------------
plain	jelly	coconut	honey-dip
			22533
	22449			
			22534
		22605		
22545				
	22450			
		22606		
	22451			
	22452			
22546				
			22535
	22453	

---------------------------------
plain	jelly	coconut	honey-dip
22672				
	22598			
			22664
	22599			
			22665
22673				
	22600			
	22601			
			22666
22674				
		22738		
			22667


---------------------------------
plain	jelly	coconut	honey-dip
			22782
	22735			
	22736			
	22737			
			22783
	22738			
22792				
22793				
			22784
		22843		
	22739			
22794	

---------------------------------
plain	jelly	coconut	honey-dip
	22849			
		22946		
	22850			
	22851			
			22925
22900				
		22947		
			22926
22901				
			22927
		22948		
	22852	

---------------------------------
plain	jelly	coconut	honey-dip
			23084
	23024			
			23085
	23025			
	23026			
		23147		
		23148		
23097				
23098				
			23086
	23027			
23099	

---------------------------------
plain	jelly	coconut	honey-dip
23259				
		23331		
23260				
23261				
		23332		
23262				
		23333		
			23269
	23213			
		23334		
			23270
	23214	

---------------------------------
plain	jelly	coconut	honey-dip
23377				
	23341			
	23342			
			23377
			23378
	23343			
	23344			
		23469		
		23470		
	23345			
			23379
23378	

---------------------------------
plain	jelly	coconut	honey-dip
23537				
	23496			
	23497			
			23531
		23624		
23538				
23539				
		23625		
		23626		
		23627		
23540				
			23532


---------------------------------
plain	jelly	coconut	honey-dip
			23673
		23761		
		23762		
		23763		
			23674
		23764		
		23765		
23679				
23680				
23681				
	23627			
	23628	

---------------------------------
plain	jelly	coconut	honey-dip
		23970		
			23861
	23807			
			23862
		23971		
			23863
	23808			
	23809			
			23864
		23972		
	23810			
23858	

---------------------------------
plain	jelly	coconut	honey-dip
	24018			
	24019			
		24189		
	24020			
			24059
			24060
		24190		
			24061
			24062
	24021			
		24191		
			24063


---------------------------------
plain	jelly	coconut	honey-dip
	24204			
24216				
	24205			
			24232
24217				
24218				
		24356		
	24206			
	24207			
	24208			
			24233
	24209	

---------------------------------
plain	jelly	coconut	honey-dip
		24502		
24382				
24383				
		24503		
24384				
			24343
			24344
	24369			
		24504		
		24505		
		24506		
			24345


---------------------------------
plain	jelly	coconut	honey-dip
	24536			
			24508
24554				
			24509
24555				
	24537			
	24538			
24556				
	24539			
	24540			
24557				
	24541	

---------------------------------
plain	jelly	coconut	honey-dip
			24669
		24856		
			24670
			24671
			24672
24725				
	24738			
			24673
		24857		
24726				
	24739			
	24740	

---------------------------------
plain	jelly	coconut	honey-dip
	24839			
		24940		
24853				
	24840			
24854				
			24788
24855				
		24941		
	24841			
	24842			
24856				
24857	

---------------------------------
plain	jelly	coconut	honey-dip
24985				
		25074		
24986				
			24920
24987				
		25075		
			24921
			24922
	24969			
		25076		
24988				
		25077	

---------------------------------
plain	jelly	coconut	honey-dip
		25331		
		25332		
	25223			
	25224			
			25160
		25333		
			25161
25230				
			25162
	25225			
		25334		
	25226	

---------------------------------
plain	jelly	coconut	honey-dip
			25283
			25284
		25470		
25347				
		25471		
	25348			
25348				
25349				
		25472		
			25285
		25473		
		25474	

---------------------------------
plain	jelly	coconut	honey-dip
		25632		
		25633		
		25634		
			25447
		25635		
			25448
		25636		
25494				
25495				
	25487			
	25488			
25496	

---------------------------------
plain	jelly	coconut	honey-dip
25625				
			25589
			25590
	25638			
	25639			
		25784		
		25785		
			25591
25626				
		25786		
	25640			
		25787	

---------------------------------
plain	jelly	coconut	honey-dip
		25921		
25759				
		25922		
			25743
			25744
	25777			
25760				
		25923		
		25924		
	25778			
	25779			
25761	

---------------------------------
plain	jelly	coconut	honey-dip
			25955
		26116		
25951				
25952				
		26117		
25953				
			25956
			25957
	25946			
		26118		
25954				
	25947	

---------------------------------
plain	jelly	coconut	honey-dip
	26072			
26062				
	26073			
			26051
		26251		
		26252		
26063				
26064				
			26052
26065				
26066				
26067	

---------------------------------
plain	jelly	coconut	honey-dip
		26368		
			26164
		26369		
			26165
		26370		
			26166
26173				
			26167
			26168
			26169
			26170
	26163	

---------------------------------
plain	jelly	coconut	honey-dip
			26271
			26272
		26459		
			26273
		26460		
	26281			
			26274
26265				
	26282			
26266				
	26283			
26267	

---------------------------------
plain	jelly	coconut	honey-dip
	26414			
	26415			
26400				
		26615		
		26616		
			26387
	26416			
			26388
			26389
		26617		
			26390
	26417	

---------------------------------
plain	jelly	coconut	honey-dip
26590				
26591				
			26572
		26806		
		26807		
	26592			
			26573
26592				
	26593			
		26808		
	26594			
			26574


