---------------------------------
plain	jelly	coconut	honey-dip
	2872			
			2922
		2876		
		2877		
	2873			
2850				
2851				
		2878		
2852				
	2874			
		2879		
2853	

---------------------------------
plain	jelly	coconut	honey-dip
	3208			
			3301
	3209			
3235				
3236				
		3228		
			3302
			3303
		3229		
	3210			
			3304
	3211	

---------------------------------
plain	jelly	coconut	honey-dip
	3337			
			3417
3357				
	3338			
		3341		
			3418
			3419
		3342		
		3343		
			3420
		3344		
	3339	

---------------------------------
plain	jelly	coconut	honey-dip
3480				
	3443			
3481				
		3487		
	3444			
			3546
3482				
3483				
		3488		
	3445			
	3446			
			3547


---------------------------------
plain	jelly	coconut	honey-dip
			3716
	3619			
3643				
	3620			
	3621			
			3717
3644				
		3674		
		3675		
			3718
3645				
	3622	

---------------------------------
plain	jelly	coconut	honey-dip
	3739			
3730				
3731				
		3780		
	3740			
			3835
		3781		
	3741			
		3782		
	3742			
3732				
	3743	

---------------------------------
plain	jelly	coconut	honey-dip
		3901		
		3902		
		3903		
	3907			
			3992
			3993
	3908			
3872				
			3994
			3995
			3996
	3909	

---------------------------------
plain	jelly	coconut	honey-dip
		4073		
		4074		
			4141
	4079			
4063				
			4142
		4075		
	4080			
		4076		
4064				
4065				
			4143


---------------------------------
plain	jelly	coconut	honey-dip
		4226		
4211				
	4222			
		4227		
			4309
	4223			
			4310
4212				
		4228		
			4311
4213				
	4224	

---------------------------------
plain	jelly	coconut	honey-dip
4348				
		4366		
		4367		
4349				
		4368		
4350				
			4429
4351				
4352				
			4430
4353				
	4365	

---------------------------------
plain	jelly	coconut	honey-dip
			4567
		4482		
		4483		
	4500			
4475				
		4484		
4476				
4477				
	4501			
	4502			
			4568
4478	

---------------------------------
plain	jelly	coconut	honey-dip
		4608		
4599				
			4692
		4609		
		4610		
		4611		
4600				
		4612		
	4605			
4601				
	4606			
	4607	

---------------------------------
plain	jelly	coconut	honey-dip
		4815		
			4905
	4863			
		4816		
		4817		
	4864			
4857				
		4818		
4858				
	4865			
	4866			
	4867	

---------------------------------
plain	jelly	coconut	honey-dip
4991				
			5053
		4974		
		4975		
		4976		
			5054
		4977		
			5055
4992				
	5010			
			5056
			5057


---------------------------------
plain	jelly	coconut	honey-dip
	5154			
		5115		
			5184
	5155			
	5156			
			5185
5115				
		5116		
		5117		
	5157			
	5158			
		5118	

---------------------------------
plain	jelly	coconut	honey-dip
	5292			
5230				
	5293			
5231				
	5294			
5232				
			5285
	5295			
		5241		
	5296			
			5286
			5287


---------------------------------
plain	jelly	coconut	honey-dip
		5355		
		5356		
			5414
			5415
	5410			
		5357		
			5416
5361				
			5417
	5411			
5362				
		5358	

---------------------------------
plain	jelly	coconut	honey-dip
	5538			
		5471		
5492				
5493				
			5519
		5472		
		5473		
		5474		
	5539			
5494				
5495				
5496	

---------------------------------
plain	jelly	coconut	honey-dip
	5657			
			5637
			5638
5619				
	5658			
		5611		
5620				
			5639
5621				
		5612		
	5659			
			5640


---------------------------------
plain	jelly	coconut	honey-dip
5729				
			5739
		5725		
5730				
5731				
5732				
	5775			
	5776			
	5777			
	5778			
		5726		
		5727	

---------------------------------
plain	jelly	coconut	honey-dip
			5860
	5904			
	5905			
	5906			
	5907			
	5908			
	5909			
		5837		
	5910			
	5911			
	5912			
5847	

---------------------------------
plain	jelly	coconut	honey-dip
			5966
5933				
			5967
	6015			
	6016			
		5930		
		5931		
	6017			
			5968
		5932		
		5933		
5934	

---------------------------------
plain	jelly	coconut	honey-dip
6071				
		6056		
		6057		
		6058		
	6147			
	6148			
6072				
	6149			
6073				
			6110
	6150			
		6059	

---------------------------------
plain	jelly	coconut	honey-dip
		6198		
6206				
	6310			
	6311			
			6258
		6199		
		6200		
			6259
		6201		
	6312			
		6202		
	6313	

---------------------------------
plain	jelly	coconut	honey-dip
			6421
			6422
		6366		
			6423
6353				
	6480			
		6367		
			6424
6354				
	6481			
6355				
	6482	

---------------------------------
plain	jelly	coconut	honey-dip
	6715			
6597				
6598				
6599				
		6587		
6600				
		6588		
			6633
	6716			
			6634
		6589		
	6717	

---------------------------------
plain	jelly	coconut	honey-dip
		6755		
6801				
		6756		
		6757		
			6845
6802				
			6846
6803				
6804				
6805				
		6758		
			6847


---------------------------------
plain	jelly	coconut	honey-dip
7020				
		6938		
		6939		
	7077			
			7069
		6940		
		6941		
		6942		
7021				
7022				
7023				
			7070


---------------------------------
plain	jelly	coconut	honey-dip
			7299
			7300
	7290			
		7154		
			7301
7201				
		7155		
		7156		
		7157		
	7291			
7202				
		7158	

---------------------------------
plain	jelly	coconut	honey-dip
	7449			
	7450			
7342				
	7451			
			7441
		7324		
	7452			
			7442
			7443
			7444
		7325		
			7445


---------------------------------
plain	jelly	coconut	honey-dip
		7455		
7471				
	7590			
7472				
			7568
			7569
		7456		
			7570
	7591			
	7592			
		7457		
7473	

---------------------------------
plain	jelly	coconut	honey-dip
			7720
		7587		
			7721
	7725			
7604				
		7588		
	7726			
	7727			
		7589		
	7728			
			7722
7605	

---------------------------------
plain	jelly	coconut	honey-dip
	7856			
	7857			
7718				
7719				
	7858			
			7859
		7719		
7720				
7721				
7722				
	7859			
	7860	

---------------------------------
plain	jelly	coconut	honey-dip
		7806		
			7983
7842				
			7984
			7985
	7965			
7843				
		7807		
7844				
	7966			
		7808		
		7809	

---------------------------------
plain	jelly	coconut	honey-dip
		7956		
		7957		
8004				
8005				
8006				
		7958		
		7959		
		7960		
	8115			
8007				
			8145
			8146


---------------------------------
plain	jelly	coconut	honey-dip
	8292			
		8132		
		8133		
	8293			
	8294			
		8134		
	8295			
			8323
	8296			
			8324
8181				
8182	

---------------------------------
plain	jelly	coconut	honey-dip
		8310		
	8504			
8363				
		8311		
	8505			
	8506			
8364				
8365				
			8495
		8312		
		8313		
			8496


---------------------------------
plain	jelly	coconut	honey-dip
8504				
		8443		
			8631
			8632
			8633
8505				
	8634			
		8444		
8506				
	8635			
		8445		
	8636	

---------------------------------
plain	jelly	coconut	honey-dip
	8754			
	8755			
	8756			
8652				
			8763
8653				
	8757			
	8758			
8654				
		8595		
	8759			
	8760	

---------------------------------
plain	jelly	coconut	honey-dip
			8877
			8878
			8879
			8880
8745				
		8714		
		8715		
	8872			
		8716		
8746				
8747				
	8873	

---------------------------------
plain	jelly	coconut	honey-dip
			8995
	8998			
		8838		
	8999			
		8839		
		8840		
		8841		
8869				
8870				
		8842		
		8843		
		8844	

---------------------------------
plain	jelly	coconut	honey-dip
	9174			
9052				
		9020		
		9021		
			9186
			9187
9053				
			9188
		9022		
	9175			
	9176			
9054	

---------------------------------
plain	jelly	coconut	honey-dip
			9365
	9364			
	9365			
9238				
		9209		
			9366
9239				
		9210		
		9211		
			9367
9240				
		9212	

---------------------------------
plain	jelly	coconut	honey-dip
			9569
			9570
		9409		
			9571
			9572
	9559			
9431				
		9410		
			9573
9432				
	9560			
9433	

---------------------------------
plain	jelly	coconut	honey-dip
			9681
		9542		
	9688			
			9682
	9689			
	9690			
	9691			
		9543		
			9683
9561				
			9684
			9685


---------------------------------
plain	jelly	coconut	honey-dip
			9815
		9670		
		9671		
		9672		
			9816
	9807			
9696				
9697				
		9673		
		9674		
		9675		
	9808	

---------------------------------
plain	jelly	coconut	honey-dip
	10038			
	10039			
		9883		
9889				
	10040			
	10041			
	10042			
		9884		
		9885		
9890				
			10018
			10019


---------------------------------
plain	jelly	coconut	honey-dip
		10025		
		10026		
		10027		
	10179			
10020				
			10156
		10028		
	10180			
		10029		
		10030		
10021				
10022	

---------------------------------
plain	jelly	coconut	honey-dip
		10243		
			10373
10227				
			10374
10228				
	10425			
		10244		
			10375
			10376
			10377
	10426			
10229	

---------------------------------
plain	jelly	coconut	honey-dip
			10592
		10442		
	10633			
	10634			
		10443		
	10635			
		10444		
		10445		
			10593
10429				
		10446		
		10447	

---------------------------------
plain	jelly	coconut	honey-dip
		10591		
	10812			
	10813			
10605				
			10772
10606				
	10814			
10607				
			10773
			10774
10608				
		10592	

---------------------------------
plain	jelly	coconut	honey-dip
	10924			
			10887
		10743		
10730				
			10888
			10889
10731				
		10744		
10732				
			10890
			10891
10733	

---------------------------------
plain	jelly	coconut	honey-dip
		10870		
10867				
			11010
			11011
	11053			
			11012
10868				
10869				
		10871		
			11013
		10872		
		10873	

---------------------------------
plain	jelly	coconut	honey-dip
		11027		
	11201			
	11202			
			11167
			11168
			11169
			11170
			11171
	11203			
	11204			
		11028		
	11205	

---------------------------------
plain	jelly	coconut	honey-dip
			11294
11113				
11114				
		11131		
	11318			
11115				
		11132		
11116				
			11295
		11133		
	11319			
11117	

---------------------------------
plain	jelly	coconut	honey-dip
			11436
			11437
			11438
11235				
			11439
11236				
	11462			
11237				
			11440
11238				
11239				
11240	

---------------------------------
plain	jelly	coconut	honey-dip
	11566			
			11537
		11380		
11345				
11346				
	11567			
			11538
	11568			
			11539
			11540
11347				
11348	

---------------------------------
plain	jelly	coconut	honey-dip
		11497		
	11687			
		11498		
			11670
			11671
		11499		
	11688			
			11672
			11673
	11689			
	11690			
	11691	

---------------------------------
plain	jelly	coconut	honey-dip
		11632		
		11633		
			11796
			11797
	11796			
11576				
	11797			
11577				
		11634		
	11798			
11578				
		11635	

---------------------------------
plain	jelly	coconut	honey-dip
	11936			
	11937			
			11945
11774				
	11938			
11775				
	11939			
			11946
			11947
			11948
			11949
11776	

---------------------------------
plain	jelly	coconut	honey-dip
11873				
	12030			
			12070
	12031			
			12071
			12072
	12032			
11874				
	12033			
			12073
11875				
	12034	

---------------------------------
plain	jelly	coconut	honey-dip
	12139			
11988				
		11985		
		11986		
11989				
			12164
		11987		
	12140			
	12141			
			12165
			12166
			12167


---------------------------------
plain	jelly	coconut	honey-dip
			12288
		12116		
		12117		
	12268			
			12289
	12269			
	12270			
12132				
		12118		
			12290
		12119		
		12120	

---------------------------------
plain	jelly	coconut	honey-dip
12276				
			12440
			12441
			12442
		12261		
			12443
			12444
			12445
			12446
	12403			
		12262		
		12263	

---------------------------------
plain	jelly	coconut	honey-dip
	12510			
	12511			
			12592
		12384		
12398				
	12512			
			12593
	12513			
12399				
		12385		
12400				
12401	

---------------------------------
plain	jelly	coconut	honey-dip
12558				
		12578		
12559				
	12656			
			12764
12560				
			12765
		12579		
		12580		
12561				
		12581		
	12657	

---------------------------------
plain	jelly	coconut	honey-dip
12736				
12737				
	12783			
	12784			
			12874
12738				
	12785			
	12786			
12739				
12740				
12741				
			12875


---------------------------------
plain	jelly	coconut	honey-dip
		12830		
		12831		
12857				
		12832		
12858				
			13004
		12833		
		12834		
12859				
12860				
12861				
			13005


---------------------------------
plain	jelly	coconut	honey-dip
	13065			
			13162
	13066			
	13067			
	13068			
		13005		
13040				
			13163
13041				
			13164
	13069			
		13006	

---------------------------------
plain	jelly	coconut	honey-dip
13158				
		13126		
			13284
		13127		
		13128		
13159				
	13184			
13160				
			13285
		13129		
13161				
			13286


---------------------------------
plain	jelly	coconut	honey-dip
13320				
		13263		
	13352			
	13353			
13321				
		13264		
	13354			
	13355			
			13441
13322				
13323				
			13442


---------------------------------
plain	jelly	coconut	honey-dip
13507				
	13531			
13508				
13509				
	13532			
			13617
			13618
13510				
			13619
	13533			
13511				
		13441	

---------------------------------
plain	jelly	coconut	honey-dip
	13747			
	13748			
	13749			
			13831
		13629		
		13630		
	13750			
			13832
			13833
			13834
	13751			
		13631	

---------------------------------
plain	jelly	coconut	honey-dip
			13979
	13892			
			13980
			13981
	13893			
	13894			
		13778		
13863				
13864				
		13779		
		13780		
	13895	

---------------------------------
plain	jelly	coconut	honey-dip
			14127
		13915		
	14032			
		13916		
13990				
			14128
13991				
13992				
			14129
		13917		
13993				
			14130


---------------------------------
plain	jelly	coconut	honey-dip
14114				
14115				
	14161			
			14263
	14162			
		14066		
	14163			
	14164			
			14264
			14265
		14067		
		14068	

---------------------------------
plain	jelly	coconut	honey-dip
14232				
14233				
14234				
			14404
	14278			
			14405
		14194		
14235				
		14195		
	14279			
14236				
			14406


---------------------------------
plain	jelly	coconut	honey-dip
			14544
			14545
			14546
14367				
14368				
14369				
			14547
14370				
	14418			
		14343		
		14344		
		14345	

---------------------------------
plain	jelly	coconut	honey-dip
			14675
		14479		
	14559			
		14480		
		14481		
		14482		
		14483		
	14560			
			14676
		14484		
	14561			
		14485	

---------------------------------
plain	jelly	coconut	honey-dip
			14904
		14725		
14705				
14706				
			14905
14707				
			14906
	14778			
14708				
	14779			
		14726		
			14907


---------------------------------
plain	jelly	coconut	honey-dip
		14862		
			15046
		14863		
	14907			
14849				
			15047
		14864		
	14908			
			15048
14850				
		14865		
	14909	

---------------------------------
plain	jelly	coconut	honey-dip
	15043			
14995				
			15168
14996				
		14998		
		14999		
		15000		
			15169
		15001		
		15002		
14997				
		15003	

---------------------------------
plain	jelly	coconut	honey-dip
	15186			
		15167		
15145				
		15168		
		15169		
	15187			
			15318
15146				
			15319
		15170		
15147				
15148	

---------------------------------
plain	jelly	coconut	honey-dip
			15458
			15459
			15460
			15461
			15462
			15463
15297				
		15319		
15298				
			15464
	15342			
15299	

---------------------------------
plain	jelly	coconut	honey-dip
		15441		
	15465			
		15442		
15401				
	15466			
			15577
		15443		
	15467			
15402				
15403				
			15578
			15579


---------------------------------
plain	jelly	coconut	honey-dip
		15585		
15544				
			15715
15545				
		15586		
		15587		
	15592			
			15716
15546				
		15588		
			15717
15547	

---------------------------------
plain	jelly	coconut	honey-dip
			15840
	15727			
		15728		
15669				
		15729		
		15730		
15670				
	15728			
	15729			
			15841
			15842
			15843


---------------------------------
plain	jelly	coconut	honey-dip
	15923			
	15924			
		15928		
		15929		
15877				
	15925			
	15926			
15878				
15879				
	15927			
		15930		
		15931	

---------------------------------
plain	jelly	coconut	honey-dip
16019				
		16050		
		16051		
			16161
16020				
16021				
16022				
	16066			
	16067			
			16162
16023				
	16068	

---------------------------------
plain	jelly	coconut	honey-dip
16153				
	16187			
	16188			
	16189			
	16190			
			16280
	16191			
	16192			
		16192		
	16193			
16154				
16155	

---------------------------------
plain	jelly	coconut	honey-dip
		16306		
		16307		
	16301			
	16302			
16263				
			16398
16264				
		16308		
			16399
16265				
			16400
16266	

---------------------------------
plain	jelly	coconut	honey-dip
			16528
	16444			
16388				
	16445			
			16529
16389				
16390				
16391				
		16436		
	16446			
		16437		
			16530


---------------------------------
plain	jelly	coconut	honey-dip
		16577		
		16578		
	16583			
		16579		
16515				
	16584			
16516				
			16637
	16585			
			16638
16517				
		16580	

---------------------------------
plain	jelly	coconut	honey-dip
	16726			
16658				
		16712		
	16727			
	16728			
	16729			
			16804
		16713		
16659				
		16714		
	16730			
	16731	

---------------------------------
plain	jelly	coconut	honey-dip
16953				
		16964		
			17049
16954				
16955				
16956				
16957				
16958				
		16965		
16959				
		16966		
		16967	

---------------------------------
plain	jelly	coconut	honey-dip
		17134		
			17194
			17195
17077				
	17115			
17078				
		17135		
			17196
17079				
			17197
		17136		
		17137	

---------------------------------
plain	jelly	coconut	honey-dip
		17300		
17240				
			17331
	17261			
	17262			
		17301		
		17302		
17241				
	17263			
		17303		
			17332
		17304	

---------------------------------
plain	jelly	coconut	honey-dip
		17469		
17390				
17391				
		17470		
			17476
17392				
	17409			
	17410			
	17411			
		17471		
			17477
		17472	

---------------------------------
plain	jelly	coconut	honey-dip
			17615
17516				
		17592		
17517				
	17561			
	17562			
	17563			
		17593		
17518				
			17616
		17594		
	17564	

---------------------------------
plain	jelly	coconut	honey-dip
17670				
	17695			
		17733		
		17734		
	17696			
			17762
17671				
		17735		
			17763
17672				
17673				
17674	

---------------------------------
plain	jelly	coconut	honey-dip
17805				
			17871
		17869		
			17872
	17819			
		17870		
	17820			
		17871		
		17872		
			17873
17806				
	17821	

---------------------------------
plain	jelly	coconut	honey-dip
17934				
17935				
17936				
17937				
	17945			
			17979
	17946			
		17998		
		17999		
			17980
			17981
17938	

---------------------------------
plain	jelly	coconut	honey-dip
18063				
		18126		
		18127		
	18072			
	18073			
18064				
	18074			
			18111
		18128		
	18075			
18065				
18066	

---------------------------------
plain	jelly	coconut	honey-dip
		18251		
			18240
	18209			
			18241
		18252		
			18242
	18210			
	18211			
	18212			
	18213			
	18214			
18200	

---------------------------------
plain	jelly	coconut	honey-dip
18328				
			18358
			18359
18329				
		18374		
18330				
18331				
	18344			
		18375		
			18360
			18361
	18345	

---------------------------------
plain	jelly	coconut	honey-dip
		18510		
18454				
18455				
		18511		
18456				
	18474			
18457				
18458				
			18482
	18475			
18459				
	18476	

---------------------------------
plain	jelly	coconut	honey-dip
			18655
		18711		
	18645			
		18712		
			18656
	18646			
		18713		
			18657
	18647			
	18648			
	18649			
		18714	

---------------------------------
plain	jelly	coconut	honey-dip
		18828		
18787				
	18785			
		18829		
			18804
		18830		
		18831		
			18805
		18832		
18788				
			18806
		18833	

---------------------------------
plain	jelly	coconut	honey-dip
		19010		
18982				
	18958			
		19011		
		19012		
18983				
18984				
	18959			
		19013		
	18960			
			18962
		19014	

---------------------------------
plain	jelly	coconut	honey-dip
			19137
			19138
	19108			
	19109			
	19110			
		19157		
			19139
		19158		
19134				
19135				
		19159		
		19160	

---------------------------------
plain	jelly	coconut	honey-dip
19286				
		19313		
	19239			
		19314		
			19286
	19240			
19287				
		19315		
19288				
		19316		
			19287
			19288


---------------------------------
plain	jelly	coconut	honey-dip
	19385			
	19386			
		19459		
		19460		
		19461		
			19450
			19451
		19462		
	19387			
			19452
19442				
19443	

---------------------------------
plain	jelly	coconut	honey-dip
			19600
	19532			
			19601
		19602		
	19533			
			19602
			19603
	19534			
19602				
			19604
19603				
19604	

---------------------------------
plain	jelly	coconut	honey-dip
			19728
	19649			
	19650			
		19725		
			19729
		19726		
19726				
19727				
	19651			
			19730
			19731
	19652	

---------------------------------
plain	jelly	coconut	honey-dip
			19846
	19768			
			19847
		19865		
	19769			
	19770			
	19771			
		19866		
			19848
19841				
19842				
			19849


---------------------------------
plain	jelly	coconut	honey-dip
	19896			
19960				
			19988
19961				
19962				
			19989
19963				
19964				
			19990
		20004		
19965				
			19991


---------------------------------
plain	jelly	coconut	honey-dip
	20035			
	20036			
	20037			
			20130
		20122		
		20123		
	20038			
	20039			
		20124		
			20131
20089				
			20132


---------------------------------
plain	jelly	coconut	honey-dip
			20340
		20340		
		20341		
			20341
		20342		
20309				
20310				
		20343		
			20342
	20263			
20311				
		20344	

---------------------------------
plain	jelly	coconut	honey-dip
			20488
20454				
20455				
	20399			
			20489
			20490
			20491
20456				
	20400			
		20511		
20457				
	20401	

---------------------------------
plain	jelly	coconut	honey-dip
			20628
		20635		
		20636		
		20637		
		20638		
20573				
	20520			
			20629
		20639		
20574				
	20521			
		20640	

---------------------------------
plain	jelly	coconut	honey-dip
			20776
20735				
			20777
	20672			
	20673			
	20674			
	20675			
20736				
	20676			
			20778
	20677			
	20678	

---------------------------------
plain	jelly	coconut	honey-dip
			20889
20866				
20867				
		20912		
20868				
			20890
	20769			
		20913		
	20770			
			20891
20869				
	20771	

---------------------------------
plain	jelly	coconut	honey-dip
			21008
	20873			
			21009
			21010
			21011
	20874			
20995				
			21012
		21028		
	20875			
		21029		
	20876	

---------------------------------
plain	jelly	coconut	honey-dip
	21022			
	21023			
		21166		
	21024			
		21167		
			21147
			21148
		21168		
		21169		
	21025			
		21170		
21133	

---------------------------------
plain	jelly	coconut	honey-dip
21319				
		21370		
21320				
		21371		
21321				
	21217			
	21218			
	21219			
	21220			
		21372		
	21221			
		21373	

---------------------------------
plain	jelly	coconut	honey-dip
		21523		
			21494
	21354			
			21495
			21496
			21497
	21355			
		21524		
21489				
			21498
			21499
	21356	

---------------------------------
plain	jelly	coconut	honey-dip
		21642		
	21474			
	21475			
	21476			
		21643		
		21644		
21613				
		21645		
21614				
			21611
			21612
	21477	

---------------------------------
plain	jelly	coconut	honey-dip
21775				
	21627			
			21771
			21772
	21628			
		21791		
	21629			
		21792		
		21793		
21776				
		21794		
	21630	

---------------------------------
plain	jelly	coconut	honey-dip
			21902
	21768			
			21903
			21904
		21933		
	21769			
	21770			
	21771			
		21934		
	21772			
21901				
			21905


---------------------------------
plain	jelly	coconut	honey-dip
	21906			
22041				
22042				
	21907			
22043				
			22028
	21908			
			22029
	21909			
		22069		
22044				
		22070	

---------------------------------
plain	jelly	coconut	honey-dip
		22202		
		22203		
			22159
		22204		
	22055			
22168				
		22205		
		22206		
22169				
22170				
	22056			
		22207	

---------------------------------
plain	jelly	coconut	honey-dip
		22397		
		22398		
		22399		
22320				
	22230			
		22400		
			22309
		22401		
			22310
		22402		
	22231			
22321	

---------------------------------
plain	jelly	coconut	honey-dip
	22375			
		22542		
22472				
22473				
		22543		
			22467
		22544		
		22545		
22474				
		22546		
22475				
	22376	

---------------------------------
plain	jelly	coconut	honey-dip
	22536			
	22537			
	22538			
22617				
	22539			
22618				
		22686		
		22687		
	22540			
		22688		
			22605
			22606


---------------------------------
plain	jelly	coconut	honey-dip
22756				
	22703			
		22810		
			22751
		22811		
22757				
		22812		
22758				
	22704			
22759				
22760				
			22752


---------------------------------
plain	jelly	coconut	honey-dip
22902				
		22949		
			22928
22903				
22904				
	22853			
			22929
	22854			
			22930
22905				
		22950		
		22951	

---------------------------------
plain	jelly	coconut	honey-dip
			23048
23054				
			23049
		23111		
			23050
	22983			
23055				
	22984			
	22985			
		23112		
			23051
		23113	

---------------------------------
plain	jelly	coconut	honey-dip
23246				
		23312		
	23188			
23247				
			23254
23248				
		23313		
		23314		
			23255
			23256
		23315		
23249	

---------------------------------
plain	jelly	coconut	honey-dip
	23382			
23423				
	23383			
23424				
			23424
		23515		
			23425
		23516		
23425				
	23384			
			23426
23426	

---------------------------------
plain	jelly	coconut	honey-dip
23632				
			23625
	23594			
		23733		
		23734		
23633				
			23626
		23735		
			23627
23634				
	23595			
	23596	

---------------------------------
plain	jelly	coconut	honey-dip
23782				
			23786
	23721			
			23787
			23788
23783				
		23883		
23784				
			23789
			23790
		23884		
			23791


---------------------------------
plain	jelly	coconut	honey-dip
23887				
		24015		
			23891
23888				
			23892
			23893
			23894
		24016		
23889				
23890				
		24017		
			23895


---------------------------------
plain	jelly	coconut	honey-dip
			24035
24023				
	23992			
	23993			
24024				
		24154		
		24155		
	23994			
		24156		
24025				
		24157		
			24036


---------------------------------
plain	jelly	coconut	honey-dip
			24173
		24307		
	24147			
		24308		
		24309		
	24148			
	24149			
		24310		
24165				
			24174
		24311		
24166	

---------------------------------
plain	jelly	coconut	honey-dip
24324				
	24309			
		24455		
	24310			
		24456		
	24311			
24325				
24326				
		24457		
	24312			
		24458		
		24459	

---------------------------------
plain	jelly	coconut	honey-dip
		24685		
24545				
24546				
			24494
24547				
24548				
	24520			
			24495
	24521			
		24686		
		24687		
		24688	

---------------------------------
plain	jelly	coconut	honey-dip
			24624
			24625
		24810		
		24811		
	24684			
			24626
24678				
			24627
24679				
24680				
	24685			
		24812	

---------------------------------
plain	jelly	coconut	honey-dip
			24765
	24814			
	24815			
			24766
	24816			
	24817			
	24818			
24834				
24835				
			24767
			24768
24836	

---------------------------------
plain	jelly	coconut	honey-dip
		25045		
			24894
	24939			
	24940			
			24895
			24896
	24941			
			24897
	24942			
	24943			
		25046		
	24944	

---------------------------------
plain	jelly	coconut	honey-dip
25061				
		25163		
	25071			
	25072			
		25164		
25062				
			25013
			25014
			25015
			25016
		25165		
		25166	

---------------------------------
plain	jelly	coconut	honey-dip
			25150
		25310		
25217				
	25207			
	25208			
		25311		
			25151
		25312		
25218				
	25209			
			25152
		25313	

---------------------------------
plain	jelly	coconut	honey-dip
		25462		
	25342			
		25463		
	25343			
25342				
		25464		
	25344			
			25278
25343				
		25465		
	25345			
25344	

---------------------------------
plain	jelly	coconut	honey-dip
		25607		
25458				
	25457			
	25458			
		25608		
	25459			
25459				
	25460			
25460				
25461				
			25406
			25407


---------------------------------
plain	jelly	coconut	honey-dip
		25758		
	25612			
25603				
	25613			
			25567
	25614			
		25759		
		25760		
	25615			
25604				
25605				
	25616	

---------------------------------
plain	jelly	coconut	honey-dip
25751				
			25726
		25910		
		25911		
			25727
	25765			
25752				
			25728
25753				
	25766			
		25912		
25754	

---------------------------------
plain	jelly	coconut	honey-dip
25911				
			25901
	25918			
			25902
	25919			
25912				
			25903
			25904
			25905
25913				
		26082		
25914	

---------------------------------
plain	jelly	coconut	honey-dip
		26197		
26023				
			26015
	26033			
		26198		
26024				
	26034			
		26199		
		26200		
			26016
		26201		
	26035	

---------------------------------
plain	jelly	coconut	honey-dip
			26109
	26119			
		26323		
			26110
	26120			
			26111
			26112
			26113
26113				
			26114
		26324		
26114	

---------------------------------
plain	jelly	coconut	honey-dip
	26224			
		26427		
			26232
	26225			
			26233
			26234
	26226			
			26235
		26428		
	26227			
	26228			
		26429	

---------------------------------
plain	jelly	coconut	honey-dip
			26336
		26550		
26351				
26352				
	26363			
26353				
26354				
26355				
	26364			
26356				
			26337
		26551	

---------------------------------
plain	jelly	coconut	honey-dip
26459				
	26488			
26460				
26461				
			26472
		26697		
26462				
	26489			
26463				
		26698		
26464				
		26699	

---------------------------------
plain	jelly	coconut	honey-dip
26596				
			26579
	26596			
			26580
	26597			
	26598			
26597				
			26581
	26599			
26598				
	26600			
26599	

---------------------------------
plain	jelly	coconut	honey-dip
		27031		
			26797
	26816			
		27032		
	26817			
	26818			
			26798
26816				
	26819			
26817				
26818				
		27033	

---------------------------------
plain	jelly	coconut	honey-dip
	26954			
	26955			
	26956			
	26957			
			26935
			26936
		27172		
26951				
26952				
		27173		
		27174		
			26937


---------------------------------
plain	jelly	coconut	honey-dip
	27063			
27094				
		27316		
			27067
			27068
27095				
27096				
		27317		
			27069
			27070
27097				
27098	

---------------------------------
plain	jelly	coconut	honey-dip
		27441		
27250				
		27442		
			27194
	27183			
			27195
			27196
27251				
	27184			
			27197
			27198
	27185	

---------------------------------
plain	jelly	coconut	honey-dip
27371				
		27557		
27372				
			27307
27373				
		27558		
27374				
			27308
	27277			
	27278			
	27279			
	27280	

---------------------------------
plain	jelly	coconut	honey-dip
			27405
	27380			
	27381			
27488				
		27659		
		27660		
		27661		
			27406
		27662		
	27382			
27489				
		27663	

---------------------------------
plain	jelly	coconut	honey-dip
			27521
27620				
		27782		
27621				
	27513			
27622				
27623				
27624				
	27514			
		27783		
		27784		
	27515	

---------------------------------
plain	jelly	coconut	honey-dip
27752				
		27857		
			27640
27753				
		27858		
	27631			
	27632			
			27641
			27642
			27643
27754				
	27633	

---------------------------------
plain	jelly	coconut	honey-dip
		27976		
	27762			
		27977		
	27763			
			27746
	27764			
	27765			
		27978		
			27747
27864				
	27766			
27865	

---------------------------------
plain	jelly	coconut	honey-dip
			27930
28035				
		28143		
		28144		
		28145		
	27948			
		28146		
	27949			
			27931
		28147		
			27932
		28148	

---------------------------------
plain	jelly	coconut	honey-dip
			28048
28154				
			28049
			28050
28155				
		28256		
	28090			
		28257		
28156				
			28051
	28091			
			28052


---------------------------------
plain	jelly	coconut	honey-dip
		28342		
			28139
		28343		
	28163			
	28164			
		28344		
			28140
	28165			
28252				
			28141
			28142
28253	

---------------------------------
plain	jelly	coconut	honey-dip
	28246			
28366				
	28247			
		28424		
		28425		
		28426		
	28248			
			28232
28367				
	28249			
		28427		
		28428	

---------------------------------
plain	jelly	coconut	honey-dip
		28509		
		28510		
	28319			
	28320			
			28298
		28511		
		28512		
	28321			
		28513		
		28514		
	28322			
			28299


---------------------------------
plain	jelly	coconut	honey-dip
		28600		
28543				
	28405			
			28392
28544				
		28601		
	28406			
	28407			
28545				
		28602		
	28408			
		28603	

---------------------------------
plain	jelly	coconut	honey-dip
		28701		
		28702		
			28473
		28703		
	28501			
	28502			
			28474
28637				
	28503			
28638				
		28704		
	28504	

---------------------------------
plain	jelly	coconut	honey-dip
			28545
			28546
		28770		
			28547
	28567			
28718				
			28548
			28549
	28568			
			28550
		28771		
		28772	

---------------------------------
plain	jelly	coconut	honey-dip
		28842		
			28616
			28617
	28626			
		28843		
	28627			
		28844		
			28618
28792				
			28619
		28845		
28793	

---------------------------------
plain	jelly	coconut	honey-dip
			28689
28869				
		28925		
	28705			
28870				
		28926		
	28706			
			28690
28871				
	28707			
	28708			
	28709	

---------------------------------
plain	jelly	coconut	honey-dip
	28799			
28956				
28957				
	28800			
		29033		
			28796
			28797
		29034		
28958				
28959				
28960				
	28801	

---------------------------------
plain	jelly	coconut	honey-dip
29024				
		29105		
			28858
			28859
			28860
			28861
		29106		
			28862
	28861			
	28862			
		29107		
	28863	

---------------------------------
plain	jelly	coconut	honey-dip
	28938			
		29164		
		29165		
		29166		
			28959
		29167		
		29168		
			28960
			28961
			28962
	28939			
	28940	

---------------------------------
plain	jelly	coconut	honey-dip
		29229		
			29033
			29034
			29035
29167				
29168				
		29230		
	28995			
	28996			
29169				
	28997			
29170	

---------------------------------
plain	jelly	coconut	honey-dip
		29346		
29277				
29278				
		29347		
			29157
	29112			
			29158
29279				
		29348		
			29159
	29113			
			29160


---------------------------------
plain	jelly	coconut	honey-dip
		29423		
			29241
	29170			
29370				
			29242
			29243
29371				
	29171			
29372				
29373				
			29244
	29172	

---------------------------------
plain	jelly	coconut	honey-dip
			29313
			29314
29447				
29448				
	29242			
29449				
			29315
			29316
29450				
	29243			
		29478		
		29479	

---------------------------------
plain	jelly	coconut	honey-dip
	29300			
29523				
		29545		
		29546		
			29376
	29301			
			29377
	29302			
29524				
			29378
			29379
		29547	

---------------------------------
plain	jelly	coconut	honey-dip
29595				
	29362			
			29454
		29609		
29596				
	29363			
		29610		
29597				
29598				
	29364			
		29611		
		29612	

---------------------------------
plain	jelly	coconut	honey-dip
29693				
		29717		
		29718		
29694				
		29719		
		29720		
		29721		
		29722		
29695				
	29456			
			29550
		29723	

---------------------------------
plain	jelly	coconut	honey-dip
		29760		
	29498			
		29761		
29730				
		29762		
			29584
29731				
29732				
29733				
		29763		
29734				
		29764	

---------------------------------
plain	jelly	coconut	honey-dip
		29791		
			29619
	29534			
			29620
	29535			
			29621
29760				
			29622
		29792		
	29536			
		29793		
			29623


---------------------------------
plain	jelly	coconut	honey-dip
			29655
29799				
		29820		
			29656
			29657
	29562			
	29563			
		29821		
	29564			
	29565			
			29658
	29566	

---------------------------------
plain	jelly	coconut	honey-dip
		29853		
			29680
			29681
	29594			
	29595			
	29596			
29829				
29830				
			29682
		29854		
			29683
29831	

---------------------------------
plain	jelly	coconut	honey-dip
29867				
			29708
	29638			
29868				
29869				
			29709
	29639			
29870				
	29640			
	29641			
29871				
29872	

---------------------------------
plain	jelly	coconut	honey-dip
		29914		
29900				
29901				
29902				
	29672			
			29746
			29747
			29748
			29749
		29915		
	29673			
		29916	

---------------------------------
plain	jelly	coconut	honey-dip
29924				
		29946		
29925				
	29701			
		29947		
	29702			
	29703			
	29704			
		29948		
			29781
			29782
	29705	

---------------------------------
plain	jelly	coconut	honey-dip
	29731			
	29732			
		29970		
			29811
		29971		
			29812
		29972		
	29733			
		29973		
	29734			
		29974		
	29735	

---------------------------------
plain	jelly	coconut	honey-dip
		29988		
		29989		
29960				
			29830
	29754			
		29990		
	29755			
			29831
	29756			
	29757			
		29991		
29961	

