---------------------------------
plain	jelly	coconut	honey-dip
		359		
	357			
		360		
		361		
		362		
363				
		363		
			337
			338
	358			
		364		
			339


---------------------------------
plain	jelly	coconut	honey-dip
	606			
			586
607				
		601		
		602		
	607			
	608			
			587
		603		
		604		
608				
		605	

---------------------------------
plain	jelly	coconut	honey-dip
	666			
		677		
	667			
			647
			648
		678		
			649
	668			
			650
		679		
			651
662	

---------------------------------
plain	jelly	coconut	honey-dip
	728			
715				
	729			
716				
			712
717				
718				
		725		
			713
			714
		726		
		727	

---------------------------------
plain	jelly	coconut	honey-dip
			786
		806		
		807		
			787
		808		
			788
			789
779				
			790
			791
		809		
	797	

---------------------------------
plain	jelly	coconut	honey-dip
847				
			853
			854
	849			
		871		
	850			
	851			
			855
			856
			857
848				
849	

---------------------------------
plain	jelly	coconut	honey-dip
	912			
			923
	913			
			924
	914			
		927		
	915			
910				
911				
			925
		928		
			926


---------------------------------
plain	jelly	coconut	honey-dip
972				
	981			
			996
		999		
		1000		
	982			
			997
		1001		
	983			
	984			
		1002		
			998


---------------------------------
plain	jelly	coconut	honey-dip
	1070			
	1071			
1046				
1047				
	1072			
	1073			
			1069
	1074			
	1075			
	1076			
1048				
			1070


---------------------------------
plain	jelly	coconut	honey-dip
1102				
	1131			
	1132			
	1133			
1103				
1104				
		1128		
		1129		
			1115
			1116
		1130		
1105	

---------------------------------
plain	jelly	coconut	honey-dip
1161				
1162				
	1201			
	1202			
			1183
		1195		
	1203			
	1204			
		1196		
1163				
	1205			
		1197	

---------------------------------
plain	jelly	coconut	honey-dip
			1262
	1298			
		1277		
			1263
			1264
		1278		
	1299			
	1300			
1239				
			1265
		1279		
	1301	

---------------------------------
plain	jelly	coconut	honey-dip
			1318
		1341		
	1356			
1301				
1302				
		1342		
		1343		
	1357			
			1319
1303				
			1320
			1321


---------------------------------
plain	jelly	coconut	honey-dip
	1457			
			1431
		1458		
			1432
1414				
	1458			
1415				
	1459			
1416				
			1433
	1460			
1417	

---------------------------------
plain	jelly	coconut	honey-dip
			1512
		1519		
	1528			
	1529			
1477				
	1530			
1478				
1479				
	1531			
			1513
1480				
	1532	

---------------------------------
plain	jelly	coconut	honey-dip
		1640		
	1656			
	1657			
		1641		
		1642		
	1658			
		1643		
		1644		
	1659			
		1645		
		1646		
			1645


---------------------------------
plain	jelly	coconut	honey-dip
			1782
1746				
			1783
	1795			
	1796			
	1797			
1747				
			1784
		1781		
	1798			
			1785
			1786


---------------------------------
plain	jelly	coconut	honey-dip
	1909			
			1919
			1920
	1910			
		1896		
1884				
		1897		
		1898		
			1921
	1911			
	1912			
			1922


---------------------------------
plain	jelly	coconut	honey-dip
	1993			
			2022
	1994			
	1995			
1976				
			2023
1977				
			2024
			2025
	1996			
	1997			
			2026


---------------------------------
plain	jelly	coconut	honey-dip
		2076		
2058				
			2109
			2110
		2077		
			2111
2059				
2060				
			2112
2061				
			2113
		2078	

---------------------------------
plain	jelly	coconut	honey-dip
		2176		
		2177		
			2212
		2178		
2155				
		2179		
			2213
			2214
2156				
		2180		
2157				
	2193	

---------------------------------
plain	jelly	coconut	honey-dip
	2321			
	2322			
		2303		
	2323			
	2324			
2264				
			2328
		2304		
		2305		
		2306		
	2325			
	2326	

---------------------------------
plain	jelly	coconut	honey-dip
	2413			
2401				
			2433
			2434
	2414			
2402				
2403				
	2415			
		2413		
			2435
2404				
	2416	

---------------------------------
plain	jelly	coconut	honey-dip
2484				
			2541
			2542
2485				
2486				
		2515		
2487				
2488				
	2528			
	2529			
			2543
			2544


---------------------------------
plain	jelly	coconut	honey-dip
			2650
	2627			
			2651
			2652
		2613		
			2653
2574				
	2628			
		2614		
2575				
2576				
2577	

---------------------------------
plain	jelly	coconut	honey-dip
2798				
2799				
	2832			
			2871
2800				
	2833			
2801				
			2872
	2834			
2802				
	2835			
2803	

---------------------------------
plain	jelly	coconut	honey-dip
			2966
			2967
2915				
2916				
2917				
		2934		
		2935		
	2921			
			2968
2918				
2919				
2920	

---------------------------------
plain	jelly	coconut	honey-dip
	3005			
		3030		
		3031		
		3032		
	3006			
			3070
3015				
3016				
3017				
3018				
3019				
			3071


---------------------------------
plain	jelly	coconut	honey-dip
		3150		
		3151		
			3208
	3136			
3154				
		3152		
	3137			
3155				
			3209
	3138			
3156				
3157	

---------------------------------
plain	jelly	coconut	honey-dip
	3259			
	3260			
	3261			
	3262			
3285				
	3263			
			3343
			3344
3286				
3287				
3288				
		3265	

---------------------------------
plain	jelly	coconut	honey-dip
			3475
		3388		
		3389		
		3390		
3403				
			3476
			3477
			3478
			3479
3404				
		3391		
		3392	

---------------------------------
plain	jelly	coconut	honey-dip
	3509			
	3510			
			3616
3548				
			3617
	3511			
	3512			
	3513			
	3514			
	3515			
		3559		
	3516	

---------------------------------
plain	jelly	coconut	honey-dip
		3690		
3658				
			3729
			3730
			3731
	3635			
			3732
			3733
		3691		
			3734
			3735
		3692	

---------------------------------
plain	jelly	coconut	honey-dip
	3778			
	3779			
3765				
	3780			
			3872
	3781			
	3782			
			3873
			3874
3766				
			3875
			3876


---------------------------------
plain	jelly	coconut	honey-dip
			3986
	3898			
		3894		
		3895		
3870				
			3987
		3896		
		3897		
	3899			
	3900			
	3901			
	3902	

---------------------------------
plain	jelly	coconut	honey-dip
		4026		
			4101
	4023			
		4027		
4002				
			4102
		4028		
4003				
		4029		
			4103
	4024			
		4030	

---------------------------------
plain	jelly	coconut	honey-dip
		4166		
			4233
		4167		
		4168		
			4234
4157				
4158				
		4169		
			4235
		4170		
4159				
			4236


---------------------------------
plain	jelly	coconut	honey-dip
	4313			
			4381
		4318		
4292				
		4319		
4293				
4294				
4295				
4296				
	4314			
			4382
		4320	

---------------------------------
plain	jelly	coconut	honey-dip
			4518
		4443		
			4519
	4447			
4436				
	4448			
			4520
		4444		
	4449			
	4450			
			4521
	4451	

---------------------------------
plain	jelly	coconut	honey-dip
4549				
4550				
4551				
		4552		
			4639
4552				
		4553		
4553				
	4560			
4554				
4555				
			4640


---------------------------------
plain	jelly	coconut	honey-dip
			4901
	4852			
4851				
4852				
		4812		
	4853			
	4854			
	4855			
	4856			
	4857			
			4902
4853	

---------------------------------
plain	jelly	coconut	honey-dip
			5012
		4950		
		4951		
4969				
		4952		
		4953		
4970				
			5013
			5014
4971				
	4989			
4972	

---------------------------------
plain	jelly	coconut	honey-dip
5127				
5128				
	5170			
		5133		
5129				
		5134		
	5171			
		5135		
		5136		
5130				
		5137		
	5172	

---------------------------------
plain	jelly	coconut	honey-dip
			5328
			5329
			5330
	5325			
	5326			
		5280		
	5327			
	5328			
			5331
			5332
		5281		
		5282	

---------------------------------
plain	jelly	coconut	honey-dip
			5698
5677				
5678				
	5722			
5679				
		5679		
5680				
			5699
	5723			
5681				
5682				
			5700


---------------------------------
plain	jelly	coconut	honey-dip
	5829			
		5781		
	5830			
		5782		
	5831			
	5832			
	5833			
			5792
5782				
5783				
5784				
			5793


---------------------------------
plain	jelly	coconut	honey-dip
5906				
		5911		
		5912		
	5991			
			5928
			5929
			5930
		5913		
			5931
		5914		
			5932
	5992	

---------------------------------
plain	jelly	coconut	honey-dip
		6044		
			6092
		6045		
	6128			
	6129			
	6130			
			6093
		6046		
	6131			
			6094
6060				
			6095


---------------------------------
plain	jelly	coconut	honey-dip
		6168		
	6283			
		6169		
			6224
	6284			
6177				
		6170		
			6225
6178				
		6171		
	6285			
			6226


---------------------------------
plain	jelly	coconut	honey-dip
6315				
			6380
	6444			
	6445			
		6325		
			6381
		6326		
		6327		
		6328		
		6329		
	6446			
6316	

---------------------------------
plain	jelly	coconut	honey-dip
		6583		
6589				
			6628
6590				
6591				
			6629
	6708			
	6709			
	6710			
		6584		
6592				
6593	

---------------------------------
plain	jelly	coconut	honey-dip
	6824			
		6698		
6736				
6737				
			6778
6738				
			6779
			6780
	6825			
		6699		
			6781
		6700	

---------------------------------
plain	jelly	coconut	honey-dip
6892				
	6961			
6893				
	6962			
6894				
	6963			
		6830		
		6831		
			6929
			6930
			6931
			6932


---------------------------------
plain	jelly	coconut	honey-dip
	7069			
			7062
		6934		
7015				
7016				
	7070			
			7063
			7064
	7071			
		6935		
	7072			
7017	

---------------------------------
plain	jelly	coconut	honey-dip
			7203
	7195			
			7204
	7196			
			7205
	7197			
			7206
			7207
		7059		
			7208
		7060		
			7209


---------------------------------
plain	jelly	coconut	honey-dip
7228				
7229				
	7323			
			7325
	7324			
7230				
7231				
		7188		
	7325			
	7326			
	7327			
			7326


---------------------------------
plain	jelly	coconut	honey-dip
7331				
			7432
7332				
			7433
	7442			
		7315		
			7434
	7443			
		7316		
		7317		
	7444			
		7318	

---------------------------------
plain	jelly	coconut	honey-dip
		7463		
7482				
7483				
		7464		
		7465		
	7598			
			7577
	7599			
	7600			
7484				
	7601			
	7602	

---------------------------------
plain	jelly	coconut	honey-dip
		7603		
	7739			
	7740			
	7741			
7613				
	7742			
7614				
			7741
		7604		
		7605		
		7606		
7615	

---------------------------------
plain	jelly	coconut	honey-dip
	7876			
			7879
7739				
7740				
			7880
	7877			
		7730		
	7878			
		7731		
	7879			
	7880			
7741	

---------------------------------
plain	jelly	coconut	honey-dip
		7844		
			8026
			8027
		7845		
			8028
7887				
7888				
		7846		
7889				
7890				
		7847		
	8007	

---------------------------------
plain	jelly	coconut	honey-dip
	8144			
		7980		
	8145			
8031				
	8146			
			8173
		7981		
		7982		
8032				
			8174
	8147			
	8148	

---------------------------------
plain	jelly	coconut	honey-dip
		8127		
8176				
	8285			
		8128		
		8129		
			8316
			8317
	8286			
	8287			
	8288			
			8318
			8319


---------------------------------
plain	jelly	coconut	honey-dip
8308				
	8442			
	8443			
			8447
		8259		
			8448
8309				
	8444			
	8445			
	8446			
	8447			
		8260	

---------------------------------
plain	jelly	coconut	honey-dip
	8833			
			8834
			8835
		8676		
		8677		
		8678		
		8679		
			8836
8709				
	8834			
		8680		
	8835	

---------------------------------
plain	jelly	coconut	honey-dip
		8808		
8836				
		8809		
8837				
			8969
			8970
		8810		
			8971
		8811		
			8972
			8973
8838	

---------------------------------
plain	jelly	coconut	honey-dip
			9110
8972				
		8949		
	9101			
8973				
	9102			
	9103			
8974				
		8950		
8975				
	9104			
		8951	

---------------------------------
plain	jelly	coconut	honey-dip
	9242			
			9254
			9255
			9256
			9257
		9083		
		9084		
			9258
9117				
9118				
			9259
			9260


---------------------------------
plain	jelly	coconut	honey-dip
9251				
	9377			
	9378			
	9379			
		9225		
	9380			
9252				
	9381			
		9226		
	9382			
	9383			
	9384	

---------------------------------
plain	jelly	coconut	honey-dip
	9521			
			9518
			9519
9374				
9375				
9376				
	9522			
9377				
			9520
			9521
9378				
	9523	

---------------------------------
plain	jelly	coconut	honey-dip
	9639			
		9489		
9512				
			9640
		9490		
9513				
9514				
9515				
9516				
			9641
			9642
9517	

---------------------------------
plain	jelly	coconut	honey-dip
			9744
			9745
		9603		
	9747			
9630				
9631				
9632				
		9604		
	9748			
		9605		
9633				
9634	

---------------------------------
plain	jelly	coconut	honey-dip
			9891
	9902			
		9751		
9780				
9781				
	9903			
	9904			
	9905			
	9906			
9782				
	9907			
		9752	

---------------------------------
plain	jelly	coconut	honey-dip
	10091			
9948				
	10092			
9949				
9950				
	10093			
	10094			
	10095			
		9945		
		9946		
			10084
		9947	

---------------------------------
plain	jelly	coconut	honey-dip
		10212		
10196				
			10336
			10337
			10338
			10339
10197				
10198				
10199				
	10392			
	10393			
	10394	

---------------------------------
plain	jelly	coconut	honey-dip
		10338		
		10339		
		10340		
			10485
			10486
		10341		
10319				
		10342		
10320				
			10487
10321				
		10343	

---------------------------------
plain	jelly	coconut	honey-dip
		10528		
			10695
	10746			
		10529		
			10696
		10530		
	10747			
		10531		
	10748			
10535				
			10697
10536	

---------------------------------
plain	jelly	coconut	honey-dip
	10892			
	10893			
		10708		
		10709		
		10710		
		10711		
	10894			
			10859
			10860
		10712		
		10713		
		10714	

---------------------------------
plain	jelly	coconut	honey-dip
			11060
			11061
		10917		
	11094			
10909				
		10918		
10910				
10911				
10912				
	11095			
		10919		
		10920	

---------------------------------
plain	jelly	coconut	honey-dip
	11247			
		11061		
	11248			
	11249			
			11209
		11062		
			11210
		11063		
11039				
	11250			
11040				
11041	

---------------------------------
plain	jelly	coconut	honey-dip
11164				
		11194		
		11195		
		11196		
			11365
11165				
			11366
11166				
	11385			
		11197		
		11198		
		11199	

---------------------------------
plain	jelly	coconut	honey-dip
	11544			
11334				
	11545			
11335				
	11546			
			11525
	11547			
		11365		
	11548			
			11526
			11527
	11549	

---------------------------------
plain	jelly	coconut	honey-dip
		11504		
	11697			
11460				
11461				
			11683
			11684
	11698			
11462				
11463				
11464				
	11699			
		11505	

---------------------------------
plain	jelly	coconut	honey-dip
11573				
11574				
			11793
			11794
	11794			
	11795			
11575				
		11628		
		11629		
		11630		
		11631		
			11795


---------------------------------
plain	jelly	coconut	honey-dip
	11924			
	11925			
11769				
11770				
			11940
11771				
			11941
11772				
	11926			
	11927			
	11928			
		11779	

---------------------------------
plain	jelly	coconut	honey-dip
11885				
		11897		
11886				
			12084
		11898		
			12085
		11899		
11887				
11888				
			12086
11889				
			12087


---------------------------------
plain	jelly	coconut	honey-dip
12023				
			12202
	12172			
12024				
12025				
			12203
	12173			
	12174			
12026				
			12204
			12205
		12035	

---------------------------------
plain	jelly	coconut	honey-dip
		12151		
		12152		
	12298			
12156				
12157				
	12299			
		12153		
12158				
12159				
		12154		
			12319
12160	

---------------------------------
plain	jelly	coconut	honey-dip
12298				
	12417			
			12473
			12474
			12475
12299				
12300				
		12288		
	12418			
12301				
12302				
12303	

---------------------------------
plain	jelly	coconut	honey-dip
			12594
12402				
12403				
		12386		
			12595
	12514			
	12515			
			12596
			12597
12404				
12405				
			12598


---------------------------------
plain	jelly	coconut	honey-dip
12518				
			12719
12519				
			12720
			12721
12520				
12521				
		12529		
			12722
	12622			
		12530		
12522	

---------------------------------
plain	jelly	coconut	honey-dip
			12832
12667				
12668				
		12664		
12669				
12670				
	12729			
		12665		
		12666		
12671				
12672				
	12730	

---------------------------------
plain	jelly	coconut	honey-dip
12800				
12801				
		12775		
12802				
	12873			
			12948
		12776		
	12874			
			12949
		12777		
		12778		
		12779	

---------------------------------
plain	jelly	coconut	honey-dip
12975				
12976				
12977				
12978				
12979				
			13105
			13106
	12997			
		12931		
			13107
12980				
12981	

---------------------------------
plain	jelly	coconut	honey-dip
	13111			
			13213
	13112			
			13214
		13063		
13089				
		13064		
			13215
	13113			
		13065		
			13216
13090	

---------------------------------
plain	jelly	coconut	honey-dip
		13186		
		13187		
	13258			
13217				
			13343
		13188		
	13259			
	13260			
			13344
	13261			
			13345
			13346


---------------------------------
plain	jelly	coconut	honey-dip
		13317		
		13318		
	13407			
13372				
13373				
13374				
13375				
13376				
13377				
	13408			
13378				
	13409	

---------------------------------
plain	jelly	coconut	honey-dip
			13718
			13719
13623				
13624				
	13638			
13625				
			13720
			13721
13626				
		13537		
			13722
		13538	

---------------------------------
plain	jelly	coconut	honey-dip
			13854
			13855
13754				
	13777			
		13659		
			13856
	13778			
			13857
	13779			
13755				
13756				
13757	

---------------------------------
plain	jelly	coconut	honey-dip
		13790		
13871				
13872				
		13791		
	13898			
		13792		
	13899			
			13989
13873				
		13793		
			13990
13874	

---------------------------------
plain	jelly	coconut	honey-dip
14004				
			14150
		13931		
	14051			
			14151
		13932		
		13933		
14005				
		13934		
	14052			
14006				
14007	

---------------------------------
plain	jelly	coconut	honey-dip
			14298
			14299
		14097		
			14300
	14193			
14148				
	14194			
		14098		
14149				
		14099		
14150				
	14195	

---------------------------------
plain	jelly	coconut	honey-dip
	14325			
		14234		
14269				
		14235		
		14236		
14270				
		14237		
		14238		
		14239		
	14326			
	14327			
			14436


---------------------------------
plain	jelly	coconut	honey-dip
14419				
			14600
			14601
		14399		
			14602
14420				
14421				
14422				
			14603
	14470			
		14400		
	14471	

---------------------------------
plain	jelly	coconut	honey-dip
		14529		
		14530		
			14712
	14587			
		14531		
			14713
14540				
		14532		
		14533		
	14588			
	14589			
14541	

---------------------------------
plain	jelly	coconut	honey-dip
14715				
		14730		
			14916
14716				
			14917
			14918
14717				
14718				
			14919
	14787			
			14920
			14921


---------------------------------
plain	jelly	coconut	honey-dip
			15040
14836				
14837				
	14899			
	14900			
14838				
	14901			
			15041
14839				
		14853		
		14854		
	14902	

---------------------------------
plain	jelly	coconut	honey-dip
			15149
		14983		
			15150
	15028			
		14984		
			15151
	15029			
14972				
14973				
14974				
	15030			
14975	

---------------------------------
plain	jelly	coconut	honey-dip
15088				
		15106		
	15131			
15089				
15090				
			15275
15091				
	15132			
			15276
	15133			
	15134			
	15135	

---------------------------------
plain	jelly	coconut	honey-dip
		15240		
	15243			
		15241		
		15242		
15212				
15213				
			15373
		15243		
15214				
15215				
			15374
		15244	

---------------------------------
plain	jelly	coconut	honey-dip
15424				
15425				
15426				
		15469		
15427				
	15498			
15428				
			15613
15429				
15430				
			15614
15431	

---------------------------------
plain	jelly	coconut	honey-dip
		15596		
	15604			
			15722
		15597		
15550				
			15723
		15598		
		15599		
		15600		
			15724
			15725
		15601	

---------------------------------
plain	jelly	coconut	honey-dip
	15798			
15753				
		15796		
	15799			
15754				
15755				
		15797		
	15800			
15756				
15757				
	15801			
			15917


---------------------------------
plain	jelly	coconut	honey-dip
15889				
	15934			
			16034
15890				
		15935		
			16035
			16036
		15936		
		15937		
15891				
			16037
			16038


---------------------------------
plain	jelly	coconut	honey-dip
16027				
		16055		
			16166
16028				
16029				
			16167
		16056		
		16057		
			16168
		16058		
	16072			
	16073	

---------------------------------
plain	jelly	coconut	honey-dip
	16200			
			16286
	16201			
	16202			
			16287
			16288
16161				
		16201		
	16203			
	16204			
16162				
	16205	

---------------------------------
plain	jelly	coconut	honey-dip
16327				
	16366			
			16469
16328				
			16470
16329				
		16382		
16330				
	16367			
			16471
	16368			
	16369	

---------------------------------
plain	jelly	coconut	honey-dip
	16501			
16427				
	16502			
16428				
		16484		
		16485		
		16486		
		16487		
16429				
16430				
	16503			
			16564


---------------------------------
plain	jelly	coconut	honey-dip
			16712
	16647			
	16648			
			16713
			16714
	16649			
	16650			
16569				
	16651			
16570				
		16636		
		16637	

---------------------------------
plain	jelly	coconut	honey-dip
			16971
16870				
			16972
16871				
		16881		
16872				
			16973
			16974
	16898			
			16975
		16882		
		16883	

---------------------------------
plain	jelly	coconut	honey-dip
		17042		
17008				
	17043			
17009				
17010				
17011				
17012				
			17103
		17043		
		17044		
		17045		
		17046	

---------------------------------
plain	jelly	coconut	honey-dip
		17214		
17156				
			17255
		17215		
		17216		
			17256
	17195			
		17217		
			17257
17157				
		17218		
	17196	

---------------------------------
plain	jelly	coconut	honey-dip
17319				
		17382		
		17383		
	17340			
17320				
17321				
		17384		
	17341			
			17415
17322				
	17342			
17323	

---------------------------------
plain	jelly	coconut	honey-dip
			17519
		17507		
			17520
	17454			
		17508		
			17521
17432				
17433				
	17455			
			17522
		17509		
			17523


---------------------------------
plain	jelly	coconut	honey-dip
	17649			
	17650			
			17699
		17681		
		17682		
		17683		
		17684		
	17651			
	17652			
	17653			
	17654			
			17700


---------------------------------
plain	jelly	coconut	honey-dip
	17790			
		17825		
	17791			
17772				
		17826		
		17827		
		17828		
	17792			
		17829		
			17845
		17830		
17773	

---------------------------------
plain	jelly	coconut	honey-dip
	17939			
		17995		
	17940			
17931				
	17941			
	17942			
		17996		
		17997		
17932				
17933				
	17943			
	17944	

---------------------------------
plain	jelly	coconut	honey-dip
		18147		
			18123
18074				
	18088			
		18148		
		18149		
	18089			
		18150		
18075				
	18090			
			18124
	18091	

---------------------------------
plain	jelly	coconut	honey-dip
	18244			
		18277		
	18245			
			18260
18227				
			18261
	18246			
		18278		
		18279		
18228				
18229				
		18280	

---------------------------------
plain	jelly	coconut	honey-dip
	18388			
			18406
			18407
18376				
	18389			
			18408
		18426		
18377				
18378				
		18427		
	18390			
18379	

---------------------------------
plain	jelly	coconut	honey-dip
18499				
			18510
	18505			
	18506			
			18511
		18550		
18500				
		18551		
		18552		
	18507			
	18508			
			18512


---------------------------------
plain	jelly	coconut	honey-dip
			18643
	18634			
			18644
	18635			
		18696		
		18697		
		18698		
			18645
		18699		
18631				
	18636			
		18700	

---------------------------------
plain	jelly	coconut	honey-dip
		18838		
	18789			
		18839		
		18840		
			18815
18798				
			18816
18799				
		18841		
	18790			
	18791			
18800	

---------------------------------
plain	jelly	coconut	honey-dip
18956				
	18940			
18957				
18958				
18959				
	18941			
			18943
18960				
18961				
	18942			
		18989		
	18943	

---------------------------------
plain	jelly	coconut	honey-dip
			19073
		19115		
		19116		
	19058			
19086				
	19059			
19087				
	19060			
		19117		
19088				
		19118		
			19074


---------------------------------
plain	jelly	coconut	honey-dip
19231				
19232				
			19230
			19231
19233				
	19201			
		19258		
			19232
			19233
	19202			
			19234
			19235


---------------------------------
plain	jelly	coconut	honey-dip
			19359
			19360
		19395		
		19396		
		19397		
19358				
	19312			
19359				
			19361
	19313			
19360				
		19398	

---------------------------------
plain	jelly	coconut	honey-dip
			19575
	19508			
19576				
19577				
		19581		
			19576
	19509			
			19577
			19578
			19579
	19510			
		19582	

---------------------------------
plain	jelly	coconut	honey-dip
		19703		
	19634			
			19708
			19709
		19704		
		19705		
	19635			
		19706		
19711				
19712				
		19707		
	19636	

---------------------------------
plain	jelly	coconut	honey-dip
			19860
		19880		
			19861
19852				
19853				
19854				
	19788			
		19881		
		19882		
	19789			
19855				
		19883	

---------------------------------
plain	jelly	coconut	honey-dip
20015				
		20049		
20016				
		20050		
20017				
20018				
	19953			
	19954			
20019				
		20051		
	19955			
			20047


---------------------------------
plain	jelly	coconut	honey-dip
		20185		
	20105			
	20106			
			20196
	20107			
		20186		
20154				
		20187		
20155				
		20188		
	20108			
			20197


---------------------------------
plain	jelly	coconut	honey-dip
20443				
	20380			
20444				
20445				
		20495		
20446				
		20496		
		20497		
	20381			
	20382			
		20498		
	20383	

---------------------------------
plain	jelly	coconut	honey-dip
		20651		
	20540			
			20635
			20636
			20637
	20541			
			20638
			20639
		20652		
		20653		
	20542			
20590	

---------------------------------
plain	jelly	coconut	honey-dip
20727				
		20795		
			20766
20728				
20729				
	20668			
20730				
			20767
		20796		
		20797		
		20798		
			20768


---------------------------------
plain	jelly	coconut	honey-dip
		20937		
			20912
20898				
	20785			
		20938		
			20913
			20914
			20915
	20786			
		20939		
			20916
	20787	

---------------------------------
plain	jelly	coconut	honey-dip
	20905			
21034				
	20906			
21035				
21036				
21037				
			21041
		21068		
			21042
	20907			
21038				
			21043


---------------------------------
plain	jelly	coconut	honey-dip
21143				
		21182		
		21183		
21144				
		21184		
	21041			
		21185		
		21186		
			21162
		21187		
			21163
			21164


---------------------------------
plain	jelly	coconut	honey-dip
		21360		
		21361		
21299				
	21199			
			21342
21300				
21301				
21302				
21303				
	21200			
21304				
	21201	

---------------------------------
plain	jelly	coconut	honey-dip
	21327			
21454				
21455				
21456				
21457				
	21328			
		21485		
21458				
21459				
	21329			
21460				
21461	

---------------------------------
plain	jelly	coconut	honey-dip
	21452			
21598				
	21453			
		21622		
	21454			
			21596
21599				
			21597
	21455			
	21456			
21600				
		21623	

---------------------------------
plain	jelly	coconut	honey-dip
		21747		
		21748		
21729				
	21587			
			21721
			21722
			21723
		21749		
	21588			
	21589			
21730				
21731	

---------------------------------
plain	jelly	coconut	honey-dip
		21880		
			21859
	21723			
		21881		
			21860
21862				
		21882		
	21724			
	21725			
		21883		
		21884		
	21726	

---------------------------------
plain	jelly	coconut	honey-dip
			22039
	21919			
	21920			
		22076		
			22040
22058				
22059				
		22077		
		22078		
		22079		
	21921			
			22041


---------------------------------
plain	jelly	coconut	honey-dip
		22230		
	22076			
			22180
			22181
			22182
22194				
			22183
22195				
		22231		
22196				
		22232		
	22077	

---------------------------------
plain	jelly	coconut	honey-dip
		22388		
22314				
22315				
22316				
22317				
		22389		
	22224			
		22390		
		22391		
		22392		
			22306
	22225	

---------------------------------
plain	jelly	coconut	honey-dip
22466				
			22462
			22463
	22365			
	22366			
	22367			
	22368			
	22369			
	22370			
	22371			
			22464
	22372	

---------------------------------
plain	jelly	coconut	honey-dip
22621				
22622				
	22544			
	22545			
		22693		
		22694		
22623				
	22546			
	22547			
22624				
		22695		
	22548	

---------------------------------
plain	jelly	coconut	honey-dip
	22705			
		22813		
			22753
	22706			
		22814		
			22754
		22815		
		22816		
	22707			
		22817		
	22708			
			22755


---------------------------------
plain	jelly	coconut	honey-dip
	22863			
	22864			
		22960		
		22961		
	22865			
		22962		
			22941
			22942
22916				
		22963		
		22964		
			22943


---------------------------------
plain	jelly	coconut	honey-dip
23082				
			23074
23083				
			23075
			23076
		23138		
23084				
23085				
23086				
23087				
			23077
			23078


---------------------------------
plain	jelly	coconut	honey-dip
			23191
			23192
	23135			
	23136			
23199				
	23137			
			23193
	23138			
		23259		
		23260		
	23139			
			23194


---------------------------------
plain	jelly	coconut	honey-dip
23333				
			23339
23334				
	23290			
		23398		
	23291			
		23399		
	23292			
		23400		
		23401		
	23293			
		23402	

---------------------------------
plain	jelly	coconut	honey-dip
	23438			
		23571		
	23439			
23481				
	23440			
		23572		
	23441			
			23482
23482				
		23573		
		23574		
23483	

---------------------------------
plain	jelly	coconut	honey-dip
			23738
23744				
	23686			
		23836		
		23837		
			23739
		23838		
23745				
23746				
		23839		
	23687			
23747	

---------------------------------
plain	jelly	coconut	honey-dip
			23874
		23980		
	23821			
	23822			
		23981		
		23982		
23869				
		23983		
			23875
	23823			
			23876
		23984	

---------------------------------
plain	jelly	coconut	honey-dip
24028				
			24041
		24162		
	23997			
	23998			
	23999			
24029				
	24000			
	24001			
24030				
	24002			
			24042


---------------------------------
plain	jelly	coconut	honey-dip
			24209
	24184			
	24185			
24194				
24195				
		24337		
			24210
			24211
		24338		
	24186			
		24339		
	24187	

---------------------------------
plain	jelly	coconut	honey-dip
			24332
	24352			
24358				
24359				
24360				
		24482		
24361				
		24483		
	24353			
			24333
		24484		
		24485	

---------------------------------
plain	jelly	coconut	honey-dip
24509				
24510				
		24645		
	24475			
		24646		
			24459
	24476			
		24647		
	24477			
			24460
		24648		
	24478	

---------------------------------
plain	jelly	coconut	honey-dip
24654				
		24789		
	24649			
		24790		
24655				
	24650			
			24596
		24791		
	24651			
		24792		
	24652			
			24597


---------------------------------
plain	jelly	coconut	honey-dip
	24843			
		24942		
		24943		
24858				
	24844			
		24944		
			24789
24859				
			24790
		24945		
		24946		
24860	

---------------------------------
plain	jelly	coconut	honey-dip
			24960
		25115		
	25019			
	25020			
		25116		
	25021			
	25022			
	25023			
25022				
25023				
			24961
	25024	

---------------------------------
plain	jelly	coconut	honey-dip
	25150			
		25247		
		25248		
25150				
	25151			
25151				
			25097
			25098
		25249		
	25152			
			25099
			25100


---------------------------------
plain	jelly	coconut	honey-dip
			25219
			25220
			25221
	25286			
		25388		
25291				
		25389		
	25287			
		25390		
	25288			
25292				
25293	

---------------------------------
plain	jelly	coconut	honey-dip
25408				
	25409			
		25550		
	25410			
25409				
			25357
		25551		
	25411			
	25412			
	25413			
	25414			
		25552	

---------------------------------
plain	jelly	coconut	honey-dip
	25586			
	25587			
25572				
25573				
		25729		
		25730		
25574				
	25588			
			25545
25575				
		25731		
	25589	

---------------------------------
plain	jelly	coconut	honey-dip
			25681
	25730			
			25682
		25866		
25707				
25708				
		25867		
	25731			
			25683
	25732			
25709				
25710	

---------------------------------
plain	jelly	coconut	honey-dip
	25845			
			25818
	25846			
	25847			
			25819
		26004		
		26005		
	25848			
			25820
25845				
	25849			
			25821


---------------------------------
plain	jelly	coconut	honey-dip
		26147		
	25980			
	25981			
25976				
	25982			
25977				
			25985
		26148		
25978				
		26149		
		26150		
	25983	

---------------------------------
plain	jelly	coconut	honey-dip
		26346		
26139				
26140				
		26347		
	26141			
	26142			
	26143			
26141				
	26144			
26142				
	26145			
	26146	

---------------------------------
plain	jelly	coconut	honey-dip
26327				
26328				
		26531		
	26347			
	26348			
	26349			
26329				
			26323
		26532		
			26324
		26533		
	26350	

---------------------------------
plain	jelly	coconut	honey-dip
	26455			
			26444
		26668		
		26669		
	26456			
			26445
	26457			
			26446
			26447
			26448
	26458			
		26670	

---------------------------------
plain	jelly	coconut	honey-dip
			26503
		26739		
			26504
			26505
		26740		
		26741		
	26517			
		26742		
			26506
			26507
	26518			
		26743	

---------------------------------
plain	jelly	coconut	honey-dip
	26688			
			26672
26702				
26703				
	26689			
26704				
			26673
			26674
			26675
	26690			
26705				
26706	

---------------------------------
plain	jelly	coconut	honey-dip
			26787
		27021		
	26807			
26809				
			26788
		27022		
	26808			
	26809			
26810				
			26789
26811				
		27023	

---------------------------------
plain	jelly	coconut	honey-dip
			26963
	26975			
		27203		
			26964
	26976			
26979				
			26965
26980				
			26966
26981				
		27204		
		27205	

---------------------------------
plain	jelly	coconut	honey-dip
27154				
			27116
27155				
27156				
27157				
		27364		
27158				
	27110			
		27365		
		27366		
		27367		
			27117


---------------------------------
plain	jelly	coconut	honey-dip
		27467		
		27468		
	27206			
27286				
		27469		
	27207			
		27470		
	27208			
27287				
	27209			
			27229
27288	

---------------------------------
plain	jelly	coconut	honey-dip
		27586		
			27339
27414				
		27587		
	27317			
			27340
	27318			
		27588		
		27589		
	27319			
27415				
		27590	

---------------------------------
plain	jelly	coconut	honey-dip
		27693		
		27694		
			27435
27528				
		27695		
	27420			
			27436
	27421			
	27422			
	27423			
27529				
		27696	

---------------------------------
plain	jelly	coconut	honey-dip
		27794		
			27552
		27795		
27661				
	27537			
		27796		
27662				
	27538			
	27539			
			27553
			27554
	27540	

---------------------------------
plain	jelly	coconut	honey-dip
27783				
27784				
		27882		
			27667
27785				
	27668			
	27669			
		27883		
			27668
	27670			
27786				
	27671	

---------------------------------
plain	jelly	coconut	honey-dip
		27997		
			27768
		27998		
			27769
		27999		
	27788			
			27770
			27771
27879				
		28000		
27880				
		28001	

---------------------------------
plain	jelly	coconut	honey-dip
			27860
27973				
		28081		
			27861
			27862
	27866			
		28082		
	27867			
	27868			
			27863
27974				
		28083	

---------------------------------
plain	jelly	coconut	honey-dip
		28178		
28061				
		28179		
28062				
		28180		
			27961
			27962
28063				
			27963
	27988			
		28181		
		28182	

---------------------------------
plain	jelly	coconut	honey-dip
			28053
28157				
	28092			
28158				
			28054
		28258		
28159				
28160				
28161				
			28055
28162				
	28093	

---------------------------------
plain	jelly	coconut	honey-dip
28292				
28293				
28294				
		28377		
		28378		
28295				
			28183
	28188			
28296				
	28189			
		28379		
			28184


---------------------------------
plain	jelly	coconut	honey-dip
			28283
28439				
	28300			
	28301			
	28302			
			28284
		28498		
	28303			
			28285
28440				
			28286
			28287


---------------------------------
plain	jelly	coconut	honey-dip
28523				
		28582		
		28583		
		28584		
		28585		
			28373
		28586		
			28374
28524				
	28390			
28525				
28526	

