---------------------------------
plain	jelly	coconut	honey-dip
		866		
	840			
840				
	841			
	842			
841				
842				
843				
	843			
			850
		867		
844	

---------------------------------
plain	jelly	coconut	honey-dip
1058				
	1086			
	1087			
		1086		
	1088			
	1089			
			1078
		1087		
1059				
	1090			
1060				
1061	

---------------------------------
plain	jelly	coconut	honey-dip
		1168		
1138				
		1169		
		1170		
1139				
		1171		
1140				
			1151
			1152
		1172		
			1153
		1173	

---------------------------------
plain	jelly	coconut	honey-dip
1227				
	1287			
		1263		
1228				
		1264		
		1265		
		1266		
1229				
	1288			
		1267		
		1268		
	1289	

---------------------------------
plain	jelly	coconut	honey-dip
			1343
1330				
		1364		
			1344
		1365		
	1375			
		1366		
		1367		
	1376			
			1345
		1368		
	1377	

---------------------------------
plain	jelly	coconut	honey-dip
			1447
	1474			
	1475			
			1448
		1462		
	1476			
		1463		
1425				
		1464		
	1477			
	1478			
		1465	

---------------------------------
plain	jelly	coconut	honey-dip
			1583
			1584
			1585
			1586
	1588			
			1587
1553				
			1588
	1589			
			1589
		1588		
1554	

---------------------------------
plain	jelly	coconut	honey-dip
	1684			
		1664		
		1665		
		1666		
1625				
		1667		
1626				
1627				
	1685			
		1668		
	1686			
	1687	

---------------------------------
plain	jelly	coconut	honey-dip
1736				
1737				
	1786			
1738				
			1775
1739				
			1776
	1787			
		1771		
	1788			
1740				
			1777


---------------------------------
plain	jelly	coconut	honey-dip
	1845			
1818				
			1857
			1858
			1859
1819				
1820				
			1860
1821				
	1846			
	1847			
1822	

---------------------------------
plain	jelly	coconut	honey-dip
	1927			
	1928			
	1929			
			1935
	1930			
	1931			
1894				
		1912		
1895				
1896				
			1936
1897	

---------------------------------
plain	jelly	coconut	honey-dip
		1968		
			2031
		1969		
		1970		
		1971		
	2002			
		1972		
		1973		
	2003			
		1974		
1979				
		1975	

---------------------------------
plain	jelly	coconut	honey-dip
		2120		
			2155
			2156
	2136			
	2137			
	2138			
	2139			
		2121		
2097				
2098				
	2140			
		2122	

---------------------------------
plain	jelly	coconut	honey-dip
		2219		
		2220		
			2253
	2233			
		2221		
	2234			
	2235			
	2236			
	2237			
	2238			
	2239			
			2254


---------------------------------
plain	jelly	coconut	honey-dip
2300				
			2361
2301				
		2340		
2302				
			2362
	2347			
		2341		
	2348			
		2342		
2303				
		2343	

---------------------------------
plain	jelly	coconut	honey-dip
		2488		
	2493			
			2504
			2505
			2506
		2489		
			2507
	2494			
	2495			
	2496			
2463				
			2508


---------------------------------
plain	jelly	coconut	honey-dip
			2641
		2604		
		2605		
		2606		
		2607		
		2608		
2569				
			2642
		2609		
		2610		
			2643
2570	

---------------------------------
plain	jelly	coconut	honey-dip
2756				
	2789			
			2836
		2803		
2757				
			2837
			2838
	2790			
2758				
			2839
			2840
2759	

---------------------------------
plain	jelly	coconut	honey-dip
2945				
2946				
			3000
			3001
		2965		
		2966		
2947				
			3002
		2967		
2948				
			3003
	2946	

---------------------------------
plain	jelly	coconut	honey-dip
		3097		
		3098		
		3099		
			3134
			3135
3083				
		3100		
3084				
			3136
			3137
			3138
			3139


---------------------------------
plain	jelly	coconut	honey-dip
3208				
		3202		
			3270
3209				
			3271
			3272
	3172			
			3273
		3203		
	3173			
		3204		
		3205	

---------------------------------
plain	jelly	coconut	honey-dip
3372				
		3361		
3373				
	3357			
			3446
		3362		
			3447
	3358			
3374				
	3359			
	3360			
		3363	

---------------------------------
plain	jelly	coconut	honey-dip
			3565
		3506		
		3507		
		3508		
		3509		
	3461			
			3566
3496				
			3567
	3462			
3497				
		3510	

---------------------------------
plain	jelly	coconut	honey-dip
		3679		
			3722
		3680		
3648				
		3681		
		3682		
3649				
3650				
	3627			
3651				
		3683		
		3684	

---------------------------------
plain	jelly	coconut	honey-dip
		3825		
	3800			
			3886
	3801			
		3826		
			3887
3777				
	3802			
			3888
			3889
		3827		
		3828	

---------------------------------
plain	jelly	coconut	honey-dip
	4040			
			4112
	4041			
		4041		
			4113
		4042		
4019				
		4043		
			4114
4020				
4021				
	4042	

---------------------------------
plain	jelly	coconut	honey-dip
		4210		
			4296
4197				
			4297
			4298
			4299
4198				
		4211		
4199				
	4205			
		4212		
			4300


---------------------------------
plain	jelly	coconut	honey-dip
		4350		
	4350			
			4415
			4416
		4351		
	4351			
			4417
4333				
			4418
		4352		
			4419
4334	

---------------------------------
plain	jelly	coconut	honey-dip
4452				
	4474			
4453				
		4467		
4454				
			4547
4455				
	4475			
4456				
			4548
			4549
	4476	

---------------------------------
plain	jelly	coconut	honey-dip
			4663
	4571			
4565				
			4664
4566				
	4572			
	4573			
	4574			
	4575			
	4576			
		4573		
4567	

---------------------------------
plain	jelly	coconut	honey-dip
4684				
	4702			
4685				
4686				
		4696		
	4703			
			4770
		4697		
4687				
4688				
		4698		
4689	

---------------------------------
plain	jelly	coconut	honey-dip
		4805		
			4892
			4893
	4844			
4839				
			4894
4840				
			4895
	4845			
		4806		
4841				
			4896


---------------------------------
plain	jelly	coconut	honey-dip
		4945		
		4946		
4968				
	4984			
			5011
	4985			
	4986			
	4987			
	4988			
		4947		
		4948		
		4949	

---------------------------------
plain	jelly	coconut	honey-dip
5091				
			5167
			5168
	5130			
	5131			
	5132			
		5096		
	5133			
5092				
5093				
			5169
			5170


---------------------------------
plain	jelly	coconut	honey-dip
5246				
			5299
5247				
	5305			
5248				
5249				
		5258		
		5259		
		5260		
5250				
		5261		
	5306	

---------------------------------
plain	jelly	coconut	honey-dip
			5469
5432				
5433				
		5418		
		5419		
	5473			
	5474			
	5475			
		5420		
		5421		
	5476			
5434	

---------------------------------
plain	jelly	coconut	honey-dip
		5542		
5555				
			5585
		5543		
5556				
		5544		
		5545		
			5586
		5546		
		5547		
		5548		
			5587


---------------------------------
plain	jelly	coconut	honey-dip
	5823			
5776				
5777				
			5787
	5824			
			5788
			5789
		5774		
			5790
		5775		
		5776		
	5825	

---------------------------------
plain	jelly	coconut	honey-dip
		5890		
		5891		
5888				
			5907
			5908
	5967			
			5909
5889				
5890				
		5892		
		5893		
	5968	

---------------------------------
plain	jelly	coconut	honey-dip
6023				
	6097			
		6004		
			6056
	6098			
	6099			
			6057
	6100			
6024				
			6058
6025				
		6005	

---------------------------------
plain	jelly	coconut	honey-dip
		6137		
		6138		
6147				
6148				
	6246			
6149				
	6247			
6150				
	6248			
6151				
			6202
		6139	

---------------------------------
plain	jelly	coconut	honey-dip
	6394			
6283				
			6343
6284				
	6395			
			6344
		6288		
			6345
	6396			
	6397			
	6398			
		6289	

---------------------------------
plain	jelly	coconut	honey-dip
		6419		
6405				
		6420		
			6469
	6543			
6406				
6407				
6408				
		6421		
	6544			
	6545			
			6470


---------------------------------
plain	jelly	coconut	honey-dip
		6561		
6548				
	6678			
			6601
6549				
6550				
			6602
			6603
		6562		
6551				
6552				
6553	

---------------------------------
plain	jelly	coconut	honey-dip
			6735
			6736
6702				
			6737
			6738
			6739
	6798			
	6799			
			6740
		6669		
6703				
	6800	

---------------------------------
plain	jelly	coconut	honey-dip
6824				
			6863
			6864
6825				
			6865
		6770		
	6891			
			6866
	6892			
6826				
6827				
6828	

---------------------------------
plain	jelly	coconut	honey-dip
	7002			
		6879		
6955				
		6880		
			6992
			6993
	7003			
	7004			
		6881		
	7005			
6956				
			6994


---------------------------------
plain	jelly	coconut	honey-dip
		7014		
	7151			
7078				
		7015		
		7016		
7079				
7080				
		7017		
7081				
7082				
7083				
			7161


---------------------------------
plain	jelly	coconut	honey-dip
			7311
			7312
	7306			
			7313
7221				
			7314
			7315
		7178		
			7316
	7307			
	7308			
7222	

---------------------------------
plain	jelly	coconut	honey-dip
7423				
			7531
7424				
		7420		
7425				
		7421		
7426				
		7422		
	7542			
	7543			
	7544			
	7545	

---------------------------------
plain	jelly	coconut	honey-dip
			7672
		7536		
			7673
7555				
		7537		
			7674
	7681			
			7675
	7682			
	7683			
7556				
	7684	

---------------------------------
plain	jelly	coconut	honey-dip
	7798			
7667				
		7654		
		7655		
			7805
		7656		
			7806
			7807
7668				
			7808
7669				
7670	

---------------------------------
plain	jelly	coconut	honey-dip
			7946
	7940			
			7947
7810				
	7941			
		7780		
			7948
	7942			
7811				
			7949
	7943			
	7944	

---------------------------------
plain	jelly	coconut	honey-dip
		7923		
	8091			
	8092			
			8112
		7924		
			8113
		7925		
7974				
	8093			
		7926		
	8094			
		7927	

---------------------------------
plain	jelly	coconut	honey-dip
			8347
	8324			
	8325			
			8348
	8326			
			8349
	8327			
		8154		
		8155		
8199				
			8350
8200	

---------------------------------
plain	jelly	coconut	honey-dip
		8271		
	8455			
8321				
		8272		
			8457
8322				
	8456			
			8458
8323				
8324				
8325				
	8457	

---------------------------------
plain	jelly	coconut	honey-dip
	8608			
		8412		
	8609			
			8599
8473				
		8413		
8474				
		8414		
		8415		
	8610			
8475				
		8416	

---------------------------------
plain	jelly	coconut	honey-dip
	8743			
			8744
			8745
	8744			
		8586		
8631				
8632				
			8746
8633				
8634				
			8747
	8745	

---------------------------------
plain	jelly	coconut	honey-dip
			8859
	8859			
			8860
8729				
8730				
		8701		
		8702		
	8860			
		8703		
		8704		
		8705		
			8861


---------------------------------
plain	jelly	coconut	honey-dip
		8856		
	9008			
			9013
	9009			
8883				
			9014
			9015
			9016
	9010			
			9017
	9011			
			9018


---------------------------------
plain	jelly	coconut	honey-dip
	9179			
9059				
			9190
		9028		
		9029		
9060				
			9191
	9180			
9061				
	9181			
9062				
	9182	

---------------------------------
plain	jelly	coconut	honey-dip
	9311			
		9173		
		9174		
			9331
	9312			
		9175		
9193				
	9313			
		9176		
9194				
			9332
			9333


---------------------------------
plain	jelly	coconut	honey-dip
	9489			
			9494
			9495
		9335		
	9490			
9338				
	9491			
			9496
	9492			
		9336		
9339				
			9497


---------------------------------
plain	jelly	coconut	honey-dip
		9463		
		9464		
		9465		
		9466		
			9620
	9609			
9480				
		9467		
9481				
9482				
		9468		
9483	

---------------------------------
plain	jelly	coconut	honey-dip
			9806
			9807
9694				
			9808
	9801			
	9802			
		9663		
	9803			
		9664		
9695				
			9809
		9665	

---------------------------------
plain	jelly	coconut	honey-dip
9817				
9818				
		9803		
		9804		
		9805		
			9930
		9806		
			9931
		9807		
	9954			
			9932
	9955	

---------------------------------
plain	jelly	coconut	honey-dip
			10092
	10101			
		9954		
			10093
	10102			
9957				
	10103			
9958				
		9955		
9959				
	10104			
		9956	

---------------------------------
plain	jelly	coconut	honey-dip
			10224
		10100		
	10247			
		10101		
		10102		
			10225
10085				
	10248			
			10226
	10249			
10086				
		10103	

---------------------------------
plain	jelly	coconut	honey-dip
		10228		
		10229		
		10230		
		10231		
		10232		
	10414			
		10233		
		10234		
10215				
10216				
		10235		
10217	

---------------------------------
plain	jelly	coconut	honey-dip
10389				
		10406		
			10558
	10599			
	10600			
			10559
	10601			
		10407		
10390				
		10408		
	10602			
		10409	

---------------------------------
plain	jelly	coconut	honey-dip
		10557		
			10733
	10774			
	10775			
		10558		
		10559		
			10734
			10735
			10736
10572				
			10737
10573	

---------------------------------
plain	jelly	coconut	honey-dip
10690				
		10706		
			10854
			10855
			10856
			10857
	10890			
	10891			
10691				
			10858
10692				
		10707	

---------------------------------
plain	jelly	coconut	honey-dip
	11004			
		10833		
10815				
			10968
			10969
		10834		
10816				
		10835		
10817				
	11005			
			10970
			10971


---------------------------------
plain	jelly	coconut	honey-dip
	11242			
			11206
			11207
11036				
11037				
	11243			
	11244			
	11245			
			11208
11038				
	11246			
		11060	

---------------------------------
plain	jelly	coconut	honey-dip
		11187		
	11364			
			11351
		11188		
		11189		
		11190		
11158				
11159				
11160				
	11365			
			11352
	11366	

---------------------------------
plain	jelly	coconut	honey-dip
		11341		
11305				
			11506
		11342		
		11343		
	11508			
		11344		
			11507
11306				
	11509			
11307				
	11510	

---------------------------------
plain	jelly	coconut	honey-dip
	11722			
	11723			
		11536		
	11724			
		11537		
			11711
		11538		
			11712
11495				
11496				
			11713
		11539	

---------------------------------
plain	jelly	coconut	honey-dip
		11688		
		11689		
			11840
	11849			
	11850			
		11690		
		11691		
			11841
			11842
	11851			
			11843
11663	

---------------------------------
plain	jelly	coconut	honey-dip
			12010
			12011
	11985			
	11986			
		11831		
		11832		
		11833		
			12012
			12013
			12014
			12015
			12016


---------------------------------
plain	jelly	coconut	honey-dip
		11949		
11947				
	12088			
	12089			
		11950		
		11951		
		11952		
			12136
11948				
	12090			
	12091			
	12092	

---------------------------------
plain	jelly	coconut	honey-dip
12111				
		12093		
12112				
			12266
			12267
		12094		
		12095		
			12268
12113				
		12096		
12114				
	12238	

---------------------------------
plain	jelly	coconut	honey-dip
12235				
			12391
	12357			
	12358			
	12359			
			12392
			12393
	12360			
		12229		
		12230		
		12231		
12236	

---------------------------------
plain	jelly	coconut	honey-dip
	12469			
			12538
			12539
			12540
12363				
			12541
			12542
		12346		
		12347		
12364				
	12470			
12365	

---------------------------------
plain	jelly	coconut	honey-dip
	12583			
		12488		
		12489		
12478				
12479				
			12683
12480				
			12684
		12490		
	12584			
		12491		
			12685


---------------------------------
plain	jelly	coconut	honey-dip
			12810
			12811
			12812
	12709			
12640				
	12710			
	12711			
	12712			
		12637		
12641				
			12813
12642	

---------------------------------
plain	jelly	coconut	honey-dip
	12835			
		12743		
			12908
			12909
		12744		
		12745		
		12746		
	12836			
			12910
	12837			
	12838			
	12839	

---------------------------------
plain	jelly	coconut	honey-dip
			13057
	12946			
	12947			
			13058
12921				
			13059
			13060
		12880		
		12881		
	12948			
		12882		
	12949	

---------------------------------
plain	jelly	coconut	honey-dip
		13087		
	13136			
		13088		
			13242
	13137			
	13138			
		13089		
13119				
13120				
			13243
		13090		
	13139	

---------------------------------
plain	jelly	coconut	honey-dip
13274				
	13293			
			13385
			13386
			13387
			13388
	13294			
	13295			
	13296			
		13220		
		13221		
	13297	

---------------------------------
plain	jelly	coconut	honey-dip
		13351		
	13441			
	13442			
		13352		
13411				
		13353		
		13354		
			13521
	13443			
		13355		
	13444			
			13522


---------------------------------
plain	jelly	coconut	honey-dip
13588				
		13501		
		13502		
13589				
	13603			
			13692
13590				
		13503		
13591				
	13604			
			13693
			13694


---------------------------------
plain	jelly	coconut	honey-dip
		13628		
13725				
	13744			
	13745			
			13827
			13828
13726				
13727				
			13829
			13830
13728				
	13746	

---------------------------------
plain	jelly	coconut	honey-dip
			13960
	13879			
			13961
13849				
	13880			
13850				
			13962
13851				
	13881			
		13764		
		13765		
13852	

---------------------------------
plain	jelly	coconut	honey-dip
13958				
	13990			
	13991			
		13877		
			14083
	13992			
		13878		
			14084
13959				
	13993			
13960				
13961	

---------------------------------
plain	jelly	coconut	honey-dip
			14214
			14215
		14000		
		14001		
14061				
		14002		
14062				
		14003		
			14216
			14217
		14004		
14063	

---------------------------------
plain	jelly	coconut	honey-dip
		14159		
14200				
		14160		
		14161		
			14369
		14162		
14201				
14202				
14203				
	14260			
		14163		
14204	

---------------------------------
plain	jelly	coconut	honey-dip
14425				
		14405		
		14406		
14426				
14427				
14428				
14429				
			14606
14430				
14431				
14432				
	14476	

---------------------------------
plain	jelly	coconut	honey-dip
	14666			
14612				
		14623		
		14624		
		14625		
14613				
		14626		
			14791
			14792
14614				
			14793
		14627	

---------------------------------
plain	jelly	coconut	honey-dip
		14826		
	14873			
14798				
14799				
		14827		
			15011
	14874			
14800				
			15012
			15013
14801				
		14828	

---------------------------------
plain	jelly	coconut	honey-dip
14980				
			15155
14981				
	15033			
			15156
			15157
14982				
		14988		
		14989		
			15158
14983				
			15159


---------------------------------
plain	jelly	coconut	honey-dip
		15129		
			15293
15112				
	15150			
	15151			
		15130		
		15131		
			15294
			15295
15113				
			15296
15114	

---------------------------------
plain	jelly	coconut	honey-dip
			15453
			15454
			15455
		15316		
	15338			
	15339			
			15456
	15340			
		15317		
	15341			
			15457
		15318	

---------------------------------
plain	jelly	coconut	honey-dip
		15460		
			15608
			15609
		15461		
		15462		
		15463		
			15610
15418				
		15464		
	15494			
15419				
		15465	

---------------------------------
plain	jelly	coconut	honey-dip
15589				
	15630			
			15750
	15631			
	15632			
			15751
	15633			
			15752
15590				
	15634			
	15635			
15591	

---------------------------------
plain	jelly	coconut	honey-dip
15691				
15692				
15693				
15694				
			15860
		15752		
			15861
			15862
15695				
	15745			
15696				
			15863


---------------------------------
plain	jelly	coconut	honey-dip
		15861		
	15861			
15807				
		15862		
			15975
		15863		
	15862			
		15864		
15808				
	15863			
			15976
	15864	

---------------------------------
plain	jelly	coconut	honey-dip
15962				
	16000			
	16001			
			16098
15963				
		15996		
	16002			
			16099
		15997		
15964				
		15998		
	16003	

---------------------------------
plain	jelly	coconut	honey-dip
		16121		
		16122		
			16230
			16231
	16142			
	16143			
16091				
		16123		
		16124		
16092				
	16144			
16093	

---------------------------------
plain	jelly	coconut	honey-dip
16233				
	16272			
			16367
16234				
	16273			
			16368
16235				
			16369
16236				
			16370
			16371
		16276	

---------------------------------
plain	jelly	coconut	honey-dip
	16399			
	16400			
	16401			
	16402			
			16492
16354				
			16493
			16494
	16403			
	16404			
			16495
			16496


---------------------------------
plain	jelly	coconut	honey-dip
		16527		
			16595
		16528		
			16596
		16529		
			16597
16463				
			16598
	16535			
			16599
16464				
		16530	

---------------------------------
plain	jelly	coconut	honey-dip
		16651		
	16664			
			16730
		16652		
		16653		
	16665			
16591				
		16654		
16592				
	16666			
			16731
	16667	

---------------------------------
plain	jelly	coconut	honey-dip
		16780		
	16817			
			16875
	16818			
		16781		
16752				
		16782		
		16783		
		16784		
		16785		
16753				
		16786	

---------------------------------
plain	jelly	coconut	honey-dip
	16980			
		16973		
			17054
		16974		
		16975		
			17055
	16981			
		16976		
16961				
	16982			
	16983			
		16977	

---------------------------------
plain	jelly	coconut	honey-dip
	17136			
			17214
17101				
	17137			
	17138			
17102				
	17139			
17103				
		17153		
		17154		
			17215
17104	

---------------------------------
plain	jelly	coconut	honey-dip
		17336		
		17337		
		17338		
17275				
	17303			
		17339		
		17340		
		17341		
	17304			
		17342		
17276				
	17305	

---------------------------------
plain	jelly	coconut	honey-dip
17456				
			17533
17457				
		17524		
			17534
	17471			
17458				
			17535
	17472			
17459				
		17525		
17460	

---------------------------------
plain	jelly	coconut	honey-dip
17569				
		17633		
	17610			
	17611			
		17634		
17570				
		17635		
	17612			
	17613			
		17636		
		17637		
		17638	

---------------------------------
plain	jelly	coconut	honey-dip
			17875
	17824			
	17825			
	17826			
17812				
		17877		
	17827			
	17828			
	17829			
	17830			
	17831			
17813	

---------------------------------
plain	jelly	coconut	honey-dip
			17966
			17967
	17926			
			17968
			17969
17925				
			17970
			17971
	17927			
	17928			
	17929			
17926	

---------------------------------
plain	jelly	coconut	honey-dip
			18114
			18115
	18078			
		18134		
		18135		
		18136		
		18137		
			18116
	18079			
	18080			
	18081			
		18138	

---------------------------------
plain	jelly	coconut	honey-dip
			18262
		18281		
18230				
	18247			
18231				
	18248			
			18263
	18249			
			18264
		18282		
	18250			
			18265


---------------------------------
plain	jelly	coconut	honey-dip
		18465		
	18428			
		18466		
		18467		
			18441
		18468		
			18442
		18469		
			18443
		18470		
18406				
18407	

---------------------------------
plain	jelly	coconut	honey-dip
			18580
		18629		
		18630		
18577				
		18631		
			18581
	18566			
18578				
	18567			
		18632		
			18582
		18633	

---------------------------------
plain	jelly	coconut	honey-dip
		18811		
18763				
			18783
	18763			
	18764			
			18784
		18812		
	18765			
		18813		
	18766			
18764				
	18767	

---------------------------------
plain	jelly	coconut	honey-dip
			18912
		18952		
	18914			
			18913
	18915			
		18953		
		18954		
			18914
		18955		
18918				
		18956		
18919	

---------------------------------
plain	jelly	coconut	honey-dip
		19111		
		19112		
	19056			
19081				
19082				
		19113		
19083				
			19072
	19057			
		19114		
19084				
19085	

---------------------------------
plain	jelly	coconut	honey-dip
			19226
19220				
		19253		
19221				
			19227
19222				
19223				
19224				
	19197			
19225				
	19198			
	19199	

---------------------------------
plain	jelly	coconut	honey-dip
	19305			
			19353
			19354
			19355
19349				
	19306			
		19381		
			19356
		19382		
			19357
		19383		
			19358


---------------------------------
plain	jelly	coconut	honey-dip
		19514		
		19515		
		19516		
19491				
19492				
			19506
			19507
		19517		
	19429			
			19508
			19509
	19430	

---------------------------------
plain	jelly	coconut	honey-dip
		19638		
19635				
			19647
			19648
19636				
19637				
	19572			
			19649
19638				
19639				
19640				
19641	

---------------------------------
plain	jelly	coconut	honey-dip
19747				
		19756		
		19757		
		19758		
19748				
		19759		
19749				
			19764
19750				
			19765
19751				
		19760	

---------------------------------
plain	jelly	coconut	honey-dip
			19969
		19993		
19953				
			19970
	19885			
		19994		
			19971
			19972
		19995		
			19973
	19886			
	19887	

---------------------------------
plain	jelly	coconut	honey-dip
		20110		
		20111		
20082				
		20112		
	20024			
		20113		
	20025			
		20114		
20083				
		20115		
		20116		
	20026	

---------------------------------
plain	jelly	coconut	honey-dip
			20283
		20280		
		20281		
	20211			
		20282		
20250				
20251				
20252				
			20284
20253				
		20283		
			20285


---------------------------------
plain	jelly	coconut	honey-dip
	20338			
			20426
	20339			
		20436		
			20427
	20340			
20400				
20401				
	20341			
		20437		
		20438		
20402	

---------------------------------
plain	jelly	coconut	honey-dip
20522				
	20469			
	20470			
20523				
		20589		
	20471			
			20572
		20590		
20524				
20525				
	20472			
	20473	

---------------------------------
plain	jelly	coconut	honey-dip
20659				
20660				
	20611			
			20704
		20730		
20661				
	20612			
	20613			
			20705
	20614			
20662				
			20706


---------------------------------
plain	jelly	coconut	honey-dip
		20840		
20787				
			20819
		20841		
		20842		
	20702			
		20843		
20788				
		20844		
20789				
	20703			
20790	

---------------------------------
plain	jelly	coconut	honey-dip
			20976
			20977
			20978
			20979
	20852			
20968				
20969				
			20980
	20853			
	20854			
			20981
		21000	

---------------------------------
plain	jelly	coconut	honey-dip
		21123		
21090				
		21124		
			21096
21091				
21092				
		21125		
	20967			
	20968			
		21126		
21093				
	20969	

---------------------------------
plain	jelly	coconut	honey-dip
	21233			
	21234			
		21389		
			21364
	21235			
21334				
21335				
21336				
			21365
21337				
			21366
21338	

---------------------------------
plain	jelly	coconut	honey-dip
	21351			
	21352			
21485				
			21487
		21513		
			21488
		21514		
		21515		
			21489
	21353			
21486				
			21490


---------------------------------
plain	jelly	coconut	honey-dip
			21627
	21488			
		21656		
	21489			
		21657		
			21628
			21629
			21630
	21490			
21629				
	21491			
21630	

---------------------------------
plain	jelly	coconut	honey-dip
			21766
	21625			
			21767
		21783		
		21784		
21766				
			21768
21767				
21768				
21769				
21770				
21771	

---------------------------------
plain	jelly	coconut	honey-dip
			21880
21881				
	21750			
	21751			
21882				
		21909		
21883				
		21910		
			21881
		21911		
			21882
		21912	

---------------------------------
plain	jelly	coconut	honey-dip
	21895			
	21896			
	21897			
	21898			
22027				
	21899			
			22024
22028				
22029				
		22062		
	21900			
22030	

---------------------------------
plain	jelly	coconut	honey-dip
			22141
22153				
			22142
			22143
		22185		
22154				
	22045			
22155				
22156				
	22046			
		22186		
		22187	

---------------------------------
plain	jelly	coconut	honey-dip
	22178			
	22179			
		22343		
	22180			
			22271
	22181			
			22272
	22182			
	22183			
		22344		
		22345		
			22273


---------------------------------
plain	jelly	coconut	honey-dip
22407				
22408				
22409				
		22482		
		22483		
22410				
			22391
			22392
			22393
			22394
22411				
		22484	

---------------------------------
plain	jelly	coconut	honey-dip
22583				
			22569
		22647		
	22501			
22584				
			22570
22585				
		22648		
		22649		
			22571
	22502			
		22650	

---------------------------------
plain	jelly	coconut	honey-dip
22714				
22715				
	22664			
	22665			
	22666			
		22781		
	22667			
	22668			
		22782		
	22669			
22716				
		22783	

---------------------------------
plain	jelly	coconut	honey-dip
			22878
			22879
22863				
			22880
		22917		
	22806			
22864				
22865				
	22807			
			22881
22866				
	22808	

---------------------------------
plain	jelly	coconut	honey-dip
22986				
	22930			
			23004
22987				
			23005
			23006
		23048		
		23049		
		23050		
	22931			
	22932			
		23051	

---------------------------------
plain	jelly	coconut	honey-dip
23137				
		23176		
			23123
			23124
	23072			
23138				
			23125
	23073			
		23177		
		23178		
	23074			
23139	

---------------------------------
plain	jelly	coconut	honey-dip
23256				
		23327		
23257				
	23210			
		23328		
23258				
		23329		
		23330		
	23211			
			23267
			23268
	23212	

---------------------------------
plain	jelly	coconut	honey-dip
	23364			
		23492		
23404				
	23365			
23405				
			23400
			23401
	23366			
			23402
		23493		
			23403
	23367	

---------------------------------
plain	jelly	coconut	honey-dip
			23493
		23585		
	23456			
		23586		
23498				
		23587		
		23588		
		23589		
23499				
		23590		
	23457			
		23591	

---------------------------------
plain	jelly	coconut	honey-dip
	23674			
			23720
	23675			
		23821		
23729				
	23676			
23730				
			23721
			23722
23731				
			23723
			23724


---------------------------------
plain	jelly	coconut	honey-dip
23848				
			23853
			23854
	23791			
23849				
		23956		
	23792			
			23855
		23957		
		23958		
		23959		
		23960	

---------------------------------
plain	jelly	coconut	honey-dip
23980				
			23993
		24117		
	23958			
23981				
	23959			
	23960			
		24118		
23982				
23983				
23984				
			23994


---------------------------------
plain	jelly	coconut	honey-dip
24103				
			24113
		24243		
	24081			
		24244		
	24082			
	24083			
			24114
24104				
			24115
	24084			
		24245	

---------------------------------
plain	jelly	coconut	honey-dip
		24369		
	24235			
			24248
24240				
			24249
			24250
		24370		
24241				
		24371		
24242				
	24236			
	24237	

---------------------------------
plain	jelly	coconut	honey-dip
		24525		
24410				
		24526		
		24527		
		24528		
			24362
24411				
		24529		
			24363
	24383			
	24384			
24412	

---------------------------------
plain	jelly	coconut	honey-dip
24614				
24615				
			24551
			24552
	24603			
	24604			
	24605			
	24606			
	24607			
24616				
		24752		
		24753	

---------------------------------
plain	jelly	coconut	honey-dip
		24889		
			24709
	24766			
24768				
		24890		
		24891		
24769				
	24767			
			24710
	24768			
		24892		
	24769	

---------------------------------
plain	jelly	coconut	honey-dip
24938				
			24866
	24916			
			24867
			24868
24939				
	24917			
			24869
			24870
	24918			
24940				
		25024	

---------------------------------
plain	jelly	coconut	honey-dip
			24985
			24986
			24987
	25048			
		25137		
		25138		
	25049			
			24988
		25139		
		25140		
			24989
			24990


---------------------------------
plain	jelly	coconut	honey-dip
25253				
	25254			
			25189
			25190
		25356		
		25357		
			25191
25254				
	25255			
	25256			
		25358		
		25359	

---------------------------------
plain	jelly	coconut	honey-dip
		25526		
			25334
			25335
			25336
		25527		
		25528		
	25389			
			25337
	25390			
			25338
			25339
			25340


---------------------------------
plain	jelly	coconut	honey-dip
25505				
	25503			
	25504			
25506				
	25505			
		25660		
25507				
25508				
	25506			
25509				
	25507			
	25508	

---------------------------------
plain	jelly	coconut	honey-dip
	25676			
		25815		
			25633
		25816		
	25677			
25656				
25657				
		25817		
25658				
		25818		
	25678			
		25819	

---------------------------------
plain	jelly	coconut	honey-dip
		25970		
	25821			
	25822			
			25798
	25823			
25803				
	25824			
		25971		
			25799
		25972		
	25825			
		25973	

---------------------------------
plain	jelly	coconut	honey-dip
	25992			
25986				
25987				
25988				
25989				
25990				
		26163		
25991				
		26164		
	25993			
25992				
			25995


---------------------------------
plain	jelly	coconut	honey-dip
26096				
	26101			
		26300		
	26102			
			26083
	26103			
26097				
			26084
		26301		
			26085
		26302		
			26086


---------------------------------
plain	jelly	coconut	honey-dip
	26220			
			26219
	26221			
			26220
26221				
26222				
			26221
			26222
			26223
	26222			
26223				
		26424	

---------------------------------
plain	jelly	coconut	honey-dip
		26562		
26365				
			26348
	26373			
		26563		
			26349
26366				
26367				
			26350
26368				
26369				
		26564	

---------------------------------
plain	jelly	coconut	honey-dip
	26479			
26445				
26446				
26447				
		26691		
			26465
26448				
	26480			
		26692		
		26693		
			26466
	26481	

---------------------------------
plain	jelly	coconut	honey-dip
	26538			
	26539			
			26521
26530				
		26755		
26531				
		26756		
		26757		
		26758		
	26540			
26532				
		26759	

---------------------------------
plain	jelly	coconut	honey-dip
	26694			
	26695			
	26696			
26712				
26713				
	26697			
26714				
26715				
			26686
			26687
	26698			
	26699	

---------------------------------
plain	jelly	coconut	honey-dip
		27068		
		27069		
26862				
		27070		
			26854
		27071		
			26855
26863				
26864				
		27072		
		27073		
	26868	

---------------------------------
plain	jelly	coconut	honey-dip
26946				
	26951			
			26933
	26952			
26947				
			26934
26948				
26949				
		27170		
	26953			
		27171		
26950	

---------------------------------
plain	jelly	coconut	honey-dip
		27279		
			27030
			27031
	27032			
	27033			
			27032
27067				
		27280		
			27033
27068				
	27034			
		27281	

---------------------------------
plain	jelly	coconut	honey-dip
		27398		
27208				
	27138			
	27139			
	27140			
		27399		
			27156
		27400		
			27157
27209				
			27158
		27401	

---------------------------------
plain	jelly	coconut	honey-dip
27335				
		27522		
27336				
			27278
		27523		
	27257			
		27524		
			27279
		27525		
			27280
			27281
			27282


---------------------------------
plain	jelly	coconut	honey-dip
			27374
		27621		
			27375
27449				
27450				
27451				
27452				
	27344			
	27345			
			27376
	27346			
			27377


---------------------------------
plain	jelly	coconut	honey-dip
		27773		
		27774		
			27514
		27775		
27617				
	27508			
			27515
		27776		
		27777		
	27509			
			27516
			27517


---------------------------------
plain	jelly	coconut	honey-dip
		27850		
27747				
			27633
	27626			
		27851		
27748				
27749				
			27634
27750				
		27852		
			27635
			27636


---------------------------------
plain	jelly	coconut	honey-dip
	27727			
			27706
	27728			
			27707
	27729			
			27708
27838				
			27709
	27730			
		27945		
		27946		
			27710


---------------------------------
plain	jelly	coconut	honey-dip
			27837
27939				
	27849			
27940				
			27838
	27850			
		28059		
			27839
			27840
		28060		
27941				
			27841


---------------------------------
plain	jelly	coconut	honey-dip
	27995			
			27969
	27996			
	27997			
	27998			
		28190		
	27999			
	28000			
		28191		
	28001			
			27970
			27971


---------------------------------
plain	jelly	coconut	honey-dip
		28289		
28192				
28193				
28194				
	28130			
		28290		
			28093
28195				
28196				
		28291		
			28094
	28131	

---------------------------------
plain	jelly	coconut	honey-dip
		28410		
	28220			
28337				
	28221			
28338				
			28217
28339				
28340				
			28218
28341				
			28219
	28222	

---------------------------------
plain	jelly	coconut	honey-dip
		28486		
		28487		
			28274
28431				
28432				
	28293			
			28275
			28276
			28277
		28488		
		28489		
		28490	

---------------------------------
plain	jelly	coconut	honey-dip
			28345
	28369			
			28346
28496				
		28550		
		28551		
			28347
			28348
28497				
		28552		
		28553		
28498	

---------------------------------
plain	jelly	coconut	honey-dip
28582				
28583				
	28447			
	28448			
	28449			
		28645		
		28646		
			28422
			28423
		28647		
			28424
28584	

---------------------------------
plain	jelly	coconut	honey-dip
		28832		
28788				
28789				
		28833		
		28834		
		28835		
		28836		
		28837		
	28622			
28790				
	28623			
	28624	

---------------------------------
plain	jelly	coconut	honey-dip
		28931		
			28694
		28932		
	28712			
			28695
28875				
28876				
			28696
		28933		
			28697
		28934		
	28713	

---------------------------------
plain	jelly	coconut	honey-dip
		29010		
			28776
	28780			
			28777
28946				
			28778
			28779
28947				
28948				
		29011		
		29012		
			28780


---------------------------------
plain	jelly	coconut	honey-dip
	28865			
		29112		
	28866			
			28869
	28867			
		29113		
	28868			
	28869			
29026				
			28870
	28870			
29027	

