---------------------------------
plain	jelly	coconut	honey-dip
	1142			
1118				
	1143			
	1144			
	1145			
			1129
	1146			
		1147		
	1147			
1119				
	1148			
	1149	

---------------------------------
plain	jelly	coconut	honey-dip
		1424		
1381				
	1435			
		1425		
	1436			
			1388
		1426		
	1437			
		1427		
			1389
	1438			
1382	

---------------------------------
plain	jelly	coconut	honey-dip
			1498
		1512		
		1513		
			1499
		1514		
1468				
1469				
	1522			
			1500
	1523			
	1524			
			1501


---------------------------------
plain	jelly	coconut	honey-dip
		1597		
	1597			
			1592
			1593
		1598		
	1598			
	1599			
			1594
			1595
1562				
	1600			
		1599	

---------------------------------
plain	jelly	coconut	honey-dip
	1726			
1677				
1678				
1679				
		1710		
		1711		
	1727			
	1728			
	1729			
1680				
		1712		
			1715


---------------------------------
plain	jelly	coconut	honey-dip
	1838			
1809				
1810				
	1839			
		1825		
			1848
	1840			
1811				
		1826		
	1841			
	1842			
		1827	

---------------------------------
plain	jelly	coconut	honey-dip
	1961			
	1962			
			1989
		1942		
			1990
	1963			
		1943		
			1991
1932				
			1992
1933				
	1964	

---------------------------------
plain	jelly	coconut	honey-dip
		2031		
2027				
		2032		
		2033		
		2034		
		2035		
		2036		
		2037		
	2060			
	2061			
		2038		
	2062	

---------------------------------
plain	jelly	coconut	honey-dip
	2194			
		2181		
		2182		
		2183		
	2195			
		2184		
		2185		
	2196			
	2197			
			2215
	2198			
			2216


---------------------------------
plain	jelly	coconut	honey-dip
			2335
		2313		
		2314		
		2315		
2275				
		2316		
		2317		
2276				
2277				
		2318		
			2336
	2329	

---------------------------------
plain	jelly	coconut	honey-dip
		2439		
2423				
	2446			
	2447			
		2440		
		2441		
		2442		
2424				
2425				
	2448			
			2460
2426	

---------------------------------
plain	jelly	coconut	honey-dip
		2595		
	2615			
	2616			
	2617			
		2596		
		2597		
		2598		
	2618			
			2629
	2619			
			2630
			2631


---------------------------------
plain	jelly	coconut	honey-dip
			2756
2698				
			2757
		2735		
		2736		
			2758
		2737		
		2738		
	2731			
		2739		
			2759
			2760


---------------------------------
plain	jelly	coconut	honey-dip
		2907		
2886				
2887				
			2940
			2941
		2908		
2888				
			2942
		2909		
		2910		
2889				
		2911	

---------------------------------
plain	jelly	coconut	honey-dip
	3043			
3053				
			3101
3054				
			3102
		3067		
			3103
	3044			
			3104
	3045			
		3068		
		3069	

---------------------------------
plain	jelly	coconut	honey-dip
3189				
			3238
	3158			
			3239
			3240
3190				
	3159			
3191				
		3183		
		3184		
			3241
		3185	

---------------------------------
plain	jelly	coconut	honey-dip
		3279		
3308				
		3280		
	3279			
3309				
3310				
	3280			
			3358
3311				
3312				
		3281		
3313	

---------------------------------
plain	jelly	coconut	honey-dip
		3413		
		3414		
			3495
		3415		
		3416		
	3394			
3426				
3427				
3428				
3429				
		3417		
		3418	

---------------------------------
plain	jelly	coconut	honey-dip
	3533			
			3639
		3584		
3572				
	3534			
	3535			
	3536			
	3537			
		3585		
			3640
	3538			
3573	

---------------------------------
plain	jelly	coconut	honey-dip
	3663			
			3774
	3664			
	3665			
	3666			
		3718		
			3775
		3719		
	3667			
	3668			
			3776
3677	

---------------------------------
plain	jelly	coconut	honey-dip
			3898
3789				
3790				
	3814			
3791				
3792				
			3899
	3815			
		3835		
	3816			
			3900
3793	

---------------------------------
plain	jelly	coconut	honey-dip
	3939			
3904				
	3940			
			4020
	3941			
			4021
			4022
			4023
	3942			
	3943			
3905				
3906	

---------------------------------
plain	jelly	coconut	honey-dip
		4031		
	4025			
	4026			
	4027			
4004				
		4032		
			4104
4005				
			4105
		4033		
		4034		
4006	

---------------------------------
plain	jelly	coconut	honey-dip
4144				
			4216
	4151			
		4145		
		4146		
			4217
			4218
			4219
			4220
4145				
		4147		
	4152	

---------------------------------
plain	jelly	coconut	honey-dip
	4320			
4310				
		4332		
			4390
4311				
			4391
		4333		
4312				
	4321			
			4392
4313				
	4322	

---------------------------------
plain	jelly	coconut	honey-dip
		4587		
		4588		
			4676
	4583			
4574				
			4677
			4678
	4584			
		4589		
		4590		
4575				
	4585	

---------------------------------
plain	jelly	coconut	honey-dip
	4754			
		4741		
			4809
		4742		
			4810
4752				
	4755			
			4811
	4756			
		4743		
		4744		
			4812


---------------------------------
plain	jelly	coconut	honey-dip
	4953			
			4973
			4974
	4954			
	4955			
			4975
	4956			
		4900		
4938				
4939				
			4976
	4957	

---------------------------------
plain	jelly	coconut	honey-dip
			5097
			5098
		5015		
	5055			
5029				
5030				
5031				
5032				
			5099
5033				
		5016		
			5100


---------------------------------
plain	jelly	coconut	honey-dip
5150				
	5193			
			5213
	5194			
	5195			
	5196			
		5156		
			5214
5151				
	5197			
			5215
		5157	

---------------------------------
plain	jelly	coconut	honey-dip
			5308
	5311			
			5309
	5312			
		5268		
	5313			
			5310
		5269		
	5314			
		5270		
5257				
		5271	

---------------------------------
plain	jelly	coconut	honey-dip
		5457		
		5458		
5481				
	5528			
5482				
		5459		
5483				
5484				
			5506
			5507
		5460		
			5508


---------------------------------
plain	jelly	coconut	honey-dip
	5642			
	5643			
		5601		
			5626
			5627
5607				
		5602		
5608				
	5644			
	5645			
			5628
	5646	

---------------------------------
plain	jelly	coconut	honey-dip
			5710
5691				
		5689		
	5734			
	5735			
5692				
5693				
		5690		
	5736			
5694				
		5691		
	5737	

---------------------------------
plain	jelly	coconut	honey-dip
	5865			
	5866			
		5812		
5821				
			5830
	5867			
			5831
5822				
		5813		
		5814		
			5832
5823	

---------------------------------
plain	jelly	coconut	honey-dip
5935				
	6018			
5936				
			5969
	6019			
			5970
			5971
			5972
5937				
	6020			
		5934		
		5935	

---------------------------------
plain	jelly	coconut	honey-dip
			6104
	6137			
		6052		
	6138			
	6139			
	6140			
	6141			
6067				
6068				
			6105
			6106
6069	

---------------------------------
plain	jelly	coconut	honey-dip
		6158		
			6214
		6159		
	6275			
		6160		
6169				
6170				
	6276			
6171				
			6215
6172				
			6216


---------------------------------
plain	jelly	coconut	honey-dip
	6427			
			6365
		6316		
	6428			
6308				
		6317		
	6429			
6309				
			6366
	6430			
			6367
	6431	

---------------------------------
plain	jelly	coconut	honey-dip
		6455		
	6578			
6442				
		6456		
			6505
		6457		
			6506
			6507
		6458		
		6459		
			6508
		6460	

---------------------------------
plain	jelly	coconut	honey-dip
			6697
			6698
	6768			
		6639		
		6640		
			6699
6668				
6669				
			6700
	6769			
		6641		
	6770	

---------------------------------
plain	jelly	coconut	honey-dip
6814				
	6878			
	6879			
	6880			
	6881			
6815				
		6765		
6816				
			6855
	6882			
	6883			
		6766	

---------------------------------
plain	jelly	coconut	honey-dip
	7006			
6957				
			6995
	7007			
			6996
		6882		
	7008			
			6997
6958				
			6998
			6999
			7000


---------------------------------
plain	jelly	coconut	honey-dip
			7147
7073				
		7004		
	7144			
		7005		
	7145			
			7148
		7006		
7074				
		7007		
7075				
			7149


---------------------------------
plain	jelly	coconut	honey-dip
		7149		
		7150		
7200				
	7286			
	7287			
	7288			
		7151		
	7289			
		7152		
			7297
			7298
		7153	

---------------------------------
plain	jelly	coconut	honey-dip
		7311		
		7312		
		7313		
7330				
	7439			
	7440			
		7314		
	7441			
			7428
			7429
			7430
			7431


---------------------------------
plain	jelly	coconut	honey-dip
			7578
			7579
	7603			
	7604			
7485				
		7466		
			7580
			7581
7486				
			7582
7487				
	7605	

---------------------------------
plain	jelly	coconut	honey-dip
			7776
7646				
7647				
			7777
		7639		
		7640		
	7779			
			7778
			7779
		7641		
	7780			
7648	

---------------------------------
plain	jelly	coconut	honey-dip
		7752		
			7911
7771				
			7912
	7910			
7772				
7773				
		7753		
7774				
			7913
	7911			
7775	

---------------------------------
plain	jelly	coconut	honey-dip
			8141
8000				
		7953		
8001				
	8114			
8002				
		7954		
		7955		
			8142
			8143
			8144
8003	

---------------------------------
plain	jelly	coconut	honey-dip
		8080		
8140				
			8269
			8270
		8081		
8141				
	8247			
8142				
8143				
		8082		
8144				
		8083	

---------------------------------
plain	jelly	coconut	honey-dip
		8229		
		8230		
			8410
		8231		
		8232		
	8410			
			8411
		8233		
		8234		
	8411			
	8412			
8275	

---------------------------------
plain	jelly	coconut	honey-dip
8491				
			8618
			8619
		8431		
			8620
	8624			
8492				
8493				
8494				
			8621
	8625			
		8432	

---------------------------------
plain	jelly	coconut	honey-dip
		8576		
	8735			
8621				
8622				
	8736			
		8577		
			8736
8623				
		8578		
	8737			
	8738			
		8579	

---------------------------------
plain	jelly	coconut	honey-dip
		8731		
	8892			
	8893			
8761				
8762				
	8894			
8763				
	8895			
	8896			
	8897			
		8732		
8764	

---------------------------------
plain	jelly	coconut	honey-dip
			9009
			9010
8879				
		8852		
		8853		
		8854		
		8855		
8880				
			9011
			9012
8881				
8882	

---------------------------------
plain	jelly	coconut	honey-dip
			9153
9017				
			9154
			9155
9018				
		8996		
		8997		
			9156
			9157
9019				
		8998		
			9158


---------------------------------
plain	jelly	coconut	honey-dip
		9177		
			9334
			9335
9195				
9196				
			9336
9197				
	9314			
9198				
9199				
		9178		
			9337


---------------------------------
plain	jelly	coconut	honey-dip
			9463
9319				
		9311		
		9312		
			9464
		9313		
		9314		
			9465
	9467			
		9315		
			9466
		9316	

---------------------------------
plain	jelly	coconut	honey-dip
	9624			
9501				
	9625			
	9626			
	9627			
9502				
			9634
9503				
9504				
			9635
	9628			
	9629	

---------------------------------
plain	jelly	coconut	honey-dip
		9584		
			9722
9615				
9616				
		9585		
	9731			
	9732			
			9723
			9724
			9725
		9586		
			9726


---------------------------------
plain	jelly	coconut	honey-dip
9730				
		9706		
		9707		
		9708		
			9850
		9709		
9731				
		9710		
	9846			
	9847			
9732				
9733	

---------------------------------
plain	jelly	coconut	honey-dip
9870				
		9864		
		9865		
		9866		
	10017			
		9867		
9871				
			10005
	10018			
		9868		
		9869		
	10019	

---------------------------------
plain	jelly	coconut	honey-dip
10068				
	10225			
	10226			
		10077		
		10078		
		10079		
	10227			
			10202
			10203
	10228			
10069				
	10229	

---------------------------------
plain	jelly	coconut	honey-dip
	10390			
		10206		
	10391			
		10207		
			10334
		10208		
		10209		
10194				
10195				
		10210		
			10335
		10211	

---------------------------------
plain	jelly	coconut	honey-dip
			10577
10415				
		10430		
10416				
			10578
	10626			
			10579
10417				
10418				
	10627			
	10628			
			10580


---------------------------------
plain	jelly	coconut	honey-dip
	10759			
	10760			
10542				
			10703
			10704
		10536		
10543				
10544				
			10705
			10706
			10707
		10537	

---------------------------------
plain	jelly	coconut	honey-dip
10666				
	10873			
		10673		
10667				
		10674		
	10874			
10668				
			10832
			10833
10669				
	10875			
		10675	

---------------------------------
plain	jelly	coconut	honey-dip
			10955
		10819		
			10956
		10820		
			10957
10805				
			10958
			10959
		10821		
			10960
		10822		
		10823	

---------------------------------
plain	jelly	coconut	honey-dip
	11131			
			11107
		10963		
			11108
	11132			
		10964		
	11133			
		10965		
10947				
		10966		
		10967		
	11134	

---------------------------------
plain	jelly	coconut	honey-dip
11138				
	11349			
11139				
	11350			
11140				
		11162		
			11327
		11163		
	11351			
			11328
11141				
		11164	

---------------------------------
plain	jelly	coconut	honey-dip
11272				
			11478
	11488			
		11314		
			11479
		11315		
			11480
11273				
	11489			
11274				
		11316		
	11490	

---------------------------------
plain	jelly	coconut	honey-dip
11400				
	11630			
			11614
		11436		
		11437		
11401				
11402				
			11615
11403				
11404				
11405				
11406	

---------------------------------
plain	jelly	coconut	honey-dip
11605				
11606				
	11813			
11607				
	11814			
		11655		
11608				
11609				
	11815			
	11816			
	11817			
11610	

---------------------------------
plain	jelly	coconut	honey-dip
			11907
	11902			
11747				
	11903			
		11748		
		11749		
			11908
			11909
			11910
		11750		
		11751		
			11911


---------------------------------
plain	jelly	coconut	honey-dip
			12124
11938				
	12083			
		11939		
	12084			
11939				
		11940		
11940				
			12125
			12126
			12127
			12128


---------------------------------
plain	jelly	coconut	honey-dip
			12234
	12212			
			12235
	12213			
			12236
			12237
	12214			
	12215			
		12074		
12080				
12081				
		12075	

---------------------------------
plain	jelly	coconut	honey-dip
	12325			
12197				
			12357
	12326			
		12189		
12198				
	12327			
12199				
			12358
	12328			
	12329			
	12330	

---------------------------------
plain	jelly	coconut	honey-dip
			12543
		12348		
		12349		
		12350		
			12544
		12351		
	12471			
12366				
12367				
		12352		
12368				
			12545


---------------------------------
plain	jelly	coconut	honey-dip
	12618			
	12619			
		12520		
12513				
12514				
			12713
12515				
		12521		
		12522		
			12714
	12620			
			12715


---------------------------------
plain	jelly	coconut	honey-dip
	12736			
		12669		
	12737			
		12670		
	12738			
12676				
	12739			
	12740			
		12671		
			12835
		12672		
	12741	

---------------------------------
plain	jelly	coconut	honey-dip
		12803		
		12804		
			12979
12828				
			12980
			12981
			12982
12829				
12830				
		12805		
12831				
		12806	

---------------------------------
plain	jelly	coconut	honey-dip
	13011			
		12946		
			13118
	13012			
12993				
			13119
12994				
12995				
12996				
		12947		
	13013			
12997	

---------------------------------
plain	jelly	coconut	honey-dip
		13073		
13107				
		13074		
		13075		
			13232
	13124			
	13125			
		13076		
	13126			
		13077		
	13127			
13108	

---------------------------------
plain	jelly	coconut	honey-dip
			13373
			13374
	13289			
13264				
13265				
			13375
			13376
			13377
		13210		
	13290			
		13211		
13266	

---------------------------------
plain	jelly	coconut	honey-dip
13398				
			13512
	13426			
	13427			
			13513
		13340		
	13428			
		13341		
	13429			
		13342		
			13514
13399	

---------------------------------
plain	jelly	coconut	honey-dip
13653				
		13558		
13654				
13655				
			13744
13656				
			13745
			13746
		13559		
	13669			
	13670			
	13671	

---------------------------------
plain	jelly	coconut	honey-dip
13832				
			13941
			13942
			13943
	13859			
13833				
			13944
		13748		
		13749		
13834				
13835				
		13750	

---------------------------------
plain	jelly	coconut	honey-dip
			14092
13972				
		13888		
13973				
			14093
	14004			
			14094
			14095
			14096
	14005			
	14006			
		13889	

---------------------------------
plain	jelly	coconut	honey-dip
	14127			
14068				
14069				
			14221
			14222
			14223
			14224
	14128			
	14129			
		14008		
			14225
	14130	

---------------------------------
plain	jelly	coconut	honey-dip
14182				
			14343
	14233			
			14344
	14234			
	14235			
	14236			
			14345
		14134		
			14346
			14347
		14135	

---------------------------------
plain	jelly	coconut	honey-dip
14307				
		14281		
		14282		
		14283		
			14474
	14358			
14308				
			14475
			14476
			14477
		14284		
		14285	

---------------------------------
plain	jelly	coconut	honey-dip
			14641
14455				
14456				
14457				
			14642
	14500			
	14501			
		14436		
		14437		
			14643
	14502			
			14644


---------------------------------
plain	jelly	coconut	honey-dip
		14639		
		14640		
14623				
14624				
		14641		
			14802
	14676			
	14677			
14625				
	14678			
			14803
		14642	

---------------------------------
plain	jelly	coconut	honey-dip
14756				
14757				
14758				
14759				
14760				
14761				
			14966
		14782		
14762				
14763				
14764				
14765	

---------------------------------
plain	jelly	coconut	honey-dip
	15038			
14992				
14993				
		14996		
			15166
		14997		
	15039			
			15167
	15040			
	15041			
	15042			
14994	

---------------------------------
plain	jelly	coconut	honey-dip
		15133		
			15301
			15302
15120				
		15134		
	15154			
15121				
			15303
		15135		
	15155			
	15156			
			15304


---------------------------------
plain	jelly	coconut	honey-dip
	15303			
15257				
	15304			
			15410
15258				
		15278		
	15305			
			15411
15259				
		15279		
			15412
	15306	

---------------------------------
plain	jelly	coconut	honey-dip
			15538
	15433			
	15434			
		15405		
	15435			
			15539
15376				
15377				
		15406		
	15436			
		15407		
15378	

---------------------------------
plain	jelly	coconut	honey-dip
			15668
		15534		
			15669
	15559			
	15560			
			15670
15495				
			15671
	15561			
			15672
		15535		
			15673


---------------------------------
plain	jelly	coconut	honey-dip
	15726			
15662				
		15727		
15663				
15664				
15665				
			15837
			15838
			15839
15666				
15667				
15668	

---------------------------------
plain	jelly	coconut	honey-dip
			15962
			15963
	15845			
15794				
			15964
15795				
15796				
			15965
		15855		
	15846			
		15856		
			15966


---------------------------------
plain	jelly	coconut	honey-dip
		15968		
15927				
15928				
	15972			
		15969		
15929				
			16069
15930				
	15973			
	15974			
15931				
			16070


---------------------------------
plain	jelly	coconut	honey-dip
16064				
	16112			
	16113			
			16206
	16114			
			16207
		16106		
	16115			
			16208
		16107		
			16209
16065	

---------------------------------
plain	jelly	coconut	honey-dip
			16324
16198				
16199				
			16325
16200				
		16237		
			16326
			16327
			16328
			16329
	16245			
			16330


---------------------------------
plain	jelly	coconut	honey-dip
		16562		
			16624
16497				
			16625
			16626
	16569			
	16570			
	16571			
	16572			
		16563		
			16627
		16564	

---------------------------------
plain	jelly	coconut	honey-dip
			16778
			16779
16637				
		16695		
16638				
			16780
16639				
			16781
16640				
	16718			
			16782
16641	

---------------------------------
plain	jelly	coconut	honey-dip
	16830			
16767				
			16889
			16890
		16798		
16768				
16769				
			16891
	16831			
	16832			
	16833			
16770	

---------------------------------
plain	jelly	coconut	honey-dip
16898				
16899				
	16929			
	16930			
			17004
			17005
		16909		
16900				
16901				
		16910		
	16931			
		16911	

---------------------------------
plain	jelly	coconut	honey-dip
			17172
17064				
		17111		
			17173
	17101			
			17174
			17175
17065				
	17102			
			17176
		17112		
17066	

---------------------------------
plain	jelly	coconut	honey-dip
		17257		
		17258		
17197				
17198				
17199				
		17259		
		17260		
			17294
		17261		
		17262		
		17263		
			17295


---------------------------------
plain	jelly	coconut	honey-dip
	17397			
		17451		
		17452		
	17398			
17380				
	17399			
	17400			
		17453		
17381				
	17401			
			17468
		17454	

---------------------------------
plain	jelly	coconut	honey-dip
		17587		
		17588		
17506				
	17558			
			17609
17507				
17508				
	17559			
			17610
			17611
		17589		
			17612


---------------------------------
plain	jelly	coconut	honey-dip
			17751
	17692			
			17752
			17753
		17728		
			17754
			17755
			17756
17665				
		17729		
			17757
	17693	

---------------------------------
plain	jelly	coconut	honey-dip
			17887
	17848			
	17849			
17834				
		17903		
			17888
	17850			
17835				
			17889
		17904		
	17851			
		17905	

---------------------------------
plain	jelly	coconut	honey-dip
18002				
			18061
	18012			
18003				
	18013			
		18069		
	18014			
			18062
		18070		
			18063
18004				
		18071	

---------------------------------
plain	jelly	coconut	honey-dip
	18161			
			18190
	18162			
		18204		
18141				
	18163			
	18164			
			18191
	18165			
18142				
	18166			
		18205	

---------------------------------
plain	jelly	coconut	honey-dip
		18337		
	18315			
	18316			
			18318
18302				
			18319
		18338		
			18320
			18321
			18322
	18317			
			18323


---------------------------------
plain	jelly	coconut	honey-dip
	18571			
			18585
		18639		
18581				
18582				
			18586
18583				
		18640		
		18641		
		18642		
		18643		
			18587


---------------------------------
plain	jelly	coconut	honey-dip
18727				
			18746
			18747
18728				
			18748
18729				
			18749
			18750
			18751
18730				
			18752
	18737	

---------------------------------
plain	jelly	coconut	honey-dip
	18850			
	18851			
18867				
	18852			
	18853			
	18854			
			18865
			18866
	18855			
		18898		
18868				
		18899	

---------------------------------
plain	jelly	coconut	honey-dip
		19021		
		19022		
	18964			
			18965
	18965			
18986				
		19023		
		19024		
	18966			
	18967			
			18966
18987	

---------------------------------
plain	jelly	coconut	honey-dip
			19131
			19132
	19107			
19130				
			19133
19131				
			19134
19132				
			19135
19133				
		19156		
			19136


---------------------------------
plain	jelly	coconut	honey-dip
		19293		
19265				
	19223			
19266				
			19259
			19260
			19261
		19294		
19267				
			19262
	19224			
			19263


---------------------------------
plain	jelly	coconut	honey-dip
		19438		
	19355			
			19415
19408				
		19439		
			19416
			19417
			19418
			19419
			19420
			19421
19409	

---------------------------------
plain	jelly	coconut	honey-dip
			19541
19535				
	19464			
		19544		
	19465			
19536				
19537				
	19466			
	19467			
	19468			
	19469			
	19470	

---------------------------------
plain	jelly	coconut	honey-dip
		19651		
		19652		
19651				
			19660
	19590			
			19661
	19591			
19652				
	19592			
	19593			
19653				
19654	

---------------------------------
plain	jelly	coconut	honey-dip
	19712			
19782				
	19713			
19783				
		19805		
		19806		
19784				
			19793
		19807		
19785				
	19714			
			19794


---------------------------------
plain	jelly	coconut	honey-dip
			19974
	19888			
			19975
19954				
			19976
			19977
	19889			
			19978
		19996		
			19979
		19997		
	19890	

---------------------------------
plain	jelly	coconut	honey-dip
		20095		
	20014			
		20096		
			20115
			20116
	20015			
		20097		
		20098		
20068				
20069				
			20117
20070	

---------------------------------
plain	jelly	coconut	honey-dip
20216				
		20245		
20217				
	20175			
		20246		
		20247		
			20244
	20176			
	20177			
20218				
			20245
			20246


---------------------------------
plain	jelly	coconut	honey-dip
20403				
			20428
			20429
			20430
			20431
		20439		
		20440		
20404				
		20441		
		20442		
		20443		
20405	

---------------------------------
plain	jelly	coconut	honey-dip
		20600		
			20587
			20588
		20601		
			20589
	20491			
		20602		
			20590
		20603		
	20492			
20534				
			20591


---------------------------------
plain	jelly	coconut	honey-dip
20691				
			20738
		20765		
		20766		
			20739
			20740
		20767		
		20768		
			20741
	20642			
20692				
		20769	

---------------------------------
plain	jelly	coconut	honey-dip
		20916		
			20895
		20917		
	20775			
		20918		
	20776			
		20919		
			20896
20874				
20875				
			20897
	20777	

---------------------------------
plain	jelly	coconut	honey-dip
			21032
21025				
			21033
	20896			
		21059		
	20897			
			21034
21026				
			21035
	20898			
21027				
			21036


---------------------------------
plain	jelly	coconut	honey-dip
	21032			
			21156
			21157
	21033			
	21034			
21137				
21138				
			21158
	21035			
		21179		
	21036			
			21159


---------------------------------
plain	jelly	coconut	honey-dip
		21310		
			21282
		21311		
			21283
21263				
21264				
	21153			
		21312		
21265				
			21284
21266				
	21154	

---------------------------------
plain	jelly	coconut	honey-dip
		21447		
	21303			
		21448		
21413				
	21304			
21414				
			21433
21415				
21416				
21417				
			21434
	21305	

---------------------------------
plain	jelly	coconut	honey-dip
		21590		
21569				
			21572
21570				
		21591		
21571				
	21429			
		21592		
	21430			
21572				
		21593		
		21594	

---------------------------------
plain	jelly	coconut	honey-dip
		21743		
21725				
	21584			
	21585			
		21744		
		21745		
		21746		
	21586			
21726				
21727				
21728				
			21720


---------------------------------
plain	jelly	coconut	honey-dip
			21938
			21939
21941				
	21808			
		21973		
			21940
21942				
21943				
	21809			
		21974		
	21810			
			21941


---------------------------------
plain	jelly	coconut	honey-dip
22073				
			22064
		22095		
			22065
	21944			
			22066
	21945			
		22096		
		22097		
		22098		
			22067
			22068


---------------------------------
plain	jelly	coconut	honey-dip
22205				
22206				
22207				
			22195
		22255		
22208				
	22097			
		22256		
22209				
			22196
22210				
	22098	

---------------------------------
plain	jelly	coconut	honey-dip
	22249			
		22415		
	22250			
	22251			
			22325
		22416		
		22417		
		22418		
			22326
22339				
22340				
	22252	

---------------------------------
plain	jelly	coconut	honey-dip
			22536
22547				
	22454			
22548				
	22455			
			22537
22549				
			22538
			22539
		22607		
22550				
22551	

---------------------------------
plain	jelly	coconut	honey-dip
			22651
22662				
		22723		
22663				
		22724		
			22652
	22588			
	22589			
22664				
		22725		
			22653
	22590	

---------------------------------
plain	jelly	coconut	honey-dip
22795				
			22785
		22844		
	22740			
			22786
			22787
22796				
22797				
		22845		
22798				
	22741			
			22788


---------------------------------
plain	jelly	coconut	honey-dip
	22859			
22914				
22915				
	22860			
		22958		
			22937
	22861			
			22938
			22939
			22940
		22959		
	22862	

---------------------------------
plain	jelly	coconut	honey-dip
		23242		
23183				
23184				
	23116			
			23171
23185				
	23117			
		23243		
			23172
	23118			
23186				
		23244	

---------------------------------
plain	jelly	coconut	honey-dip
23317				
	23275			
		23382		
23318				
23319				
			23326
23320				
23321				
23322				
			23327
		23383		
	23276	

---------------------------------
plain	jelly	coconut	honey-dip
		23531		
23445				
			23446
		23532		
			23447
			23448
		23533		
		23534		
			23449
		23535		
	23406			
	23407	

---------------------------------
plain	jelly	coconut	honey-dip
		23683		
		23684		
23579				
			23578
	23540			
	23541			
		23685		
			23579
		23686		
23580				
	23542			
		23687	

---------------------------------
plain	jelly	coconut	honey-dip
		23822		
23732				
23733				
23734				
	23677			
		23823		
		23824		
23735				
			23725
	23678			
	23679			
			23726


---------------------------------
plain	jelly	coconut	honey-dip
	23816			
			23867
	23817			
		23974		
		23975		
			23868
23863				
	23818			
		23976		
		23977		
			23869
23864	

---------------------------------
plain	jelly	coconut	honey-dip
		24143		
			24017
		24144		
	23976			
		24145		
	23977			
	23978			
	23979			
			24018
24008				
			24019
	23980	

---------------------------------
plain	jelly	coconut	honey-dip
24186				
			24201
	24178			
	24179			
24187				
	24180			
24188				
			24202
			24203
			24204
			24205
	24181	

---------------------------------
plain	jelly	coconut	honey-dip
			24303
		24449		
24321				
24322				
	24307			
		24450		
		24451		
		24452		
	24308			
		24453		
		24454		
24323	

---------------------------------
plain	jelly	coconut	honey-dip
			24454
	24466			
		24632		
	24467			
24500				
		24633		
		24634		
			24455
	24468			
24501				
		24635		
24502	

---------------------------------
plain	jelly	coconut	honey-dip
			24611
24672				
	24672			
		24805		
24673				
			24612
	24673			
			24613
	24674			
	24675			
			24614
			24615


---------------------------------
plain	jelly	coconut	honey-dip
	24832			
24849				
		24935		
24850				
			24780
			24781
24851				
24852				
	24833			
		24936		
	24834			
			24782


---------------------------------
plain	jelly	coconut	honey-dip
	24970			
			24923
	24971			
24989				
24990				
			24924
	24972			
	24973			
	24974			
			24925
		25078		
			24926


---------------------------------
plain	jelly	coconut	honey-dip
25160				
			25108
		25257		
	25167			
	25168			
25161				
			25109
		25258		
	25169			
		25259		
		25260		
		25261	

---------------------------------
plain	jelly	coconut	honey-dip
25377				
	25370			
	25371			
	25372			
25378				
		25495		
		25496		
		25497		
	25373			
		25498		
25379				
		25499	

---------------------------------
plain	jelly	coconut	honey-dip
		25682		
		25683		
			25491
	25535			
	25536			
	25537			
25532				
25533				
			25492
			25493
			25494
		25684	

---------------------------------
plain	jelly	coconut	honey-dip
			25639
25667				
		25828		
	25682			
	25683			
		25829		
			25640
25668				
			25641
	25684			
	25685			
		25830	

---------------------------------
plain	jelly	coconut	honey-dip
25798				
			25795
25799				
		25968		
	25819			
25800				
			25796
		25969		
	25820			
25801				
25802				
			25797


---------------------------------
plain	jelly	coconut	honey-dip
	25925			
25923				
			25912
			25913
	25926			
			25914
			25915
		26088		
		26089		
	25927			
		26090		
			25916


---------------------------------
plain	jelly	coconut	honey-dip
	26066			
			26046
26055				
			26047
	26067			
		26245		
26056				
26057				
	26068			
			26048
			26049
			26050


---------------------------------
plain	jelly	coconut	honey-dip
	26164			
26174				
		26371		
26175				
			26171
26176				
		26372		
26177				
	26165			
	26166			
			26172
	26167	

---------------------------------
plain	jelly	coconut	honey-dip
			26300
			26301
		26494		
		26495		
			26302
		26496		
	26315			
	26316			
		26497		
26299				
	26317			
		26498	

---------------------------------
plain	jelly	coconut	honey-dip
	26501			
	26502			
		26716		
			26487
26484				
26485				
26486				
		26717		
26487				
			26488
	26503			
26488	

---------------------------------
plain	jelly	coconut	honey-dip
			26605
26633				
			26606
		26834		
			26607
		26835		
26634				
		26836		
			26608
			26609
	26620			
	26621	

---------------------------------
plain	jelly	coconut	honey-dip
		26946		
			26719
	26734			
			26720
		26947		
			26721
			26722
	26735			
	26736			
	26737			
			26723
		26948	

---------------------------------
plain	jelly	coconut	honey-dip
26840				
26841				
		27049		
		27050		
			26823
26842				
			26824
	26844			
	26845			
			26825
			26826
			26827


---------------------------------
plain	jelly	coconut	honey-dip
	26945			
			26925
		27165		
	26946			
			26926
			26927
			26928
			26929
		27166		
		27167		
			26930
	26947	

---------------------------------
plain	jelly	coconut	honey-dip
			27022
			27023
	27022			
	27023			
		27275		
			27024
			27025
			27026
	27024			
	27025			
	27026			
			27027


---------------------------------
plain	jelly	coconut	honey-dip
		27460		
27277				
		27461		
27278				
		27462		
27279				
	27200			
		27463		
27280				
			27215
27281				
			27216


---------------------------------
plain	jelly	coconut	honey-dip
		27574		
			27323
	27302			
27397				
27398				
27399				
			27324
			27325
27400				
27401				
27402				
	27303	

---------------------------------
plain	jelly	coconut	honey-dip
			27442
			27443
	27429			
27542				
			27444
	27430			
		27699		
		27700		
27543				
			27445
27544				
	27431	

---------------------------------
plain	jelly	coconut	honey-dip
27651				
	27527			
	27528			
27652				
			27540
			27541
27653				
27654				
27655				
			27542
		27790		
	27529	

---------------------------------
plain	jelly	coconut	honey-dip
27817				
			27689
	27700			
27818				
	27701			
	27702			
			27690
	27703			
		27926		
27819				
			27691
		27927	

---------------------------------
plain	jelly	coconut	honey-dip
		28078		
			27858
27968				
		28079		
		28080		
27969				
			27859
27970				
	27864			
	27865			
27971				
27972	

---------------------------------
plain	jelly	coconut	honey-dip
			27956
		28168		
28052				
28053				
	27976			
28054				
			27957
	27977			
	27978			
			27958
	27979			
	27980	

---------------------------------
plain	jelly	coconut	honey-dip
		28269		
28170				
			28066
	28103			
28171				
		28270		
			28067
28172				
		28271		
		28272		
28173				
			28068


---------------------------------
plain	jelly	coconut	honey-dip
28264				
			28154
	28171			
	28172			
			28155
28265				
	28173			
		28355		
28266				
	28174			
		28356		
			28156


---------------------------------
plain	jelly	coconut	honey-dip
		28464		
28408				
			28266
28409				
28410				
			28267
		28465		
		28466		
			28268
28411				
		28467		
		28468	

---------------------------------
plain	jelly	coconut	honey-dip
28536				
		28596		
		28597		
28537				
			28387
28538				
	28397			
	28398			
	28399			
	28400			
			28388
			28389


---------------------------------
plain	jelly	coconut	honey-dip
28621				
		28684		
	28487			
		28685		
	28488			
			28460
28622				
28623				
	28489			
28624				
		28686		
		28687	

---------------------------------
plain	jelly	coconut	honey-dip
	28563			
28714				
		28769		
			28542
	28564			
	28565			
			28543
			28544
28715				
28716				
	28566			
28717	

---------------------------------
plain	jelly	coconut	honey-dip
		28857		
28808				
28809				
	28640			
		28858		
		28859		
	28641			
			28631
			28632
			28633
			28634
	28642	

---------------------------------
plain	jelly	coconut	honey-dip
			28701
	28717			
			28702
28879				
28880				
28881				
	28718			
28882				
			28703
		28939		
			28704
			28705


---------------------------------
plain	jelly	coconut	honey-dip
		29028		
			28792
			28793
28955				
	28797			
			28794
		29029		
	28798			
		29030		
		29031		
			28795
		29032	

---------------------------------
plain	jelly	coconut	honey-dip
			28842
	28847			
			28843
	28848			
29009				
		29090		
			28844
	28849			
	28850			
		29091		
			28845
			28846


---------------------------------
plain	jelly	coconut	honey-dip
		29159		
	28930			
			28955
	28931			
			28956
			28957
			28958
29092				
29093				
		29160		
29094				
	28932	

---------------------------------
plain	jelly	coconut	honey-dip
		29216		
			29015
		29217		
			29016
			29017
		29218		
	28977			
29156				
			29018
		29219		
	28978			
29157	

---------------------------------
plain	jelly	coconut	honey-dip
29213				
	29058			
		29278		
	29059			
	29060			
			29091
29214				
	29061			
			29092
	29062			
29215				
		29279	

---------------------------------
plain	jelly	coconut	honey-dip
	29126			
		29367		
29299				
29300				
		29368		
		29369		
		29370		
			29184
	29127			
	29128			
	29129			
		29371	

---------------------------------
plain	jelly	coconut	honey-dip
	29189			
			29258
			29259
			29260
			29261
		29436		
			29262
		29437		
	29190			
			29263
			29264
		29438	

---------------------------------
plain	jelly	coconut	honey-dip
	29250			
			29331
		29494		
		29495		
			29332
	29251			
	29252			
	29253			
29465				
	29254			
			29333
29466	

