---------------------------------
plain	jelly	coconut	honey-dip
	2417			
	2418			
2405				
2406				
			2436
		2414		
		2415		
			2437
			2438
		2416		
	2419			
			2439


---------------------------------
plain	jelly	coconut	honey-dip
	2815			
	2816			
			2859
	2817			
	2818			
		2830		
			2860
	2819			
2788				
2789				
		2831		
		2832	

---------------------------------
plain	jelly	coconut	honey-dip
	2944			
2943				
		2957		
		2958		
		2959		
	2945			
		2960		
		2961		
		2962		
2944				
		2963		
		2964	

---------------------------------
plain	jelly	coconut	honey-dip
	3090			
3110				
3111				
			3157
			3158
			3159
	3091			
			3160
	3092			
3112				
3113				
			3161


---------------------------------
plain	jelly	coconut	honey-dip
	3197			
	3198			
3226				
3227				
	3199			
	3200			
3228				
			3292
			3293
	3201			
			3294
			3295


---------------------------------
plain	jelly	coconut	honey-dip
3335				
			3382
	3314			
	3315			
			3383
3336				
			3384
			3385
	3316			
	3317			
			3386
			3387


---------------------------------
plain	jelly	coconut	honey-dip
3423				
			3491
3424				
		3411		
	3391			
			3492
		3412		
	3392			
			3493
			3494
	3393			
3425	

---------------------------------
plain	jelly	coconut	honey-dip
	3503			
		3551		
3541				
		3552		
3542				
3543				
	3504			
	3505			
			3613
			3614
3544				
			3615


---------------------------------
plain	jelly	coconut	honey-dip
3664				
			3745
	3643			
			3746
3665				
3666				
			3747
		3696		
		3697		
	3644			
			3748
	3645	

---------------------------------
plain	jelly	coconut	honey-dip
3762				
	3771			
		3807		
			3864
			3865
		3808		
		3809		
	3772			
			3866
			3867
3763				
		3810	

---------------------------------
plain	jelly	coconut	honey-dip
3933				
			4047
3934				
		3964		
			4048
3935				
		3965		
			4049
3936				
			4050
		3966		
		3967	

---------------------------------
plain	jelly	coconut	honey-dip
	4110			
	4111			
			4168
4102				
4103				
		4108		
4104				
	4112			
			4169
		4109		
			4170
		4110	

---------------------------------
plain	jelly	coconut	honey-dip
	4236			
4225				
4226				
			4326
4227				
	4237			
		4241		
4228				
		4242		
			4327
	4238			
	4239	

---------------------------------
plain	jelly	coconut	honey-dip
	4392			
			4462
4372				
		4390		
	4393			
4373				
	4394			
4374				
4375				
4376				
4377				
		4391	

---------------------------------
plain	jelly	coconut	honey-dip
4511				
		4506		
	4530			
4512				
	4531			
		4507		
		4508		
		4509		
	4532			
			4597
	4533			
		4510	

---------------------------------
plain	jelly	coconut	honey-dip
			4735
			4736
			4737
			4738
4651				
4652				
			4739
		4667		
	4655			
		4668		
	4656			
			4740


---------------------------------
plain	jelly	coconut	honey-dip
	4744			
4741				
		4728		
		4729		
		4730		
	4745			
	4746			
4742				
	4747			
	4748			
	4749			
4743	

---------------------------------
plain	jelly	coconut	honey-dip
			4930
		4844		
			4931
		4845		
			4932
	4896			
			4933
			4934
	4897			
	4898			
		4846		
4890	

---------------------------------
plain	jelly	coconut	honey-dip
4997				
	5015			
	5016			
	5017			
	5018			
			5067
			5068
			5069
		4985		
	5019			
		4986		
		4987	

---------------------------------
plain	jelly	coconut	honey-dip
		5110		
	5151			
5112				
	5152			
		5111		
		5112		
5113				
			5183
5114				
	5153			
		5113		
		5114	

---------------------------------
plain	jelly	coconut	honey-dip
			5289
		5245		
	5301			
5237				
5238				
			5290
5239				
		5246		
5240				
			5291
		5247		
		5248	

---------------------------------
plain	jelly	coconut	honey-dip
5440				
	5481			
			5477
	5482			
		5430		
5441				
			5478
	5483			
	5484			
			5479
		5431		
	5485	

---------------------------------
plain	jelly	coconut	honey-dip
5551				
		5538		
		5539		
			5582
5552				
5553				
		5540		
			5583
	5601			
5554				
			5584
		5541	

---------------------------------
plain	jelly	coconut	honey-dip
			5702
		5681		
	5727			
		5682		
		5683		
			5703
			5704
	5728			
			5705
	5729			
5690				
		5684	

---------------------------------
plain	jelly	coconut	honey-dip
		5809		
	5862			
			5826
			5827
		5810		
5819				
		5811		
	5863			
5820				
	5864			
			5828
			5829


---------------------------------
plain	jelly	coconut	honey-dip
6091				
	6174			
6092				
	6175			
6093				
	6176			
	6177			
	6178			
			6126
	6179			
6094				
			6127


---------------------------------
plain	jelly	coconut	honey-dip
			6247
		6187		
	6301			
			6248
6201				
		6188		
6202				
	6302			
		6189		
6203				
	6303			
6204	

---------------------------------
plain	jelly	coconut	honey-dip
	6454			
		6335		
		6336		
	6455			
6322				
			6389
			6390
		6337		
			6391
		6338		
			6392
			6393


---------------------------------
plain	jelly	coconut	honey-dip
		6515		
		6516		
			6560
	6643			
			6561
6514				
		6517		
		6518		
			6562
			6563
	6644			
		6519	

---------------------------------
plain	jelly	coconut	honey-dip
			6706
6683				
6684				
			6707
		6649		
6685				
6686				
	6782			
			6708
			6709
			6710
6687	

---------------------------------
plain	jelly	coconut	honey-dip
	6872			
			6841
			6842
		6751		
	6873			
		6752		
6800				
		6753		
	6874			
			6843
		6754		
			6844


---------------------------------
plain	jelly	coconut	honey-dip
6963				
6964				
			7009
			7010
		6888		
	7016			
	7017			
			7011
		6889		
			7012
			7013
6965	

---------------------------------
plain	jelly	coconut	honey-dip
		7008		
			7150
			7151
7076				
			7152
			7153
	7146			
			7154
			7155
			7156
		7009		
	7147	

---------------------------------
plain	jelly	coconut	honey-dip
			7333
		7202		
			7334
	7333			
			7335
7244				
	7334			
	7335			
	7336			
7245				
		7203		
	7337	

---------------------------------
plain	jelly	coconut	honey-dip
7359				
			7460
			7461
		7341		
			7462
			7463
		7342		
			7464
		7343		
			7465
			7466
		7344	

---------------------------------
plain	jelly	coconut	honey-dip
		7478		
7497				
			7599
	7618			
		7479		
	7619			
7498				
	7620			
	7621			
7499				
7500				
	7622	

---------------------------------
plain	jelly	coconut	honey-dip
		7617		
7624				
			7748
7625				
		7618		
7626				
7627				
7628				
	7755			
		7619		
		7620		
			7749


---------------------------------
plain	jelly	coconut	honey-dip
		7745		
	7894			
	7895			
7765				
	7896			
	7897			
	7898			
7766				
			7904
7767				
	7899			
			7905


---------------------------------
plain	jelly	coconut	honey-dip
	8029			
		7865		
	8030			
	8031			
		7866		
		7867		
		7868		
	8032			
			8042
7912				
		7869		
	8033	

---------------------------------
plain	jelly	coconut	honey-dip
8056				
	8164			
	8165			
	8166			
	8167			
	8168			
		8003		
			8201
		8004		
8057				
8058				
8059	

---------------------------------
plain	jelly	coconut	honey-dip
	8303			
8190				
		8138		
8191				
			8333
		8139		
	8304			
8192				
		8140		
	8305			
	8306			
	8307	

---------------------------------
plain	jelly	coconut	honey-dip
		8262		
8314				
		8263		
		8264		
		8265		
8315				
		8266		
		8267		
		8268		
	8450			
8316				
8317	

---------------------------------
plain	jelly	coconut	honey-dip
8521				
		8458		
			8643
8522				
			8644
	8650			
		8459		
			8645
8523				
		8460		
8524				
8525	

---------------------------------
plain	jelly	coconut	honey-dip
8932				
			9073
	9059			
	9060			
8933				
8934				
8935				
	9061			
	9062			
8936				
			9074
			9075


---------------------------------
plain	jelly	coconut	honey-dip
			9192
9063				
	9183			
	9184			
	9185			
		9030		
		9031		
9064				
	9186			
			9193
		9032		
			9194


---------------------------------
plain	jelly	coconut	honey-dip
		9179		
			9338
9200				
9201				
9202				
	9315			
	9316			
		9180		
	9317			
	9318			
		9181		
	9319	

---------------------------------
plain	jelly	coconut	honey-dip
		9332		
	9487			
			9493
9332				
9333				
9334				
		9333		
	9488			
		9334		
9335				
9336				
9337	

---------------------------------
plain	jelly	coconut	honey-dip
9484				
9485				
			9621
		9469		
		9470		
		9471		
	9610			
	9611			
		9472		
		9473		
	9612			
9486	

---------------------------------
plain	jelly	coconut	honey-dip
			9754
		9615		
9645				
			9755
			9756
		9616		
			9757
	9758			
		9617		
	9759			
9646				
9647	

---------------------------------
plain	jelly	coconut	honey-dip
			10008
			10009
			10010
9878				
		9878		
			10011
9879				
	10028			
			10012
	10029			
		9879		
	10030	

---------------------------------
plain	jelly	coconut	honey-dip
	10207			
10050				
		10056		
10051				
10052				
		10057		
		10058		
		10059		
		10060		
10053				
	10208			
10054	

---------------------------------
plain	jelly	coconut	honey-dip
	10377			
	10378			
	10379			
	10380			
		10202		
10189				
	10381			
10190				
	10382			
		10203		
	10383			
			10332


---------------------------------
plain	jelly	coconut	honey-dip
	10536			
		10352		
10328				
		10353		
			10496
			10497
10329				
		10354		
			10498
10330				
10331				
	10537	

---------------------------------
plain	jelly	coconut	honey-dip
			10664
			10665
			10666
		10517		
	10710			
	10711			
	10712			
10505				
10506				
			10667
10507				
10508	

---------------------------------
plain	jelly	coconut	honey-dip
			10796
	10829			
	10830			
10619				
		10608		
			10797
	10831			
		10609		
		10610		
	10832			
10620				
	10833	

---------------------------------
plain	jelly	coconut	honey-dip
			10910
	10946			
	10947			
10758				
10759				
	10948			
			10911
	10949			
10760				
		10766		
			10912
		10767	

---------------------------------
plain	jelly	coconut	honey-dip
10895				
			11039
		10899		
		10900		
		10901		
			11040
10896				
		10902		
	11075			
		10903		
10897				
10898	

---------------------------------
plain	jelly	coconut	honey-dip
			11186
11012				
			11187
		11044		
11013				
11014				
11015				
11016				
11017				
11018				
11019				
11020	

---------------------------------
plain	jelly	coconut	honey-dip
11142				
		11165		
			11329
		11166		
	11352			
		11167		
			11330
			11331
			11332
			11333
		11168		
11143	

---------------------------------
plain	jelly	coconut	honey-dip
		11319		
	11493			
11279				
11280				
11281				
	11494			
			11485
11282				
			11486
	11495			
		11320		
			11487


---------------------------------
plain	jelly	coconut	honey-dip
11414				
		11450		
11415				
	11645			
	11646			
		11451		
		11452		
	11647			
			11631
11416				
	11648			
		11453	

---------------------------------
plain	jelly	coconut	honey-dip
	11775			
11557				
			11768
11558				
		11604		
	11776			
11559				
11560				
	11777			
	11778			
11561				
		11605	

---------------------------------
plain	jelly	coconut	honey-dip
11712				
			11883
11713				
11714				
		11725		
11715				
			11884
11716				
			11885
11717				
11718				
			11886


---------------------------------
plain	jelly	coconut	honey-dip
		11854		
	12009			
		11855		
11852				
	12010			
			12045
			12046
			12047
	12011			
			12048
		11856		
			12049


---------------------------------
plain	jelly	coconut	honey-dip
	12130			
	12131			
11978				
11979				
		11981		
11980				
		11982		
			12163
	12132			
11981				
	12133			
11982	

---------------------------------
plain	jelly	coconut	honey-dip
	12247			
			12274
		12103		
	12248			
			12275
		12104		
	12249			
	12250			
12120				
	12251			
	12252			
12121	

---------------------------------
plain	jelly	coconut	honey-dip
		12278		
		12279		
			12461
			12462
			12463
			12464
	12411			
12290				
			12465
		12280		
		12281		
			12466


---------------------------------
plain	jelly	coconut	honey-dip
		12422		
	12542			
12429				
12430				
			12635
			12636
	12543			
12431				
			12637
	12544			
		12423		
			12638


---------------------------------
plain	jelly	coconut	honey-dip
	12645			
12543				
	12646			
	12647			
		12560		
12544				
			12748
		12561		
		12562		
			12749
12545				
	12648	

---------------------------------
plain	jelly	coconut	honey-dip
			12858
12703				
12704				
12705				
		12685		
	12766			
		12686		
	12767			
12706				
12707				
		12687		
12708	

---------------------------------
plain	jelly	coconut	honey-dip
	13016			
	13017			
12999				
13000				
	13018			
			13125
13001				
		12952		
	13019			
		12953		
		12954		
		12955	

---------------------------------
plain	jelly	coconut	honey-dip
	13152			
13128				
13129				
	13153			
13130				
13131				
		13100		
13132				
13133				
		13101		
		13102		
		13103	

---------------------------------
plain	jelly	coconut	honey-dip
13379				
		13319		
13380				
	13410			
13381				
	13411			
		13320		
			13496
	13412			
		13321		
		13322		
	13413	

---------------------------------
plain	jelly	coconut	honey-dip
		13466		
			13641
13543				
	13554			
			13642
			13643
			13644
13544				
13545				
13546				
			13645
		13467	

---------------------------------
plain	jelly	coconut	honey-dip
		13571		
		13572		
	13685			
		13573		
		13574		
		13575		
13674				
			13766
			13767
	13686			
	13687			
	13688	

---------------------------------
plain	jelly	coconut	honey-dip
			13933
	13849			
		13744		
			13934
	13850			
		13745		
			13935
	13851			
		13746		
			13936
	13852			
	13853	

---------------------------------
plain	jelly	coconut	honey-dip
			14145
13997				
13998				
		13927		
			14146
	14043			
	14044			
	14045			
		13928		
13999				
	14046			
		13929	

---------------------------------
plain	jelly	coconut	honey-dip
		14075		
			14273
		14076		
			14274
	14167			
		14077		
14125				
14126				
14127				
			14275
		14078		
	14168	

---------------------------------
plain	jelly	coconut	honey-dip
			14464
	14345			
			14465
	14346			
		14274		
		14275		
14301				
	14347			
14302				
	14348			
		14276		
		14277	

---------------------------------
plain	jelly	coconut	honey-dip
			14636
	14496			
	14497			
	14498			
		14434		
14454				
			14637
			14638
			14639
		14435		
			14640
	14499	

---------------------------------
plain	jelly	coconut	honey-dip
			14738
14570				
	14612			
		14568		
			14739
			14740
14571				
14572				
	14613			
		14569		
			14741
	14614	

---------------------------------
plain	jelly	coconut	honey-dip
		14694		
	14735			
	14736			
		14695		
14675				
		14696		
			14876
			14877
			14878
		14697		
14676				
		14698	

---------------------------------
plain	jelly	coconut	honey-dip
14831				
14832				
		14852		
			15038
	14895			
	14896			
14833				
	14897			
	14898			
14834				
14835				
			15039


---------------------------------
plain	jelly	coconut	honey-dip
	15027			
		14977		
		14978		
		14979		
14970				
		14980		
		14981		
		14982		
14971				
			15146
			15147
			15148


---------------------------------
plain	jelly	coconut	honey-dip
		15155		
		15156		
	15173			
	15174			
15140				
			15312
		15157		
	15175			
	15176			
	15177			
	15178			
	15179	

---------------------------------
plain	jelly	coconut	honey-dip
	15324			
		15293		
15275				
15276				
			15428
		15294		
	15325			
			15429
		15295		
			15430
15277				
			15431


---------------------------------
plain	jelly	coconut	honey-dip
15407				
	15481			
			15592
		15452		
		15453		
15408				
			15593
	15482			
	15483			
			15594
			15595
15409	

---------------------------------
plain	jelly	coconut	honey-dip
	15593			
	15594			
			15718
		15589		
	15595			
			15719
		15590		
	15596			
		15591		
15548				
	15597			
		15592	

---------------------------------
plain	jelly	coconut	honey-dip
	15738			
		15744		
15684				
		15745		
	15739			
		15746		
15685				
15686				
	15740			
			15858
15687				
		15747	

---------------------------------
plain	jelly	coconut	honey-dip
15844				
15845				
15846				
15847				
		15906		
			16003
15848				
15849				
			16004
			16005
		15907		
15850	

---------------------------------
plain	jelly	coconut	honey-dip
15966				
		16002		
15967				
			16102
	16010			
15968				
	16011			
		16003		
			16103
			16104
		16004		
15969	

---------------------------------
plain	jelly	coconut	honey-dip
		16185		
16141				
16142				
16143				
			16270
16144				
	16180			
			16271
	16181			
16145				
16146				
			16272


---------------------------------
plain	jelly	coconut	honey-dip
		16309		
			16401
			16402
	16303			
16267				
	16304			
16268				
16269				
		16310		
	16305			
16270				
			16403


---------------------------------
plain	jelly	coconut	honey-dip
	16437			
	16438			
16385				
	16439			
	16440			
		16435		
	16441			
	16442			
	16443			
			16527
16386				
16387	

---------------------------------
plain	jelly	coconut	honey-dip
		16641		
			16719
16575				
			16720
	16653			
			16721
	16654			
		16642		
			16722
		16643		
	16655			
			16723


---------------------------------
plain	jelly	coconut	honey-dip
			16864
			16865
16733				
	16795			
		16760		
	16796			
16734				
	16797			
			16866
			16867
			16868
		16761	

---------------------------------
plain	jelly	coconut	honey-dip
		16901		
			16993
			16994
	16922			
			16995
	16923			
	16924			
16888				
		16902		
	16925			
		16903		
16889	

---------------------------------
plain	jelly	coconut	honey-dip
	17058			
	17059			
			17122
		17061		
		17062		
		17063		
			17123
		17064		
	17060			
		17065		
			17124
17027	

---------------------------------
plain	jelly	coconut	honey-dip
		17227		
		17228		
		17229		
17165				
		17230		
		17231		
		17232		
		17233		
17166				
		17234		
			17261
17167	

---------------------------------
plain	jelly	coconut	honey-dip
17384				
		17460		
			17469
			17470
		17461		
		17462		
17385				
17386				
17387				
		17463		
			17471
		17464	

---------------------------------
plain	jelly	coconut	honey-dip
			17623
	17579			
		17604		
		17605		
	17580			
	17581			
	17582			
17526				
	17583			
17527				
17528				
		17606	

---------------------------------
plain	jelly	coconut	honey-dip
		17788		
			17816
	17757			
17739				
	17758			
			17817
	17759			
		17789		
			17818
17740				
		17790		
	17760	

---------------------------------
plain	jelly	coconut	honey-dip
17866				
	17879			
	17880			
17867				
		17950		
			17921
	17881			
			17922
		17951		
17868				
	17882			
			17923


---------------------------------
plain	jelly	coconut	honey-dip
17976				
17977				
	17988			
		18033		
		18034		
			18027
17978				
			18028
17979				
	17989			
			18029
	17990	

---------------------------------
plain	jelly	coconut	honey-dip
			18149
	18115			
		18166		
			18150
18098				
	18116			
	18117			
			18151
		18167		
18099				
	18118			
	18119	

---------------------------------
plain	jelly	coconut	honey-dip
18294				
			18311
	18310			
	18311			
		18333		
		18334		
			18312
		18335		
18295				
18296				
18297				
	18312	

---------------------------------
plain	jelly	coconut	honey-dip
			18459
		18482		
	18445			
	18446			
			18460
18426				
	18447			
18427				
18428				
	18448			
18429				
			18461


---------------------------------
plain	jelly	coconut	honey-dip
			18562
18564				
	18553			
	18554			
		18613		
	18555			
18565				
		18614		
		18615		
			18563
		18616		
			18564


---------------------------------
plain	jelly	coconut	honey-dip
	18701			
	18702			
		18768		
	18703			
18702				
			18721
		18769		
		18770		
		18771		
		18772		
			18722
	18704	

---------------------------------
plain	jelly	coconut	honey-dip
			18872
18874				
		18909		
		18910		
	18861			
			18873
	18862			
			18874
	18863			
		18911		
		18912		
		18913	

---------------------------------
plain	jelly	coconut	honey-dip
		19057		
	19002			
		19058		
		19059		
			19009
	19003			
	19004			
		19060		
		19061		
			19010
		19062		
	19005	

---------------------------------
plain	jelly	coconut	honey-dip
	19183			
			19200
		19229		
	19184			
19200				
			19201
			19202
			19203
	19185			
		19230		
			19204
			19205


---------------------------------
plain	jelly	coconut	honey-dip
		19363		
			19335
19323				
	19283			
		19364		
	19284			
			19336
			19337
			19338
19324				
19325				
			19339


---------------------------------
plain	jelly	coconut	honey-dip
			19463
			19464
	19398			
	19399			
19459				
	19400			
	19401			
		19476		
		19477		
19460				
	19402			
19461	

---------------------------------
plain	jelly	coconut	honey-dip
	19526			
19595				
			19594
			19595
	19527			
	19528			
19596				
		19597		
			19596
19597				
19598				
		19598	

---------------------------------
plain	jelly	coconut	honey-dip
	19653			
			19732
	19654			
			19733
	19655			
	19656			
19728				
			19734
		19727		
19729				
			19735
	19657	

---------------------------------
plain	jelly	coconut	honey-dip
	19772			
			19850
19843				
	19773			
19844				
19845				
			19851
		19867		
	19774			
			19852
	19775			
	19776	

---------------------------------
plain	jelly	coconut	honey-dip
		20056		
	19966			
	19967			
			20052
20026				
			20053
20027				
		20057		
		20058		
			20054
			20055
		20059	

---------------------------------
plain	jelly	coconut	honey-dip
20175				
		20211		
20176				
20177				
	20131			
	20132			
			20219
	20133			
			20220
	20134			
20178				
20179	

---------------------------------
plain	jelly	coconut	honey-dip
		20326		
	20248			
			20325
	20249			
20293				
		20327		
20294				
	20250			
20295				
			20326
	20251			
			20327


---------------------------------
plain	jelly	coconut	honey-dip
	20349			
20418				
	20350			
		20462		
		20463		
		20464		
		20465		
		20466		
20419				
	20351			
			20443
	20352	

---------------------------------
plain	jelly	coconut	honey-dip
20560				
20561				
	20508			
		20624		
			20616
		20625		
20562				
20563				
20564				
		20626		
		20627		
	20509	

---------------------------------
plain	jelly	coconut	honey-dip
		20790		
		20791		
20721				
20722				
			20760
		20792		
	20661			
	20662			
	20663			
			20761
20723				
20724	

---------------------------------
plain	jelly	coconut	honey-dip
20870				
			20892
		20914		
20871				
	20772			
			20893
	20773			
		20915		
	20774			
20872				
20873				
			20894


---------------------------------
plain	jelly	coconut	honey-dip
	20879			
21001				
21002				
		21033		
			21015
21003				
21004				
			21016
			21017
			21018
	20880			
21005	

---------------------------------
plain	jelly	coconut	honey-dip
21125				
		21158		
21126				
			21140
		21159		
21127				
		21160		
		21161		
21128				
		21162		
			21141
			21142


---------------------------------
plain	jelly	coconut	honey-dip
		21320		
			21304
		21321		
		21322		
			21305
		21323		
21275				
	21169			
	21170			
	21171			
21276				
21277	

---------------------------------
plain	jelly	coconut	honey-dip
		21466		
		21467		
21436				
			21448
		21468		
21437				
			21449
		21469		
			21450
			21451
			21452
		21470	

---------------------------------
plain	jelly	coconut	honey-dip
		21624		
		21625		
	21457			
		21626		
			21598
			21599
21601				
	21458			
	21459			
			21600
		21627		
			21601


---------------------------------
plain	jelly	coconut	honey-dip
			21752
			21753
			21754
			21755
			21756
	21619			
21757				
21758				
		21776		
21759				
			21757
21760	

---------------------------------
plain	jelly	coconut	honey-dip
	21741			
			21870
			21871
		21892		
			21872
		21893		
		21894		
21869				
			21873
		21895		
			21874
	21742	

---------------------------------
plain	jelly	coconut	honey-dip
22013				
			22005
	21879			
		22051		
22014				
	21880			
		22052		
22015				
			22006
22016				
			22007
		22053	

---------------------------------
plain	jelly	coconut	honey-dip
			22174
		22223		
	22070			
22189				
		22224		
		22225		
	22071			
			22175
		22226		
		22227		
			22176
	22072	

---------------------------------
plain	jelly	coconut	honey-dip
22324				
		22405		
22325				
	22236			
			22315
22326				
			22316
22327				
22328				
	22237			
22329				
			22317


---------------------------------
plain	jelly	coconut	honey-dip
	22333			
		22523		
	22334			
	22335			
			22436
22444				
	22336			
	22337			
	22338			
		22524		
	22339			
		22525	

---------------------------------
plain	jelly	coconut	honey-dip
		22680		
	22528			
	22529			
			22599
			22600
		22681		
	22530			
	22531			
		22682		
			22601
		22683		
22613	

---------------------------------
plain	jelly	coconut	honey-dip
			22747
22755				
	22700			
	22701			
		22806		
	22702			
			22748
			22749
		22807		
		22808		
			22750
		22809	

---------------------------------
plain	jelly	coconut	honey-dip
	22856			
22909				
22910				
	22857			
22911				
		22956		
		22957		
22912				
			22935
			22936
22913				
	22858	

---------------------------------
plain	jelly	coconut	honey-dip
		23104		
		23105		
23051				
23052				
		23106		
		23107		
23053				
		23108		
			23047
	22982			
		23109		
		23110	

---------------------------------
plain	jelly	coconut	honey-dip
			23219
23217				
			23220
			23221
23218				
23219				
23220				
			23222
23221				
			23223
	23158			
		23286	

---------------------------------
plain	jelly	coconut	honey-dip
		23471		
		23472		
			23380
23379				
23380				
			23381
		23473		
23381				
23382				
23383				
23384				
23385	

---------------------------------
plain	jelly	coconut	honey-dip
23490				
		23580		
	23452			
		23581		
			23486
	23453			
23491				
		23582		
		23583		
23492				
			23487
			23488


---------------------------------
plain	jelly	coconut	honey-dip
			23630
		23739		
23640				
23641				
	23599			
23642				
23643				
			23631
	23600			
		23740		
23644				
23645	

---------------------------------
plain	jelly	coconut	honey-dip
		23878		
		23879		
		23880		
	23717			
	23718			
		23881		
	23719			
			23783
			23784
			23785
		23882		
	23720	

---------------------------------
plain	jelly	coconut	honey-dip
			23973
		24087		
	23925			
23955				
			23974
23956				
23957				
		24088		
			23975
		24089		
			23976
	23926	

---------------------------------
plain	jelly	coconut	honey-dip
		24217		
		24218		
24078				
24079				
			24087
	24050			
	24051			
		24219		
24080				
		24220		
	24052			
			24088


---------------------------------
plain	jelly	coconut	honey-dip
	24215			
	24216			
24223				
			24236
			24237
	24217			
			24238
		24358		
			24239
	24218			
24224				
		24359	

---------------------------------
plain	jelly	coconut	honey-dip
			24338
	24364			
		24496		
24374				
24375				
	24365			
	24366			
		24497		
			24339
		24498		
		24499		
		24500	

---------------------------------
plain	jelly	coconut	honey-dip
		24668		
	24510			
			24485
	24511			
		24669		
		24670		
		24671		
			24486
24533				
	24512			
			24487
		24672	

---------------------------------
plain	jelly	coconut	honey-dip
	24666			
	24667			
			24607
		24804		
			24608
	24668			
	24669			
			24609
	24670			
	24671			
24671				
			24610


---------------------------------
plain	jelly	coconut	honey-dip
		24923		
		24924		
			24769
			24770
			24771
		24925		
		24926		
	24819			
			24772
24837				
24838				
24839	

---------------------------------
plain	jelly	coconut	honey-dip
	24961			
		25063		
			24913
24975				
		25064		
		25065		
24976				
		25066		
24977				
		25067		
			24914
24978	

---------------------------------
plain	jelly	coconut	honey-dip
		25283		
25181				
25182				
		25284		
	25186			
		25285		
			25126
25183				
	25187			
			25127
25184				
25185	

---------------------------------
plain	jelly	coconut	honey-dip
		25414		
	25304			
			25241
25309				
		25415		
		25416		
		25417		
	25305			
25310				
		25418		
	25306			
			25242


---------------------------------
plain	jelly	coconut	honey-dip
		25589		
			25385
		25590		
	25445			
25437				
25438				
			25386
	25446			
		25591		
25439				
	25447			
	25448	

---------------------------------
plain	jelly	coconut	honey-dip
25587				
			25553
			25554
	25594			
	25595			
		25746		
25588				
	25596			
	25597			
25589				
		25747		
25590	

---------------------------------
plain	jelly	coconut	honey-dip
			25691
	25736			
25719				
			25692
25720				
			25693
			25694
			25695
		25874		
	25737			
	25738			
		25875	

---------------------------------
plain	jelly	coconut	honey-dip
		26026		
25858				
		26027		
	25860			
	25861			
		26028		
25859				
			25840
	25862			
	25863			
			25841
		26029	

---------------------------------
plain	jelly	coconut	honey-dip
	26000			
25999				
			26001
		26172		
			26002
	26001			
			26003
26000				
		26173		
			26004
		26174		
		26175	

---------------------------------
plain	jelly	coconut	honey-dip
26154				
26155				
			26152
	26153			
26156				
26157				
	26154			
26158				
	26155			
	26156			
	26157			
			26153


---------------------------------
plain	jelly	coconut	honey-dip
	26297			
		26476		
		26477		
26278				
	26298			
		26478		
26279				
		26479		
			26285
	26299			
	26300			
26280	

---------------------------------
plain	jelly	coconut	honey-dip
26410				
		26629		
	26428			
	26429			
			26409
	26430			
26411				
	26431			
26412				
		26630		
		26631		
	26432	

---------------------------------
plain	jelly	coconut	honey-dip
		26843		
26645				
		26844		
	26632			
		26845		
			26620
26646				
			26621
26647				
			26622
		26846		
			26623


---------------------------------
plain	jelly	coconut	honey-dip
			26724
	26738			
		26949		
		26950		
	26739			
	26740			
		26951		
	26741			
	26742			
		26952		
	26743			
		26953	

---------------------------------
plain	jelly	coconut	honey-dip
		27080		
			26865
		27081		
		27082		
	26881			
26874				
			26866
		27083		
		27084		
26875				
	26882			
26876	

---------------------------------
plain	jelly	coconut	honey-dip
26961				
		27188		
		27189		
		27190		
			26945
			26946
26962				
		27191		
26963				
		27192		
26964				
	26966	

---------------------------------
plain	jelly	coconut	honey-dip
27072				
			27041
			27042
		27288		
	27043			
		27289		
			27043
27073				
		27290		
	27044			
	27045			
27074	

---------------------------------
plain	jelly	coconut	honey-dip
		27392		
	27133			
27199				
27200				
	27134			
		27393		
27201				
27202				
			27152
			27153
27203				
27204	

---------------------------------
plain	jelly	coconut	honey-dip
		27496		
27315				
27316				
27317				
			27257
		27497		
			27258
27318				
27319				
27320				
			27259
			27260


---------------------------------
plain	jelly	coconut	honey-dip
	27323			
	27324			
		27593		
		27594		
	27325			
			27345
			27346
			27347
27419				
27420				
		27595		
	27326	

---------------------------------
plain	jelly	coconut	honey-dip
27551				
27552				
	27437			
			27453
27553				
	27438			
		27707		
27554				
	27439			
		27708		
		27709		
	27440	

---------------------------------
plain	jelly	coconut	honey-dip
27677				
27678				
			27568
		27810		
	27561			
27679				
		27811		
	27562			
27680				
			27569
			27570
	27563	

---------------------------------
plain	jelly	coconut	honey-dip
	27679			
27796				
		27892		
			27669
		27893		
		27894		
27797				
		27895		
	27680			
		27896		
			27670
27798	

---------------------------------
plain	jelly	coconut	honey-dip
			27952
28047				
			27953
		28166		
28048				
			27954
		28167		
	27975			
28049				
28050				
			27955
28051	

---------------------------------
plain	jelly	coconut	honey-dip
			28039
			28040
28137				
		28245		
			28041
28138				
	28079			
28139				
28140				
	28080			
	28081			
28141	

---------------------------------
plain	jelly	coconut	honey-dip
	28143			
	28144			
28229				
	28145			
	28146			
		28321		
		28322		
			28119
		28323		
28230				
28231				
28232	

---------------------------------
plain	jelly	coconut	honey-dip
			28233
		28429		
	28250			
28368				
		28430		
		28431		
28369				
		28432		
		28433		
28370				
	28251			
			28234


---------------------------------
plain	jelly	coconut	honey-dip
	28317			
	28318			
		28505		
28449				
28450				
		28506		
28451				
		28507		
28452				
28453				
			28297
		28508	

---------------------------------
plain	jelly	coconut	honey-dip
			28371
		28576		
		28577		
28521				
28522				
		28578		
	28388			
			28372
		28579		
		28580		
	28389			
		28581	

---------------------------------
plain	jelly	coconut	honey-dip
			28452
			28453
		28673		
			28454
		28674		
	28469			
	28470			
	28471			
		28675		
	28472			
			28455
	28473	

---------------------------------
plain	jelly	coconut	honey-dip
		28757		
		28758		
			28527
	28546			
			28528
28698				
28699				
28700				
	28547			
28701				
28702				
			28529


---------------------------------
plain	jelly	coconut	honey-dip
		28863		
	28647			
	28648			
	28649			
28811				
28812				
28813				
			28639
		28864		
		28865		
28814				
			28640


---------------------------------
plain	jelly	coconut	honey-dip
			28734
28911				
	28749			
		28974		
			28735
28912				
			28736
		28975		
		28976		
			28737
			28738
	28750	

---------------------------------
plain	jelly	coconut	honey-dip
			28807
			28808
28966				
28967				
		29048		
		29049		
		29050		
28968				
		29051		
		29052		
	28811			
		29053	

---------------------------------
plain	jelly	coconut	honey-dip
			28882
29035				
	28883			
			28883
			28884
			28885
			28886
			28887
29036				
		29120		
			28888
29037	

---------------------------------
plain	jelly	coconut	honey-dip
			29026
		29223		
29163				
			29027
29164				
			29028
		29224		
		29225		
			29029
			29030
			29031
	28988	

---------------------------------
plain	jelly	coconut	honey-dip
	29063			
29216				
		29280		
			29093
			29094
			29095
29217				
	29064			
	29065			
	29066			
29218				
		29281	

---------------------------------
plain	jelly	coconut	honey-dip
			29163
			29164
			29165
			29166
			29167
		29352		
	29116			
	29117			
		29353		
29285				
			29168
	29118	

---------------------------------
plain	jelly	coconut	honey-dip
29356				
			29233
		29416		
29357				
			29234
			29235
29358				
29359				
29360				
29361				
			29236
29362	

---------------------------------
plain	jelly	coconut	honey-dip
		29456		
		29457		
			29282
			29283
			29284
	29206			
		29458		
	29207			
	29208			
	29209			
			29285
		29459	

---------------------------------
plain	jelly	coconut	honey-dip
		29517		
		29518		
		29519		
			29357
	29276			
	29277			
29498				
29499				
		29520		
			29358
		29521		
29500	

---------------------------------
plain	jelly	coconut	honey-dip
29557				
29558				
29559				
29560				
	29326			
29561				
	29327			
			29418
		29575		
		29576		
		29577		
29562	

---------------------------------
plain	jelly	coconut	honey-dip
		29616		
		29617		
	29365			
		29618		
		29619		
	29366			
29601				
29602				
			29462
29603				
		29620		
29604	

---------------------------------
plain	jelly	coconut	honey-dip
29631				
		29657		
		29658		
			29493
		29659		
		29660		
		29661		
29632				
	29395			
	29396			
			29494
		29662	

---------------------------------
plain	jelly	coconut	honey-dip
	29429			
	29430			
29660				
29661				
29662				
29663				
	29431			
		29693		
29664				
	29432			
			29526
		29694	

---------------------------------
plain	jelly	coconut	honey-dip
	29461			
			29556
	29462			
		29733		
29702				
	29463			
	29464			
		29734		
	29465			
	29466			
		29735		
			29557


---------------------------------
plain	jelly	coconut	honey-dip
			29626
	29541			
		29796		
	29542			
			29627
		29797		
29765				
		29798		
	29543			
			29628
	29544			
			29629


---------------------------------
plain	jelly	coconut	honey-dip
			29665
			29666
			29667
29803				
		29833		
	29571			
		29834		
	29572			
		29835		
29804				
			29668
29805	

---------------------------------
plain	jelly	coconut	honey-dip
		29858		
	29602			
29835				
29836				
		29859		
29837				
			29685
			29686
			29687
	29603			
		29860		
			29688


---------------------------------
plain	jelly	coconut	honey-dip
	29642			
			29710
29873				
			29711
			29712
		29887		
		29888		
29874				
			29713
			29714
	29643			
29875	

