---------------------------------
plain	jelly	coconut	honey-dip
222				
			184
		209		
223				
			185
224				
		210		
	201			
	202			
	203			
	204			
225	

---------------------------------
plain	jelly	coconut	honey-dip
	444			
	445			
		461		
	446			
		462		
		463		
446				
447				
	447			
	448			
448				
		464	

---------------------------------
plain	jelly	coconut	honey-dip
			498
525				
		529		
	524			
	525			
		530		
	526			
	527			
	528			
			499
			500
	529	

---------------------------------
plain	jelly	coconut	honey-dip
		557		
		558		
578				
		559		
	571			
		560		
		561		
			550
		562		
	572			
	573			
			551


---------------------------------
plain	jelly	coconut	honey-dip
		665		
652				
	656			
			631
			632
653				
	657			
654				
		666		
	658			
655				
	659	

---------------------------------
plain	jelly	coconut	honey-dip
	708			
		705		
			688
		706		
	709			
695				
	710			
	711			
			689
696				
			690
		707	

---------------------------------
plain	jelly	coconut	honey-dip
745				
	761			
	762			
		766		
			752
		767		
			753
746				
			754
		768		
	763			
	764	

---------------------------------
plain	jelly	coconut	honey-dip
	813			
	814			
	815			
		839		
		840		
			814
		841		
798				
799				
	816			
		842		
800	

---------------------------------
plain	jelly	coconut	honey-dip
			892
			893
	883			
	884			
865				
		900		
	885			
			894
		901		
		902		
		903		
		904	

---------------------------------
plain	jelly	coconut	honey-dip
			1002
976				
			1003
977				
			1004
			1005
	986			
978				
979				
	987			
980				
981	

---------------------------------
plain	jelly	coconut	honey-dip
			1054
	1045			
1033				
		1056		
			1055
			1056
	1046			
			1057
			1058
			1059
	1047			
	1048	

---------------------------------
plain	jelly	coconut	honey-dip
		1116		
1085				
1086				
			1100
			1101
	1115			
		1117		
			1102
			1103
			1104
			1105
			1106


---------------------------------
plain	jelly	coconut	honey-dip
			1162
			1163
1147				
	1183			
			1164
		1176		
1148				
		1177		
	1184			
			1165
		1178		
			1166


---------------------------------
plain	jelly	coconut	honey-dip
1220				
1221				
	1279			
1222				
	1280			
	1281			
1223				
1224				
			1246
	1282			
	1283			
	1284	

---------------------------------
plain	jelly	coconut	honey-dip
			1303
			1304
1282				
1283				
			1305
			1306
	1336			
		1323		
1284				
			1307
		1324		
1285	

---------------------------------
plain	jelly	coconut	honey-dip
			1371
	1418			
			1372
	1419			
	1420			
		1407		
	1421			
		1408		
			1373
			1374
		1409		
	1422	

---------------------------------
plain	jelly	coconut	honey-dip
	1506			
1447				
			1480
			1481
			1482
			1483
1448				
	1507			
		1495		
1449				
1450				
		1496	

---------------------------------
plain	jelly	coconut	honey-dip
		1571		
			1567
		1572		
1537				
1538				
		1573		
			1568
1539				
1540				
		1574		
			1569
			1570


---------------------------------
plain	jelly	coconut	honey-dip
	1694			
	1695			
1638				
			1674
			1675
		1678		
1639				
1640				
			1676
1641				
1642				
	1696	

---------------------------------
plain	jelly	coconut	honey-dip
	1778			
1725				
1726				
			1767
1727				
			1768
			1769
	1779			
1728				
	1780			
	1781			
1729	

---------------------------------
plain	jelly	coconut	honey-dip
	1852			
	1853			
1835				
		1844		
	1854			
	1855			
		1845		
		1846		
		1847		
1836				
			1873
1837	

---------------------------------
plain	jelly	coconut	honey-dip
	1947			
			1969
		1926		
1910				
			1970
		1927		
	1948			
1911				
		1928		
		1929		
			1971
			1972


---------------------------------
plain	jelly	coconut	honey-dip
	2067			
2031				
2032				
2033				
		2041		
			2081
2034				
2035				
	2068			
		2042		
2036				
	2069	

---------------------------------
plain	jelly	coconut	honey-dip
		2147		
		2148		
2125				
	2159			
2126				
2127				
		2149		
			2173
	2160			
2128				
		2150		
	2161	

---------------------------------
plain	jelly	coconut	honey-dip
	2281			
	2282			
	2283			
	2284			
		2265		
			2291
			2292
		2266		
		2267		
			2293
			2294
2223	

---------------------------------
plain	jelly	coconut	honey-dip
2340				
			2393
	2378			
			2394
		2369		
2341				
			2395
		2370		
2342				
2343				
			2396
2344	

---------------------------------
plain	jelly	coconut	honey-dip
			2637
2568				
		2601		
	2622			
	2623			
			2638
		2602		
			2639
	2624			
		2603		
	2625			
			2640


---------------------------------
plain	jelly	coconut	honey-dip
			2754
2695				
	2726			
		2733		
	2727			
	2728			
2696				
2697				
	2729			
			2755
	2730			
		2734	

---------------------------------
plain	jelly	coconut	honey-dip
			2881
	2839			
		2846		
	2840			
			2882
	2841			
	2842			
			2883
			2884
	2843			
		2847		
	2844	

---------------------------------
plain	jelly	coconut	honey-dip
2939				
	2941			
			2996
		2956		
			2997
			2998
			2999
2940				
2941				
	2942			
2942				
	2943	

---------------------------------
plain	jelly	coconut	honey-dip
			3105
		3070		
3055				
	3046			
		3071		
3056				
3057				
			3106
			3107
	3047			
3058				
		3072	

---------------------------------
plain	jelly	coconut	honey-dip
		3192		
			3251
			3252
			3253
	3163			
		3193		
			3254
3198				
3199				
		3194		
3200				
			3255


---------------------------------
plain	jelly	coconut	honey-dip
			3375
			3376
		3302		
	3309			
			3377
		3303		
		3304		
		3305		
3334				
	3310			
		3306		
			3378


---------------------------------
plain	jelly	coconut	honey-dip
		3515		
		3516		
	3468			
3504				
3505				
3506				
	3469			
3507				
		3517		
3508				
	3470			
		3518	

---------------------------------
plain	jelly	coconut	honey-dip
			3719
3646				
			3720
		3676		
	3623			
		3677		
			3721
	3624			
	3625			
3647				
		3678		
	3626	

---------------------------------
plain	jelly	coconut	honey-dip
3756				
			3862
	3760			
	3761			
	3762			
		3802		
		3803		
		3804		
		3805		
	3763			
	3764			
3757	

---------------------------------
plain	jelly	coconut	honey-dip
	3918			
			4005
		3913		
3884				
		3914		
		3915		
			4006
		3916		
		3917		
		3918		
3885				
		3919	

---------------------------------
plain	jelly	coconut	honey-dip
4075				
	4093			
		4084		
			4152
		4085		
		4086		
4076				
	4094			
4077				
4078				
		4087		
		4088	

---------------------------------
plain	jelly	coconut	honey-dip
4260				
		4276		
	4269			
	4270			
	4271			
	4272			
	4273			
		4277		
	4274			
		4278		
	4275			
	4276	

---------------------------------
plain	jelly	coconut	honey-dip
			4476
		4405		
4390				
	4405			
			4477
4391				
	4406			
	4407			
	4408			
			4478
		4406		
			4479


---------------------------------
plain	jelly	coconut	honey-dip
4528				
	4544			
			4609
	4545			
			4610
4529				
	4546			
		4523		
		4524		
4530				
		4525		
	4547	

---------------------------------
plain	jelly	coconut	honey-dip
4660				
		4677		
		4678		
4661				
		4679		
			4750
4662				
4663				
4664				
4665				
	4669			
	4670	

---------------------------------
plain	jelly	coconut	honey-dip
4796				
			4848
			4849
			4850
			4851
4797				
			4852
4798				
4799				
		4778		
			4853
	4802	

---------------------------------
plain	jelly	coconut	honey-dip
4896				
	4908			
		4854		
			4938
4897				
4898				
	4909			
	4910			
		4855		
			4939
			4940
		4856	

---------------------------------
plain	jelly	coconut	honey-dip
			5198
	5173			
			5199
	5174			
		5138		
5131				
		5139		
		5140		
		5141		
		5142		
5132				
			5200


---------------------------------
plain	jelly	coconut	honey-dip
		5310		
			5355
5295				
			5356
		5311		
	5352			
5296				
5297				
			5357
	5353			
5298				
			5358


---------------------------------
plain	jelly	coconut	honey-dip
5393				
			5439
		5382		
		5383		
5394				
		5384		
			5440
		5385		
5395				
	5434			
5396				
			5441


---------------------------------
plain	jelly	coconut	honey-dip
5539				
		5524		
			5568
		5525		
		5526		
		5527		
		5528		
		5529		
			5569
		5530		
			5570
		5531	

---------------------------------
plain	jelly	coconut	honey-dip
			5714
	5746			
			5715
		5699		
		5700		
		5701		
5701				
	5747			
5702				
5703				
		5702		
5704	

---------------------------------
plain	jelly	coconut	honey-dip
	5896			
	5897			
	5898			
		5827		
5838				
	5899			
	5900			
			5851
			5852
		5828		
5839				
		5829	

---------------------------------
plain	jelly	coconut	honey-dip
		6078		
		6079		
	6185			
			6131
		6080		
			6132
		6081		
			6133
	6186			
		6082		
			6134
	6187	

---------------------------------
plain	jelly	coconut	honey-dip
		6238		
		6239		
		6240		
	6354			
		6241		
6238				
6239				
		6242		
		6243		
		6244		
		6245		
6240	

---------------------------------
plain	jelly	coconut	honey-dip
	6546			
	6547			
	6548			
	6549			
			6471
6409				
6410				
			6472
6411				
		6422		
			6473
6412	

---------------------------------
plain	jelly	coconut	honey-dip
		6540		
6531				
		6541		
	6659			
		6542		
6532				
6533				
			6586
	6660			
		6543		
		6544		
			6587


---------------------------------
plain	jelly	coconut	honey-dip
6777				
		6724		
6778				
		6725		
			6816
			6817
		6726		
		6727		
		6728		
6779				
	6851			
	6852	

---------------------------------
plain	jelly	coconut	honey-dip
			6971
6942				
6943				
6944				
		6868		
			6972
		6869		
			6973
6945				
			6974
		6870		
			6975


---------------------------------
plain	jelly	coconut	honey-dip
7070				
7071				
			7142
	7142			
			7143
		7002		
			7144
			7145
7072				
			7146
		7003		
	7143	

---------------------------------
plain	jelly	coconut	honey-dip
			7278
	7269			
7186				
			7279
			7280
		7127		
			7281
		7128		
			7282
	7270			
7187				
	7271	

---------------------------------
plain	jelly	coconut	honey-dip
		7266		
7299				
	7399			
7300				
			7388
	7400			
7301				
7302				
7303				
		7267		
			7389
		7268	

---------------------------------
plain	jelly	coconut	honey-dip
			7527
		7414		
			7528
		7415		
7421				
		7416		
			7529
		7417		
		7418		
7422				
		7419		
			7530


---------------------------------
plain	jelly	coconut	honey-dip
7580				
			7697
	7705			
7581				
7582				
	7706			
7583				
		7558		
			7698
		7559		
	7707			
7584	

---------------------------------
plain	jelly	coconut	honey-dip
7683				
		7673		
		7674		
	7818			
			7834
	7819			
7684				
			7835
		7675		
		7676		
7685				
		7677	

---------------------------------
plain	jelly	coconut	honey-dip
			7991
			7992
		7817		
			7993
	7978			
7846				
		7818		
			7994
	7979			
7847				
			7995
	7980	

---------------------------------
plain	jelly	coconut	honey-dip
		7935		
		7936		
			8127
			8128
7986				
7987				
7988				
			8129
		7937		
		7938		
	8100			
			8130


---------------------------------
plain	jelly	coconut	honey-dip
			8301
	8271			
		8117		
8167				
			8302
		8118		
			8303
	8272			
8168				
			8304
8169				
	8273	

---------------------------------
plain	jelly	coconut	honey-dip
8272				
	8405			
	8406			
	8407			
		8227		
	8408			
			8408
			8409
8273				
	8409			
		8228		
8274	

---------------------------------
plain	jelly	coconut	honey-dip
			8549
		8363		
8426				
	8562			
		8364		
	8563			
	8564			
			8550
		8365		
			8551
		8366		
8427	

---------------------------------
plain	jelly	coconut	honey-dip
			8684
		8500		
			8685
		8501		
	8689			
	8690			
			8686
			8687
		8502		
			8688
		8503		
			8689


---------------------------------
plain	jelly	coconut	honey-dip
			8805
	8806			
			8806
		8641		
		8642		
		8643		
	8807			
		8644		
			8807
	8808			
	8809			
	8810	

---------------------------------
plain	jelly	coconut	honey-dip
			8939
			8940
	8951			
			8941
			8942
		8782		
			8943
8812				
		8783		
	8952			
		8784		
	8953	

---------------------------------
plain	jelly	coconut	honey-dip
	9135			
	9136			
	9137			
		8987		
			9146
		8988		
			9147
			9148
9008				
9009				
		8989		
9010	

---------------------------------
plain	jelly	coconut	honey-dip
		9125		
	9274			
9147				
			9294
			9295
9148				
	9275			
9149				
		9126		
			9296
			9297
	9276	

---------------------------------
plain	jelly	coconut	honey-dip
	9468			
		9317		
	9469			
9320				
			9467
	9470			
		9318		
			9468
			9469
9321				
	9471			
		9319	

---------------------------------
plain	jelly	coconut	honey-dip
	9578			
		9435		
		9436		
			9596
	9579			
			9597
9455				
			9598
	9580			
		9437		
			9599
	9581	

---------------------------------
plain	jelly	coconut	honey-dip
	9771			
9662				
		9632		
	9772			
			9767
			9768
	9773			
9663				
		9633		
9664				
	9774			
			9769


---------------------------------
plain	jelly	coconut	honey-dip
		9753		
9783				
9784				
		9754		
	9908			
		9755		
9785				
		9756		
	9909			
		9757		
9786				
		9758	

---------------------------------
plain	jelly	coconut	honey-dip
			10063
	10078			
		9934		
			10064
	10079			
	10080			
	10081			
			10065
9933				
9934				
			10066
		9935	

---------------------------------
plain	jelly	coconut	honey-dip
	10272			
		10119		
10103				
10104				
10105				
			10246
	10273			
		10120		
10106				
10107				
			10247
10108	

---------------------------------
plain	jelly	coconut	honey-dip
		10276		
	10459			
	10460			
			10415
		10277		
10262				
	10461			
	10462			
10263				
		10278		
			10416
		10279	

---------------------------------
plain	jelly	coconut	honey-dip
		10413		
		10414		
			10563
	10605			
10395				
10396				
	10606			
10397				
10398				
			10564
10399				
		10415	

---------------------------------
plain	jelly	coconut	honey-dip
	10767			
10562				
10563				
	10768			
10564				
			10721
	10769			
			10722
		10550		
			10723
10565				
	10770	

---------------------------------
plain	jelly	coconut	honey-dip
	10929			
		10751		
	10930			
		10752		
	10931			
			10897
			10898
		10753		
			10899
	10932			
	10933			
10743	

---------------------------------
plain	jelly	coconut	honey-dip
	11062			
	11063			
		10882		
		10883		
	11064			
			11025
10879				
10880				
10881				
		10884		
			11026
			11027


---------------------------------
plain	jelly	coconut	honey-dip
			11173
		11031		
10998				
	11210			
	11211			
10999				
	11212			
			11174
	11213			
	11214			
			11175
			11176


---------------------------------
plain	jelly	coconut	honey-dip
		11152		
			11319
			11320
			11321
	11347			
		11153		
			11322
		11154		
		11155		
		11156		
11134				
		11157	

---------------------------------
plain	jelly	coconut	honey-dip
11328				
		11361		
	11534			
11329				
	11535			
		11362		
11330				
	11536			
	11537			
	11538			
	11539			
	11540	

---------------------------------
plain	jelly	coconut	honey-dip
			11659
			11660
	11679			
		11488		
			11661
	11680			
11446				
		11489		
11447				
			11662
		11490		
		11491	

---------------------------------
plain	jelly	coconut	honey-dip
			11844
11664				
11665				
	11852			
	11853			
11666				
			11845
	11854			
11667				
	11855			
			11846
	11856	

---------------------------------
plain	jelly	coconut	honey-dip
11800				
		11803		
	11962			
		11804		
	11963			
11801				
11802				
			11979
11803				
11804				
			11980
		11805	

---------------------------------
plain	jelly	coconut	honey-dip
		11976		
		11977		
11975				
	12127			
	12128			
		11978		
11976				
			12162
		11979		
	12129			
		11980		
11977	

---------------------------------
plain	jelly	coconut	honey-dip
	12271			
		12121		
	12272			
		12122		
	12273			
		12123		
		12124		
			12291
12133				
	12274			
	12275			
12134	

---------------------------------
plain	jelly	coconut	honey-dip
12262				
			12425
	12390			
12263				
			12426
12264				
			12427
		12255		
12265				
12266				
			12428
			12429


---------------------------------
plain	jelly	coconut	honey-dip
		12371		
	12497			
	12498			
		12372		
		12373		
			12577
			12578
			12579
		12374		
	12499			
12391				
		12375	

---------------------------------
plain	jelly	coconut	honey-dip
	12660			
		12587		
		12588		
		12589		
			12768
12565				
	12661			
	12662			
	12663			
		12590		
			12769
		12591	

---------------------------------
plain	jelly	coconut	honey-dip
		12792		
		12793		
	12887			
			12964
	12888			
			12965
12813				
12814				
12815				
			12966
		12794		
		12795	

---------------------------------
plain	jelly	coconut	honey-dip
		12927		
			13103
12971				
		12928		
12972				
12973				
			13104
	12995			
	12996			
12974				
		12929		
		12930	

---------------------------------
plain	jelly	coconut	honey-dip
13116				
		13085		
			13239
	13132			
	13133			
	13134			
13117				
			13240
	13135			
			13241
		13086		
13118	

---------------------------------
plain	jelly	coconut	honey-dip
		13348		
			13520
	13436			
	13437			
	13438			
13408				
		13349		
13409				
		13350		
	13439			
13410				
	13440	

---------------------------------
plain	jelly	coconut	honey-dip
			13656
			13657
		13472		
			13658
13559				
		13473		
			13659
			13660
			13661
13560				
		13474		
	13565	

---------------------------------
plain	jelly	coconut	honey-dip
			13790
			13791
		13595		
		13596		
		13597		
		13598		
	13713			
			13792
		13599		
13694				
13695				
13696	

---------------------------------
plain	jelly	coconut	honey-dip
			13955
	13875			
	13876			
13847				
			13956
	13877			
	13878			
13848				
			13957
			13958
		13763		
			13959


---------------------------------
plain	jelly	coconut	honey-dip
			14080
			14081
	13987			
		13874		
13955				
13956				
		13875		
	13988			
13957				
		13876		
	13989			
			14082


---------------------------------
plain	jelly	coconut	honey-dip
		14022		
			14228
		14023		
		14024		
		14025		
		14026		
	14134			
			14229
14076				
	14135			
			14230
	14136	

---------------------------------
plain	jelly	coconut	honey-dip
	14328			
			14444
	14329			
14272				
	14330			
			14445
		14244		
	14331			
	14332			
		14245		
14273				
		14246	

---------------------------------
plain	jelly	coconut	honey-dip
			14576
	14453			
14397				
	14454			
			14577
14398				
			14578
		14378		
	14455			
			14579
		14379		
	14456	

---------------------------------
plain	jelly	coconut	honey-dip
		14520		
14524				
		14521		
	14575			
		14522		
14525				
	14576			
14526				
			14701
			14702
	14577			
14527	

---------------------------------
plain	jelly	coconut	honey-dip
			14836
			14837
		14671		
			14838
			14839
	14708			
14645				
		14672		
14646				
14647				
			14840
14648	

---------------------------------
plain	jelly	coconut	honey-dip
	14852			
			14987
		14805		
			14988
			14989
	14853			
14780				
	14854			
	14855			
			14990
		14806		
		14807	

---------------------------------
plain	jelly	coconut	honey-dip
			15095
			15096
		14920		
14910				
	14967			
	14968			
14911				
			15097
		14921		
14912				
			15098
			15099


---------------------------------
plain	jelly	coconut	honey-dip
15040				
		15055		
15041				
	15095			
			15218
15042				
			15219
			15220
	15096			
	15097			
			15221
			15222


---------------------------------
plain	jelly	coconut	honey-dip
15160				
		15181		
15161				
		15182		
15162				
15163				
15164				
		15183		
	15192			
		15184		
		15185		
		15186	

---------------------------------
plain	jelly	coconut	honey-dip
15330				
	15375			
15331				
			15485
		15346		
	15376			
			15486
		15347		
		15348		
			15487
	15377			
15332	

---------------------------------
plain	jelly	coconut	honey-dip
15498				
		15538		
	15563			
	15564			
15499				
			15681
		15539		
15500				
15501				
	15565			
		15540		
15502	

---------------------------------
plain	jelly	coconut	honey-dip
		15681		
	15673			
	15674			
	15675			
		15682		
			15795
		15683		
		15684		
15623				
		15685		
			15796
15624	

---------------------------------
plain	jelly	coconut	honey-dip
			15947
			15948
15784				
			15949
	15832			
		15845		
			15950
15785				
			15951
	15833			
			15952
			15953


---------------------------------
plain	jelly	coconut	honey-dip
	16045			
	16046			
			16139
15998				
15999				
		16030		
			16140
		16031		
			16141
			16142
16000				
			16143


---------------------------------
plain	jelly	coconut	honey-dip
16109				
	16159			
	16160			
16110				
16111				
		16152		
		16153		
16112				
		16154		
	16161			
		16155		
			16248


---------------------------------
plain	jelly	coconut	honey-dip
		16301		
16261				
		16302		
		16303		
16262				
	16298			
			16396
	16299			
	16300			
			16397
		16304		
		16305	

---------------------------------
plain	jelly	coconut	honey-dip
		16500		
		16501		
		16502		
	16516			
	16517			
		16503		
			16572
	16518			
		16504		
	16519			
			16573
			16574


---------------------------------
plain	jelly	coconut	honey-dip
	16674			
			16739
	16675			
16597				
	16676			
16598				
			16740
		16662		
16599				
	16677			
	16678			
16600	

---------------------------------
plain	jelly	coconut	honey-dip
16935				
			17029
	16962			
			17030
16936				
	16963			
		16934		
		16935		
			17031
	16964			
			17032
16937	

---------------------------------
plain	jelly	coconut	honey-dip
	17085			
		17088		
17054				
		17089		
			17149
	17086			
	17087			
			17150
		17090		
		17091		
17055				
	17088	

---------------------------------
plain	jelly	coconut	honey-dip
	17223			
			17291
	17224			
			17292
17194				
	17225			
	17226			
17195				
	17227			
		17256		
			17293
17196	

---------------------------------
plain	jelly	coconut	honey-dip
	17343			
			17418
17327				
17328				
17329				
	17344			
			17419
17330				
		17392		
			17420
17331				
		17393	

---------------------------------
plain	jelly	coconut	honey-dip
	17456			
17434				
	17457			
		17510		
17435				
17436				
		17511		
		17512		
			17524
		17513		
			17525
			17526


---------------------------------
plain	jelly	coconut	honey-dip
		17652		
17583				
		17653		
	17623			
17584				
			17666
			17667
	17624			
17585				
17586				
17587				
	17625	

---------------------------------
plain	jelly	coconut	honey-dip
			17796
17715				
17716				
	17736			
	17737			
	17738			
			17797
	17739			
			17798
			17799
	17740			
		17769	

---------------------------------
plain	jelly	coconut	honey-dip
		17914		
			17898
17841				
			17899
	17855			
		17915		
		17916		
		17917		
	17856			
	17857			
17842				
			17900


---------------------------------
plain	jelly	coconut	honey-dip
	17998			
	17999			
17982				
	18000			
		18042		
		18043		
	18001			
			18038
	18002			
		18044		
	18003			
			18039


---------------------------------
plain	jelly	coconut	honey-dip
	18136			
			18171
	18137			
			18172
18121				
	18138			
	18139			
18122				
	18140			
18123				
		18184		
18124	

---------------------------------
plain	jelly	coconut	honey-dip
18255				
		18309		
	18280			
			18284
	18281			
		18310		
			18285
		18311		
	18282			
18256				
			18286
	18283	

---------------------------------
plain	jelly	coconut	honey-dip
			18431
			18432
	18419			
18400				
			18433
		18454		
			18434
	18420			
18401				
			18435
	18421			
18402	

---------------------------------
plain	jelly	coconut	honey-dip
		18563		
			18519
			18520
			18521
18515				
			18522
18516				
	18515			
	18516			
			18523
18517				
			18524


---------------------------------
plain	jelly	coconut	honey-dip
18632				
	18637			
		18701		
			18646
		18702		
	18638			
		18703		
	18639			
		18704		
	18640			
		18705		
			18647


---------------------------------
plain	jelly	coconut	honey-dip
			18821
18803				
18804				
18805				
		18847		
18806				
	18793			
	18794			
18807				
18808				
	18795			
18809	

---------------------------------
plain	jelly	coconut	honey-dip
18938				
18939				
		18971		
			18931
		18972		
18940				
			18932
		18973		
			18933
18941				
		18974		
18942	

---------------------------------
plain	jelly	coconut	honey-dip
	19066			
			19077
			19078
19091				
19092				
		19122		
	19067			
19093				
			19079
	19068			
			19080
			19081


---------------------------------
plain	jelly	coconut	honey-dip
19258				
	19219			
			19254
19259				
		19285		
19260				
		19286		
			19255
	19220			
		19287		
			19256
19261	

---------------------------------
plain	jelly	coconut	honey-dip
	19349			
	19350			
			19402
			19403
19399				
	19351			
			19404
			19405
			19406
			19407
		19430		
			19408


---------------------------------
plain	jelly	coconut	honey-dip
19527				
			19529
	19455			
			19530
	19456			
19528				
19529				
			19531
	19457			
			19532
			19533
			19534


---------------------------------
plain	jelly	coconut	honey-dip
19707				
19708				
			19703
			19704
		19700		
			19705
19709				
		19701		
19710				
			19706
		19702		
			19707


---------------------------------
plain	jelly	coconut	honey-dip
			19841
		19857		
	19764			
			19842
		19858		
19834				
	19765			
		19859		
		19860		
19835				
19836				
19837	

---------------------------------
plain	jelly	coconut	honey-dip
			20097
	19994			
			20098
20054				
		20075		
		20076		
			20099
	19995			
		20077		
20055				
		20078		
	19996	

---------------------------------
plain	jelly	coconut	honey-dip
			20258
		20262		
	20186			
20234				
	20187			
	20188			
			20259
	20189			
			20260
	20190			
			20261
20235	

---------------------------------
plain	jelly	coconut	honey-dip
20357				
		20393		
		20394		
20358				
20359				
	20310			
20360				
20361				
			20384
	20311			
	20312			
	20313	

---------------------------------
plain	jelly	coconut	honey-dip
			20558
			20559
	20458			
		20577		
20511				
		20578		
	20459			
	20460			
	20461			
		20579		
		20580		
		20581	

---------------------------------
plain	jelly	coconut	honey-dip
			20708
20667				
			20709
			20710
	20617			
			20711
		20736		
		20737		
			20712
		20738		
20668				
		20739	

---------------------------------
plain	jelly	coconut	honey-dip
			20854
		20891		
		20892		
	20743			
			20855
			20856
	20744			
			20857
			20858
20840				
			20859
			20860


---------------------------------
plain	jelly	coconut	honey-dip
		21055		
21019				
21020				
		21056		
21021				
21022				
		21057		
21023				
	20895			
			21031
21024				
		21058	

---------------------------------
plain	jelly	coconut	honey-dip
21169				
21170				
		21207		
		21208		
	21061			
			21187
21171				
21172				
		21209		
			21188
		21210		
	21062	

---------------------------------
plain	jelly	coconut	honey-dip
		21352		
21297				
			21341
		21353		
		21354		
		21355		
		21356		
		21357		
21298				
		21358		
	21198			
		21359	

---------------------------------
plain	jelly	coconut	honey-dip
			21521
	21379			
		21546		
			21522
	21380			
		21547		
	21381			
	21382			
	21383			
21510				
			21523
		21548	

---------------------------------
plain	jelly	coconut	honey-dip
21703				
		21723		
21704				
	21563			
			21699
21705				
21706				
			21700
			21701
			21702
21707				
		21724	

---------------------------------
plain	jelly	coconut	honey-dip
	21696			
21837				
	21697			
	21698			
		21857		
			21838
		21858		
		21859		
		21860		
			21839
			21840
	21699	

---------------------------------
plain	jelly	coconut	honey-dip
		22024		
		22025		
		22026		
		22027		
21989				
		22028		
	21853			
21990				
		22029		
		22030		
		22031		
		22032	

---------------------------------
plain	jelly	coconut	honey-dip
		22200		
22164				
			22154
			22155
22165				
	22054			
			22156
		22201		
22166				
22167				
			22157
			22158


---------------------------------
plain	jelly	coconut	honey-dip
22292				
			22283
		22356		
22293				
		22357		
			22284
		22358		
22294				
			22285
		22359		
22295				
		22360	

---------------------------------
plain	jelly	coconut	honey-dip
			22427
22438				
			22428
			22429
	22328			
			22430
		22519		
			22431
22439				
	22329			
22440				
		22520	

---------------------------------
plain	jelly	coconut	honey-dip
22566				
	22474			
22567				
		22624		
		22625		
	22475			
			22552
22568				
		22626		
		22627		
	22476			
22569	

---------------------------------
plain	jelly	coconut	honey-dip
			22704
	22649			
		22768		
			22705
		22769		
			22706
	22650			
	22651			
	22652			
	22653			
		22770		
			22707


---------------------------------
plain	jelly	coconut	honey-dip
			22861
		22903		
		22904		
			22862
22854				
	22798			
			22863
		22905		
			22864
			22865
22855				
22856	

---------------------------------
plain	jelly	coconut	honey-dip
22981				
		23043		
		23044		
22982				
22983				
		23045		
22984				
		23046		
22985				
	22928			
	22929			
		23047	

---------------------------------
plain	jelly	coconut	honey-dip
		23192		
23146				
23147				
		23193		
23148				
23149				
		23194		
23150				
			23135
			23136
23151				
			23137


---------------------------------
plain	jelly	coconut	honey-dip
			23280
		23346		
23267				
	23227			
23268				
23269				
	23228			
		23347		
	23229			
	23230			
23270				
			23281


---------------------------------
plain	jelly	coconut	honey-dip
			23408
23415				
		23500		
	23373			
		23501		
			23409
23416				
	23374			
			23410
	23375			
		23502		
		23503	

---------------------------------
plain	jelly	coconut	honey-dip
23659				
			23649
			23650
		23749		
23660				
23661				
			23651
			23652
	23611			
		23750		
			23653
	23612	

---------------------------------
plain	jelly	coconut	honey-dip
	23771			
			23836
	23772			
23829				
		23940		
23830				
23831				
	23773			
	23774			
		23941		
			23837
		23942	

---------------------------------
plain	jelly	coconut	honey-dip
23948				
		24081		
			23967
23949				
	23920			
			23968
	23921			
23950				
		24082		
23951				
23952				
		24083	

---------------------------------
plain	jelly	coconut	honey-dip
24074				
			24084
			24085
		24215		
	24047			
		24216		
			24086
24075				
	24048			
	24049			
24076				
24077	

---------------------------------
plain	jelly	coconut	honey-dip
		24340		
24196				
24197				
			24212
			24213
			24214
24198				
	24188			
			24215
24199				
		24341		
24200	

---------------------------------
plain	jelly	coconut	honey-dip
			24308
	24315			
24330				
	24316			
		24463		
24331				
			24309
			24310
		24464		
24332				
	24317			
	24318	

---------------------------------
plain	jelly	coconut	honey-dip
			24450
		24622		
	24462			
	24463			
24494				
	24464			
24495				
24496				
		24623		
		24624		
		24625		
24497	

---------------------------------
plain	jelly	coconut	honey-dip
	24625			
24628				
24629				
	24626			
		24771		
			24568
	24627			
			24569
			24570
24630				
			24571
	24628	

---------------------------------
plain	jelly	coconut	honey-dip
			24707
			24708
		24885		
24763				
		24886		
		24887		
24764				
24765				
24766				
		24888		
	24765			
24767	

---------------------------------
plain	jelly	coconut	honey-dip
		25025		
			24871
			24872
24941				
	24919			
24942				
			24873
			24874
24943				
24944				
			24875
			24876


---------------------------------
plain	jelly	coconut	honey-dip
		25198		
	25105			
			25048
			25049
25101				
			25050
		25199		
			25051
		25200		
	25106			
		25201		
			25052


---------------------------------
plain	jelly	coconut	honey-dip
25260				
	25261			
25261				
		25361		
25262				
		25362		
			25194
		25363		
			25195
25263				
25264				
	25262	

---------------------------------
plain	jelly	coconut	honey-dip
25389				
			25324
			25325
		25521		
		25522		
			25326
	25382			
			25327
			25328
25390				
	25383			
			25329


---------------------------------
plain	jelly	coconut	honey-dip
		25653		
			25461
		25654		
	25502			
		25655		
		25656		
		25657		
			25462
			25463
		25658		
		25659		
25504	

---------------------------------
plain	jelly	coconut	honey-dip
		25806		
		25807		
		25808		
	25664			
			25621
			25622
25653				
			25623
			25624
			25625
	25665			
	25666	

---------------------------------
plain	jelly	coconut	honey-dip
25768				
		25929		
			25752
25769				
			25753
		25930		
			25754
			25755
	25787			
			25756
		25931		
25770	

---------------------------------
plain	jelly	coconut	honey-dip
			25881
		26066		
25892				
	25901			
	25902			
25893				
	25903			
	25904			
			25882
		26067		
			25883
			25884


---------------------------------
plain	jelly	coconut	honey-dip
		26210		
26032				
		26211		
		26212		
	26042			
			26020
		26213		
		26214		
			26021
	26043			
26033				
			26022


---------------------------------
plain	jelly	coconut	honey-dip
	26121			
	26122			
26115				
			26115
	26123			
			26116
			26117
			26118
			26119
	26124			
		26325		
			26120


---------------------------------
plain	jelly	coconut	honey-dip
	26275			
			26266
	26276			
			26267
		26451		
	26277			
		26452		
			26268
26260				
26261				
		26453		
	26278	

---------------------------------
plain	jelly	coconut	honey-dip
		26632		
	26433			
			26410
		26633		
	26434			
		26634		
26413				
			26411
			26412
		26635		
		26636		
26414	

---------------------------------
plain	jelly	coconut	honey-dip
		26794		
26577				
			26557
26578				
			26558
		26795		
	26584			
			26559
			26560
26579				
		26796		
26580	

---------------------------------
plain	jelly	coconut	honey-dip
26658				
	26639			
			26628
	26640			
	26641			
			26629
26659				
	26642			
			26630
26660				
	26643			
		26863	

---------------------------------
plain	jelly	coconut	honey-dip
26824				
26825				
			26806
		27040		
	26826			
	26827			
			26807
26826				
	26828			
	26829			
26827				
26828	

---------------------------------
plain	jelly	coconut	honey-dip
		27153		
			26912
	26935			
			26913
			26914
			26915
	26936			
26928				
26929				
26930				
		27154		
	26937	

---------------------------------
plain	jelly	coconut	honey-dip
	27046			
27075				
27076				
		27291		
27077				
			27044
			27045
	27047			
		27292		
27078				
		27293		
	27048	

---------------------------------
plain	jelly	coconut	honey-dip
27215				
		27405		
27216				
	27144			
27217				
		27406		
	27145			
		27407		
	27146			
			27160
	27147			
	27148	

---------------------------------
plain	jelly	coconut	honey-dip
	27264			
		27544		
27353				
27354				
			27291
			27292
		27545		
			27293
27355				
			27294
			27295
			27296


---------------------------------
plain	jelly	coconut	honey-dip
27495				
27496				
			27414
			27415
	27389			
27497				
27498				
			27416
27499				
27500				
	27390			
		27670	

---------------------------------
plain	jelly	coconut	honey-dip
27610				
27611				
			27501
			27502
			27503
	27502			
		27763		
27612				
	27503			
27613				
		27764		
27614	

---------------------------------
plain	jelly	coconut	honey-dip
27732				
			27618
27733				
27734				
			27619
	27608			
27735				
	27609			
			27620
	27610			
			27621
27736	

---------------------------------
plain	jelly	coconut	honey-dip
			27711
			27712
	27731			
		27947		
27839				
	27732			
	27733			
			27713
	27734			
		27948		
	27735			
			27714


---------------------------------
plain	jelly	coconut	honey-dip
		28073		
		28074		
	27863			
27963				
			27857
		28075		
27964				
27965				
27966				
		28076		
27967				
		28077	

---------------------------------
plain	jelly	coconut	honey-dip
28080				
	28016			
28081				
			27986
		28202		
			27987
	28017			
28082				
		28203		
		28204		
		28205		
			27988


---------------------------------
plain	jelly	coconut	honey-dip
	28113			
28178				
	28114			
28179				
			28076
	28115			
			28077
	28116			
		28277		
		28278		
			28078
		28279	

