---------------------------------
plain	jelly	coconut	honey-dip
	3239			
		3249		
		3250		
	3240			
			3323
3257				
	3241			
3258				
3259				
			3324
	3242			
3260	

---------------------------------
plain	jelly	coconut	honey-dip
3634				
3635				
			3708
	3609			
			3709
	3610			
	3611			
3636				
3637				
		3665		
		3666		
3638	

---------------------------------
plain	jelly	coconut	honey-dip
			3831
	3731			
		3772		
	3732			
		3773		
		3774		
		3775		
3726				
			3832
		3776		
3727				
	3733	

---------------------------------
plain	jelly	coconut	honey-dip
	3914			
		3907		
		3908		
3878				
3879				
3880				
			3997
		3909		
		3910		
	3915			
3881				
			3998


---------------------------------
plain	jelly	coconut	honey-dip
4036				
		4051		
		4052		
	4055			
			4118
4037				
	4056			
			4119
	4057			
4038				
	4058			
	4059	

---------------------------------
plain	jelly	coconut	honey-dip
4151				
	4154			
			4223
		4152		
	4155			
	4156			
4152				
			4224
	4157			
			4225
		4153		
			4226


---------------------------------
plain	jelly	coconut	honey-dip
		4261		
		4262		
4251				
			4343
	4257			
			4344
	4258			
	4259			
	4260			
4252				
	4261			
		4263	

---------------------------------
plain	jelly	coconut	honey-dip
		4468		
	4477			
4457				
4458				
			4550
		4469		
4459				
		4470		
4460				
			4551
	4478			
	4479	

---------------------------------
plain	jelly	coconut	honey-dip
4594				
4595				
4596				
	4601			
	4602			
4597				
		4606		
		4607		
	4603			
4598				
			4691
	4604	

---------------------------------
plain	jelly	coconut	honey-dip
			4793
		4720		
			4794
			4795
			4796
4724				
			4797
4725				
			4798
4726				
	4735			
		4721	

---------------------------------
plain	jelly	coconut	honey-dip
	4892			
		4841		
			4927
	4893			
		4842		
4888				
			4928
			4929
4889				
		4843		
	4894			
	4895	

---------------------------------
plain	jelly	coconut	honey-dip
4998				
	5020			
	5021			
4999				
		4988		
			5070
			5071
		4989		
		4990		
		4991		
	5022			
		4992	

---------------------------------
plain	jelly	coconut	honey-dip
	5165			
		5130		
5125				
			5196
	5166			
	5167			
			5197
	5168			
		5131		
5126				
		5132		
	5169	

---------------------------------
plain	jelly	coconut	honey-dip
		5262		
5251				
			5300
			5301
5252				
5253				
			5302
			5303
		5263		
			5304
			5305
		5264	

---------------------------------
plain	jelly	coconut	honey-dip
5442				
		5432		
	5486			
			5480
	5487			
			5481
			5482
5443				
	5488			
	5489			
5444				
		5433	

---------------------------------
plain	jelly	coconut	honey-dip
5609				
5610				
			5629
		5603		
			5630
	5647			
5611				
5612				
	5648			
			5631
	5649			
		5604	

---------------------------------
plain	jelly	coconut	honey-dip
	5738			
		5692		
		5693		
	5739			
			5711
5695				
	5740			
		5694		
	5741			
		5695		
		5696		
5696	

---------------------------------
plain	jelly	coconut	honey-dip
5843				
	5902			
		5835		
			5856
5844				
		5836		
			5857
			5858
5845				
	5903			
5846				
			5859


---------------------------------
plain	jelly	coconut	honey-dip
5955				
	6029			
			5985
5956				
	6030			
	6031			
	6032			
		5947		
			5986
		5948		
		5949		
	6033	

---------------------------------
plain	jelly	coconut	honey-dip
			6115
		6067		
		6068		
		6069		
		6070		
			6116
6077				
	6161			
			6117
6078				
	6162			
			6118


---------------------------------
plain	jelly	coconut	honey-dip
	6323			
6215				
	6324			
6216				
		6208		
6217				
			6274
			6275
6218				
			6276
		6209		
		6210	

---------------------------------
plain	jelly	coconut	honey-dip
6338				
		6350		
6339				
	6469			
	6470			
			6403
		6351		
6340				
			6404
			6405
			6406
	6471	

---------------------------------
plain	jelly	coconut	honey-dip
		6476		
6463				
6464				
	6600			
			6525
6465				
	6601			
		6477		
	6602			
6466				
	6603			
		6478	

---------------------------------
plain	jelly	coconut	honey-dip
6619				
	6733			
			6645
			6646
6620				
6621				
6622				
		6595		
	6734			
		6596		
		6597		
			6647


---------------------------------
plain	jelly	coconut	honey-dip
6817				
			6856
6818				
		6767		
	6884			
6819				
			6857
6820				
			6858
	6885			
		6768		
	6886	

---------------------------------
plain	jelly	coconut	honey-dip
		7000		
	7136			
	7137			
		7001		
7067				
	7138			
	7139			
	7140			
7068				
			7141
7069				
	7141	

---------------------------------
plain	jelly	coconut	honey-dip
			7283
			7284
			7285
			7286
7190				
	7273			
		7138		
		7139		
7191				
		7140		
			7287
			7288


---------------------------------
plain	jelly	coconut	honey-dip
			7398
		7282		
			7399
		7283		
		7284		
			7400
		7285		
	7417			
		7286		
			7401
		7287		
			7402


---------------------------------
plain	jelly	coconut	honey-dip
	7581			
7465				
			7562
7466				
	7582			
	7583			
			7563
			7564
		7452		
	7584			
	7585			
			7565


---------------------------------
plain	jelly	coconut	honey-dip
		7563		
			7706
7585				
7586				
7587				
		7564		
		7565		
		7566		
7588				
7589				
		7567		
			7707


---------------------------------
plain	jelly	coconut	honey-dip
			7863
		7721		
			7864
	7864			
		7722		
		7723		
			7865
			7866
	7865			
7728				
	7866			
	7867	

---------------------------------
plain	jelly	coconut	honey-dip
			8066
7933				
			8067
7934				
	8052			
	8053			
			8068
7935				
	8054			
	8055			
7936				
7937	

---------------------------------
plain	jelly	coconut	honey-dip
	8160			
8050				
		7998		
8051				
8052				
	8161			
8053				
			8192
	8162			
	8163			
			8193
8054	

---------------------------------
plain	jelly	coconut	honey-dip
		8113		
			8300
8163				
8164				
8165				
		8114		
	8268			
		8115		
		8116		
	8269			
8166				
	8270	

---------------------------------
plain	jelly	coconut	honey-dip
8304				
8305				
	8439			
			8444
			8445
	8440			
8306				
			8446
		8257		
		8258		
8307				
	8441	

---------------------------------
plain	jelly	coconut	honey-dip
			8606
			8607
		8423		
			8608
	8617			
8482				
	8618			
8483				
		8424		
8484				
		8425		
	8619	

---------------------------------
plain	jelly	coconut	honey-dip
		8583		
	8742			
8627				
			8740
			8741
8628				
			8742
8629				
		8584		
		8585		
			8743
8630	

---------------------------------
plain	jelly	coconut	honey-dip
			8914
8783				
	8913			
			8915
8784				
8785				
		8754		
	8914			
		8755		
8786				
			8916
	8915	

---------------------------------
plain	jelly	coconut	honey-dip
		8896		
	9056			
8924				
			9064
		8897		
		8898		
8925				
		8899		
		8900		
		8901		
		8902		
		8903	

---------------------------------
plain	jelly	coconut	honey-dip
9101				
	9226			
9102				
9103				
9104				
		9066		
	9227			
		9067		
9105				
		9068		
	9228			
		9069	

---------------------------------
plain	jelly	coconut	honey-dip
			9382
	9373			
	9374			
9247				
9248				
		9222		
9249				
9250				
	9375			
	9376			
		9223		
		9224	

---------------------------------
plain	jelly	coconut	honey-dip
			9531
	9533			
		9384		
9400				
9401				
	9534			
			9532
		9385		
			9533
9402				
	9535			
	9536	

---------------------------------
plain	jelly	coconut	honey-dip
	9647			
9530				
			9656
		9507		
	9648			
9531				
			9657
9532				
			9658
		9508		
	9649			
	9650	

---------------------------------
plain	jelly	coconut	honey-dip
9655				
9656				
9657				
	9766			
		9623		
			9764
	9767			
9658				
9659				
		9624		
	9768			
		9625	

---------------------------------
plain	jelly	coconut	honey-dip
		9766		
	9917			
			9898
		9767		
			9899
	9918			
	9919			
9791				
		9768		
	9920			
	9921			
9792	

---------------------------------
plain	jelly	coconut	honey-dip
			10039
9908				
9909				
			10040
			10041
		9905		
		9906		
	10060			
9910				
	10061			
			10042
		9907	

---------------------------------
plain	jelly	coconut	honey-dip
10078				
10079				
		10086		
			10213
10080				
			10214
	10243			
10081				
		10087		
		10088		
		10089		
			10215


---------------------------------
plain	jelly	coconut	honey-dip
10222				
	10417			
	10418			
10223				
			10366
	10419			
			10367
10224				
			10368
			10369
			10370
	10420	

---------------------------------
plain	jelly	coconut	honey-dip
10326				
		10349		
			10492
10327				
			10493
			10494
		10350		
		10351		
	10533			
			10495
	10534			
	10535	

---------------------------------
plain	jelly	coconut	honey-dip
	10749			
	10750			
10537				
		10532		
10538				
	10751			
10539				
	10752			
		10533		
		10534		
			10698
	10753	

---------------------------------
plain	jelly	coconut	honey-dip
			10923
			10924
10776				
		10783		
		10784		
		10785		
10777				
	10958			
	10959			
	10960			
		10786		
		10787	

---------------------------------
plain	jelly	coconut	honey-dip
	11155			
	11156			
10966				
	11157			
		11000		
	11158			
		11001		
			11135
			11136
	11159			
	11160			
	11161	

---------------------------------
plain	jelly	coconut	honey-dip
	11320			
		11134		
11118				
			11296
	11321			
	11322			
			11297
			11298
11119				
			11299
		11135		
	11323	

---------------------------------
plain	jelly	coconut	honey-dip
		11271		
			11431
11232				
			11432
			11433
11233				
		11272		
		11273		
			11434
			11435
		11274		
11234	

---------------------------------
plain	jelly	coconut	honey-dip
		11417		
	11610			
	11611			
	11612			
11381				
	11613			
	11614			
11382				
	11615			
11383				
11384				
		11418	

---------------------------------
plain	jelly	coconut	honey-dip
	11779			
		11606		
			11769
			11770
			11771
		11607		
			11772
		11608		
	11780			
11562				
		11609		
11563	

---------------------------------
plain	jelly	coconut	honey-dip
		11786		
		11787		
		11788		
	11944			
			11957
	11945			
			11958
		11789		
			11959
	11946			
		11790		
		11791	

---------------------------------
plain	jelly	coconut	honey-dip
	12144			
			12169
		11995		
11992				
11993				
11994				
		11996		
			12170
			12171
		11997		
		11998		
11995	

---------------------------------
plain	jelly	coconut	honey-dip
			12299
12139				
12140				
	12281			
		12133		
			12300
			12301
			12302
		12134		
12141				
			12303
			12304


---------------------------------
plain	jelly	coconut	honey-dip
			12411
			12412
			12413
			12414
		12246		
	12378			
	12379			
12249				
			12415
	12380			
12250				
			12416


---------------------------------
plain	jelly	coconut	honey-dip
	12525			
	12526			
12418				
			12618
		12407		
			12619
	12527			
		12408		
		12409		
12419				
		12410		
		12411	

---------------------------------
plain	jelly	coconut	honey-dip
	12655			
		12572		
		12573		
12555				
		12574		
		12575		
		12576		
12556				
		12577		
12557				
			12762
			12763


---------------------------------
plain	jelly	coconut	honey-dip
		12726		
		12727		
	12821			
	12822			
	12823			
	12824			
	12825			
			12900
	12826			
12769				
12770				
	12827	

---------------------------------
plain	jelly	coconut	honey-dip
		12864		
			13040
		12865		
		12866		
12900				
			13041
			13042
12901				
			13043
			13044
12902				
12903	

---------------------------------
plain	jelly	coconut	honey-dip
		13008		
			13169
	13073			
13046				
13047				
		13009		
		13010		
			13170
13048				
			13171
13049				
		13011	

---------------------------------
plain	jelly	coconut	honey-dip
			13352
	13273			
13224				
			13353
13225				
13226				
			13354
13227				
			13355
13228				
	13274			
			13356


---------------------------------
plain	jelly	coconut	honey-dip
			13471
13341				
13342				
	13379			
		13293		
13343				
13344				
		13294		
13345				
			13472
	13380			
		13295	

---------------------------------
plain	jelly	coconut	honey-dip
	13525			
13502				
	13526			
		13432		
13503				
	13527			
13504				
		13433		
	13528			
			13613
		13434		
13505	

---------------------------------
plain	jelly	coconut	honey-dip
	13659			
		13553		
	13660			
			13737
	13661			
13651				
	13662			
	13663			
	13664			
13652				
	13665			
			13738


---------------------------------
plain	jelly	coconut	honey-dip
13761				
13762				
		13663		
		13664		
		13665		
			13860
		13666		
			13861
	13784			
		13667		
			13862
13763	

---------------------------------
plain	jelly	coconut	honey-dip
	13938			
13910				
			14025
			14026
			14027
		13819		
	13939			
13911				
	13940			
	13941			
		13820		
			14028


---------------------------------
plain	jelly	coconut	honey-dip
14108				
	14155			
		14059		
14109				
			14258
		14060		
	14156			
			14259
14110				
		14061		
			14260
14111	

---------------------------------
plain	jelly	coconut	honey-dip
	14274			
			14389
14221				
			14390
	14275			
14222				
14223				
		14188		
14224				
			14391
			14392
			14393


---------------------------------
plain	jelly	coconut	honey-dip
	14402			
	14403			
	14404			
	14405			
			14526
		14329		
		14330		
14355				
	14406			
	14407			
14356				
	14408	

---------------------------------
plain	jelly	coconut	honey-dip
14487				
			14662
		14457		
14488				
		14458		
14489				
		14459		
	14534			
14490				
		14460		
			14663
		14461	

---------------------------------
plain	jelly	coconut	honey-dip
			14811
		14652		
	14683			
		14653		
	14684			
			14812
	14685			
			14813
14630				
		14654		
14631				
			14814


---------------------------------
plain	jelly	coconut	honey-dip
	14832			
14753				
	14833			
	14834			
			14963
		14780		
14754				
			14964
	14835			
		14781		
			14965
14755	

---------------------------------
plain	jelly	coconut	honey-dip
		14919		
	14962			
			15091
14908				
14909				
	14963			
			15092
			15093
	14964			
	14965			
	14966			
			15094


---------------------------------
plain	jelly	coconut	honey-dip
			15197
			15198
	15071			
			15199
		15034		
15022				
	15072			
15023				
	15073			
15024				
			15200
15025	

---------------------------------
plain	jelly	coconut	honey-dip
	15180			
		15158		
		15159		
		15160		
		15161		
15141				
			15313
	15181			
15142				
15143				
			15314
	15182	

---------------------------------
plain	jelly	coconut	honey-dip
	15332			
			15443
			15444
			15445
		15306		
			15446
	15333			
		15307		
			15447
15287				
			15448
		15308	

---------------------------------
plain	jelly	coconut	honey-dip
	15476			
			15587
	15477			
		15451		
			15588
	15478			
			15589
			15590
	15479			
15406				
	15480			
			15591


---------------------------------
plain	jelly	coconut	honey-dip
		15577		
	15585			
15530				
15531				
15532				
			15708
		15578		
15533				
		15579		
15534				
	15586			
		15580	

---------------------------------
plain	jelly	coconut	honey-dip
		15734		
	15732			
15672				
	15733			
	15734			
	15735			
			15850
		15735		
15673				
		15736		
		15737		
15674	

---------------------------------
plain	jelly	coconut	honey-dip
15827				
15828				
			15991
			15992
			15993
			15994
	15886			
15829				
		15896		
15830				
15831				
	15887	

---------------------------------
plain	jelly	coconut	honey-dip
			16092
	15997			
		15987		
		15988		
15956				
		15989		
			16093
15957				
	15998			
			16094
		15990		
			16095


---------------------------------
plain	jelly	coconut	honey-dip
16088				
		16119		
	16138			
	16139			
			16227
			16228
16089				
		16120		
16090				
	16140			
	16141			
			16229


---------------------------------
plain	jelly	coconut	honey-dip
	16325			
	16326			
			16428
16288				
	16327			
	16328			
16289				
			16429
16290				
		16335		
	16329			
		16336	

---------------------------------
plain	jelly	coconut	honey-dip
			16546
		16463		
			16547
	16473			
16410				
	16474			
16411				
16412				
	16475			
	16476			
	16477			
16413	

---------------------------------
plain	jelly	coconut	honey-dip
			16655
	16605			
		16592		
	16606			
			16656
			16657
		16593		
	16607			
16532				
	16608			
		16594		
16533	

---------------------------------
plain	jelly	coconut	honey-dip
	16732			
	16733			
	16734			
			16805
			16806
		16715		
			16807
16660				
		16716		
			16808
			16809
16661	

---------------------------------
plain	jelly	coconut	honey-dip
	16855			
16804				
		16827		
16805				
			16918
			16919
		16828		
			16920
		16829		
16806				
16807				
16808	

---------------------------------
plain	jelly	coconut	honey-dip
16962				
		16978		
			17056
			17057
	16984			
		16979		
		16980		
		16981		
16963				
16964				
	16985			
		16982	

---------------------------------
plain	jelly	coconut	honey-dip
17105				
	17140			
			17216
	17141			
		17155		
		17156		
17106				
		17157		
		17158		
		17159		
		17160		
17107	

---------------------------------
plain	jelly	coconut	honey-dip
17343				
			17433
		17411		
	17365			
		17412		
17344				
			17434
			17435
17345				
			17436
		17413		
		17414	

---------------------------------
plain	jelly	coconut	honey-dip
			17570
		17562		
17489				
	17519			
		17563		
	17520			
	17521			
	17522			
			17571
		17564		
	17523			
17490	

---------------------------------
plain	jelly	coconut	honey-dip
			17693
		17676		
		17677		
			17694
		17678		
17614				
		17679		
			17695
		17680		
			17696
			17697
			17698


---------------------------------
plain	jelly	coconut	honey-dip
		17841		
	17802			
		17842		
			17854
		17843		
		17844		
17783				
		17845		
		17846		
17784				
17785				
	17803	

---------------------------------
plain	jelly	coconut	honey-dip
17928				
	17934			
	17935			
			17976
17929				
			17977
		17994		
	17936			
17930				
	17937			
	17938			
			17978


---------------------------------
plain	jelly	coconut	honey-dip
	18068			
		18122		
		18123		
		18124		
	18069			
			18107
			18108
	18070			
		18125		
			18109
	18071			
			18110


---------------------------------
plain	jelly	coconut	honey-dip
			18251
		18262		
	18226			
			18252
		18263		
18209				
18210				
		18264		
		18265		
			18253
18211				
			18254


---------------------------------
plain	jelly	coconut	honey-dip
18359				
			18393
	18372			
18360				
		18412		
			18394
	18373			
		18413		
			18395
	18374			
	18375			
			18396


---------------------------------
plain	jelly	coconut	honey-dip
		18547		
18495				
18496				
			18507
		18548		
		18549		
	18503			
			18508
			18509
18497				
	18504			
18498	

---------------------------------
plain	jelly	coconut	honey-dip
			18638
		18690		
		18691		
	18629			
18623				
			18639
18624				
18625				
	18630			
		18692		
			18640
		18693	

---------------------------------
plain	jelly	coconut	honey-dip
18781				
	18779			
		18824		
			18796
18782				
			18797
			18798
18783				
	18780			
	18781			
			18799
	18782	

---------------------------------
plain	jelly	coconut	honey-dip
		18945		
		18946		
	18909			
			18905
	18910			
			18906
			18907
		18947		
		18948		
		18949		
		18950		
	18911	

---------------------------------
plain	jelly	coconut	honey-dip
	19102			
			19125
19123				
			19126
	19103			
	19104			
			19127
		19150		
19124				
			19128
19125				
			19129


---------------------------------
plain	jelly	coconut	honey-dip
	19221			
		19288		
	19222			
19262				
		19289		
			19257
19263				
		19290		
		19291		
			19258
		19292		
19264	

---------------------------------
plain	jelly	coconut	honey-dip
		19445		
19418				
	19363			
	19364			
	19365			
19419				
			19426
		19446		
		19447		
19420				
			19427
19421	

---------------------------------
plain	jelly	coconut	honey-dip
			19567
		19563		
	19497			
19565				
19566				
19567				
		19564		
		19565		
	19498			
19568				
		19566		
19569	

---------------------------------
plain	jelly	coconut	honey-dip
19716				
		19712		
			19714
			19715
			19716
	19638			
			19717
	19639			
		19713		
		19714		
		19715		
	19640	

---------------------------------
plain	jelly	coconut	honey-dip
		19868		
19846				
	19777			
	19778			
			19853
	19779			
			19854
		19869		
			19855
		19870		
		19871		
	19780	

---------------------------------
plain	jelly	coconut	honey-dip
20036				
20037				
		20064		
			20068
			20069
			20070
			20071
			20072
20038				
	19980			
20039				
20040	

---------------------------------
plain	jelly	coconut	honey-dip
20201				
20202				
	20157			
		20230		
20203				
		20231		
	20158			
		20232		
20204				
		20233		
	20159			
	20160	

---------------------------------
plain	jelly	coconut	honey-dip
			20424
			20425
		20432		
		20433		
		20434		
	20335			
	20336			
20397				
	20337			
20398				
		20435		
20399	

---------------------------------
plain	jelly	coconut	honey-dip
	20474			
	20475			
			20573
	20476			
	20477			
	20478			
			20574
	20479			
20526				
20527				
			20575
			20576


---------------------------------
plain	jelly	coconut	honey-dip
		20721		
			20697
			20698
			20699
			20700
		20722		
		20723		
		20724		
			20701
	20605			
	20606			
	20607	

---------------------------------
plain	jelly	coconut	honey-dip
		20963		
			20938
			20939
	20810			
			20940
20929				
			20941
			20942
		20964		
20930				
		20965		
		20966	

---------------------------------
plain	jelly	coconut	honey-dip
	20949			
	20950			
21071				
		21107		
	20951			
		21108		
	20952			
	20953			
	20954			
		21109		
	20955			
	20956	

---------------------------------
plain	jelly	coconut	honey-dip
			21209
21192				
	21084			
	21085			
		21235		
	21086			
21193				
21194				
	21087			
21195				
			21210
21196	

---------------------------------
plain	jelly	coconut	honey-dip
		21401		
			21390
		21402		
	21252			
			21391
		21403		
	21253			
			21392
	21254			
	21255			
		21404		
		21405	

---------------------------------
plain	jelly	coconut	honey-dip
			21555
21542				
21543				
			21556
21544				
		21577		
	21414			
21545				
21546				
21547				
	21415			
21548	

---------------------------------
plain	jelly	coconut	honey-dip
	21509			
			21649
			21650
		21677		
		21678		
	21510			
		21679		
		21680		
	21511			
	21512			
	21513			
		21681	

---------------------------------
plain	jelly	coconut	honey-dip
		21838		
	21684			
			21828
		21839		
21830				
		21840		
			21829
		21841		
21831				
			21830
			21831
		21842	

---------------------------------
plain	jelly	coconut	honey-dip
	21844			
21976				
21977				
21978				
			21974
		22010		
		22011		
	21845			
21979				
21980				
		22012		
		22013	

---------------------------------
plain	jelly	coconut	honey-dip
22113				
22114				
		22143		
		22144		
	22002			
22115				
	22003			
	22004			
	22005			
22116				
22117				
		22145	

---------------------------------
plain	jelly	coconut	honey-dip
22259				
22260				
	22156			
		22314		
	22157			
			22251
		22315		
22261				
22262				
22263				
		22316		
22264	

---------------------------------
plain	jelly	coconut	honey-dip
		22489		
		22490		
	22313			
22414				
		22491		
			22400
	22314			
			22401
		22492		
		22493		
		22494		
22415	

---------------------------------
plain	jelly	coconut	honey-dip
	22465			
	22466			
		22617		
22561				
		22618		
		22619		
	22467			
22562				
		22620		
		22621		
	22468			
	22469	

---------------------------------
plain	jelly	coconut	honey-dip
			22709
	22657			
		22775		
			22710
			22711
	22658			
			22712
	22659			
			22713
22711				
	22660			
			22714


---------------------------------
plain	jelly	coconut	honey-dip
	22789			
	22790			
22842				
		22900		
	22791			
			22849
			22850
	22792			
			22851
			22852
22843				
	22793	

---------------------------------
plain	jelly	coconut	honey-dip
			22984
	22894			
		23011		
		23012		
	22895			
	22896			
22959				
	22897			
	22898			
			22985
			22986
		23013	

---------------------------------
plain	jelly	coconut	honey-dip
23100				
			23087
			23088
			23089
	23028			
	23029			
		23149		
23101				
		23150		
		23151		
			23090
			23091


---------------------------------
plain	jelly	coconut	honey-dip
		23297		
23229				
			23240
23230				
23231				
			23241
		23298		
	23174			
			23242
23232				
		23299		
			23243


---------------------------------
plain	jelly	coconut	honey-dip
		23406		
23339				
23340				
23341				
			23343
		23407		
23342				
		23408		
			23344
			23345
	23296			
		23409	

---------------------------------
plain	jelly	coconut	honey-dip
23479				
			23480
	23433			
		23568		
23480				
	23434			
	23435			
	23436			
		23569		
			23481
		23570		
	23437	

---------------------------------
plain	jelly	coconut	honey-dip
			23612
23623				
		23728		
			23613
			23614
			23615
	23585			
			23616
	23586			
23624				
		23729		
			23617


---------------------------------
plain	jelly	coconut	honey-dip
	23703			
			23764
	23704			
	23705			
		23863		
	23706			
			23765
		23864		
	23707			
			23766
		23865		
		23866	

---------------------------------
plain	jelly	coconut	honey-dip
	23879			
			23921
23918				
		24042		
			23922
		24043		
			23923
23919				
		24044		
23920				
			23924
	23880	

---------------------------------
plain	jelly	coconut	honey-dip
	24120			
	24121			
			24147
			24148
		24278		
	24122			
		24279		
		24280		
			24149
24139				
		24281		
	24123	

---------------------------------
plain	jelly	coconut	honey-dip
			24287
24296				
24297				
		24415		
		24416		
		24417		
24298				
		24418		
		24419		
			24288
		24420		
24299	

---------------------------------
plain	jelly	coconut	honey-dip
			24398
			24399
		24557		
		24558		
		24559		
			24400
24442				
	24415			
			24401
24443				
	24416			
		24560	

---------------------------------
plain	jelly	coconut	honey-dip
24593				
	24573			
			24533
24594				
		24725		
			24534
24595				
		24726		
		24727		
	24574			
			24535
			24536


---------------------------------
plain	jelly	coconut	honey-dip
	24741			
		24858		
			24674
24727				
		24859		
	24742			
24728				
24729				
	24743			
24730				
24731				
		24860	

---------------------------------
plain	jelly	coconut	honey-dip
		24960		
		24961		
			24806
24883				
			24807
			24808
			24809
24884				
			24810
			24811
			24812
			24813


---------------------------------
plain	jelly	coconut	honey-dip
25008				
		25101		
			24944
		25102		
25009				
			24945
	25003			
	25004			
25010				
25011				
25012				
25013	

---------------------------------
plain	jelly	coconut	honey-dip
		25222		
			25082
			25083
		25223		
	25131			
			25084
25125				
25126				
			25085
25127				
		25224		
		25225	

---------------------------------
plain	jelly	coconut	honey-dip
			25260
		25447		
25333				
	25324			
	25325			
	25326			
	25327			
	25328			
			25261
			25262
	25329			
			25263


---------------------------------
plain	jelly	coconut	honey-dip
	25468			
			25421
			25422
25482				
	25469			
	25470			
		25617		
25483				
		25618		
		25619		
	25471			
	25472	

---------------------------------
plain	jelly	coconut	honey-dip
25622				
		25775		
		25776		
	25633			
	25634			
		25777		
		25778		
		25779		
		25780		
	25635			
25623				
		25781	

---------------------------------
plain	jelly	coconut	honey-dip
25827				
			25808
25828				
			25809
		25993		
25829				
	25836			
25830				
	25837			
25831				
			25810
			25811


---------------------------------
plain	jelly	coconut	honey-dip
			25919
			25920
	25930			
		26094		
	25931			
25929				
			25921
		26095		
25930				
			25922
			25923
			25924


---------------------------------
plain	jelly	coconut	honey-dip
			26032
26043				
			26033
		26228		
26044				
26045				
			26034
		26229		
26046				
		26230		
		26231		
26047	

---------------------------------
plain	jelly	coconut	honey-dip
	26138			
			26139
26133				
		26338		
			26140
			26141
		26339		
			26142
			26143
26134				
		26340		
	26139	

---------------------------------
plain	jelly	coconut	honey-dip
26230				
	26231			
	26232			
	26233			
			26239
26231				
		26432		
26232				
			26240
	26234			
	26235			
26233	

---------------------------------
plain	jelly	coconut	honey-dip
	26368			
			26340
			26341
	26369			
			26342
		26556		
	26370			
		26557		
26360				
			26343
26361				
26362	

---------------------------------
plain	jelly	coconut	honey-dip
26476				
			26482
26477				
26478				
			26483
		26710		
26479				
		26711		
			26484
	26496			
		26712		
		26713	

---------------------------------
plain	jelly	coconut	honey-dip
26600				
26601				
26602				
26603				
		26813		
	26601			
26604				
	26602			
		26814		
		26815		
	26603			
26605	

---------------------------------
plain	jelly	coconut	honey-dip
			26700
		26927		
			26701
			26702
26726				
			26703
	26711			
	26712			
26727				
	26713			
	26714			
		26928	

---------------------------------
plain	jelly	coconut	honey-dip
	26820			
			26799
26819				
			26800
	26821			
		27034		
26820				
	26822			
			26801
		27035		
26821				
	26823	

---------------------------------
plain	jelly	coconut	honey-dip
			26905
	26922			
26916				
	26923			
		27137		
	26924			
			26906
	26925			
	26926			
			26907
		27138		
26917	

---------------------------------
plain	jelly	coconut	honey-dip
			27028
	27027			
		27276		
27065				
		27277		
27066				
	27028			
	27029			
			27029
	27030			
	27031			
		27278	

---------------------------------
plain	jelly	coconut	honey-dip
			27242
			27243
		27487		
	27228			
27303				
27304				
			27244
	27229			
27305				
	27230			
	27231			
			27245


---------------------------------
plain	jelly	coconut	honey-dip
27440				
27441				
27442				
			27366
27443				
27444				
			27367
	27342			
			27368
27445				
			27369
		27616	

---------------------------------
plain	jelly	coconut	honey-dip
			27455
	27444			
			27456
27561				
			27457
		27712		
			27458
			27459
	27445			
		27713		
			27460
27562	

---------------------------------
plain	jelly	coconut	honey-dip
			27595
	27587			
27704				
			27596
	27588			
27705				
		27826		
27706				
		27827		
			27597
	27589			
			27598


---------------------------------
plain	jelly	coconut	honey-dip
	27696			
	27697			
		27923		
		27924		
			27687
27814				
27815				
	27698			
		27925		
			27688
	27699			
27816	

---------------------------------
plain	jelly	coconut	honey-dip
28126				
	28071			
			28032
28127				
		28235		
			28033
	28072			
			28034
28128				
	28073			
			28035
28129	

---------------------------------
plain	jelly	coconut	honey-dip
28249				
			28133
	28161			
28250				
			28134
			28135
	28162			
			28136
			28137
28251				
			28138
		28341	

---------------------------------
plain	jelly	coconut	honey-dip
			28223
28357				
		28417		
28358				
28359				
			28224
	28235			
	28236			
		28418		
	28237			
28360				
			28225


---------------------------------
plain	jelly	coconut	honey-dip
			28321
			28322
		28527		
	28353			
28475				
			28323
	28354			
			28324
			28325
	28355			
28476				
			28326


---------------------------------
plain	jelly	coconut	honey-dip
28557				
		28614		
28558				
		28615		
28559				
		28616		
		28617		
		28618		
			28399
		28619		
	28418			
28560	

---------------------------------
plain	jelly	coconut	honey-dip
	28492			
	28493			
	28494			
			28464
		28693		
28627				
			28465
			28466
28628				
		28694		
			28467
	28495	

---------------------------------
plain	jelly	coconut	honey-dip
		28819		
	28601			
	28602			
28770				
		28820		
			28590
	28603			
	28604			
			28591
	28605			
			28592
28771	

---------------------------------
plain	jelly	coconut	honey-dip
		28911		
		28912		
		28913		
		28914		
			28677
	28690			
28862				
			28678
	28691			
28863				
			28679
	28692	

---------------------------------
plain	jelly	coconut	honey-dip
		28990		
	28760			
			28753
28925				
28926				
			28754
	28761			
		28991		
		28992		
		28993		
28927				
			28755


---------------------------------
plain	jelly	coconut	honey-dip
			28826
28983				
		29071		
	28824			
		29072		
28984				
	28825			
	28826			
	28827			
	28828			
	28829			
		29073	

---------------------------------
plain	jelly	coconut	honey-dip
29070				
	28910			
			28929
			28930
			28931
29071				
29072				
	28911			
29073				
29074				
	28912			
			28932


---------------------------------
plain	jelly	coconut	honey-dip
29149				
		29209		
		29210		
	28970			
29150				
		29211		
	28971			
	28972			
29151				
	28973			
29152				
29153	

---------------------------------
plain	jelly	coconut	honey-dip
			29083
29209				
			29084
		29272		
			29085
		29273		
	29052			
	29053			
29210				
		29274		
			29086
29211	

---------------------------------
plain	jelly	coconut	honey-dip
29247				
			29137
29248				
	29094			
			29138
29249				
29250				
			29139
29251				
29252				
			29140
		29318	

---------------------------------
plain	jelly	coconut	honey-dip
29304				
	29131			
29305				
	29132			
	29133			
	29134			
			29191
		29374		
29306				
			29192
29307				
		29375	

---------------------------------
plain	jelly	coconut	honey-dip
	29192			
		29442		
29397				
29398				
	29193			
29399				
			29269
29400				
			29270
		29443		
			29271
		29444	

---------------------------------
plain	jelly	coconut	honey-dip
		29500		
			29342
29475				
29476				
			29343
	29259			
29477				
	29260			
		29501		
			29344
		29502		
			29345


---------------------------------
plain	jelly	coconut	honey-dip
29540				
	29311			
			29394
			29395
29541				
		29559		
	29312			
		29560		
		29561		
29542				
29543				
			29396


---------------------------------
plain	jelly	coconut	honey-dip
		29674		
			29505
			29506
	29405			
	29406			
			29507
	29407			
			29508
29640				
29641				
		29675		
			29509


---------------------------------
plain	jelly	coconut	honey-dip
		29704		
29680				
29681				
	29443			
			29541
29682				
		29705		
			29542
		29706		
	29444			
29683				
			29543


---------------------------------
plain	jelly	coconut	honey-dip
			29565
		29743		
	29477			
29715				
29716				
		29744		
		29745		
		29746		
			29566
			29567
29717				
		29747	

---------------------------------
plain	jelly	coconut	honey-dip
		29822		
		29823		
		29824		
		29825		
		29826		
			29659
	29567			
			29660
29800				
		29827		
	29568			
			29661


---------------------------------
plain	jelly	coconut	honey-dip
	29634			
29864				
	29635			
		29882		
		29883		
29865				
		29884		
	29636			
		29885		
	29637			
29866				
		29886	

---------------------------------
plain	jelly	coconut	honey-dip
29896				
29897				
			29744
	29668			
29898				
29899				
	29669			
			29745
	29670			
		29912		
		29913		
	29671	

---------------------------------
plain	jelly	coconut	honey-dip
	29699			
29922				
	29700			
29923				
		29941		
		29942		
		29943		
			29778
		29944		
			29779
		29945		
			29780


---------------------------------
plain	jelly	coconut	honey-dip
		29964		
		29965		
	29727			
		29966		
			29801
29944				
			29802
			29803
		29967		
			29804
	29728			
			29805


---------------------------------
plain	jelly	coconut	honey-dip
		29984		
		29985		
			29826
	29751			
			29827
29959				
	29752			
	29753			
		29986		
			29828
			29829
		29987	

---------------------------------
plain	jelly	coconut	honey-dip
29978				
	29767			
		30005		
	29768			
	29769			
	29770			
	29771			
		30006		
			29842
29979				
29980				
		30007	

---------------------------------
plain	jelly	coconut	honey-dip
29991				
29992				
	29788			
29993				
	29789			
			29862
	29790			
	29791			
			29863
	29792			
	29793			
			29864


---------------------------------
plain	jelly	coconut	honey-dip
30016				
			29888
		30039		
	29805			
30017				
30018				
		30040		
		30041		
		30042		
		30043		
			29889
	29806	

---------------------------------
plain	jelly	coconut	honey-dip
		30058		
		30059		
			29896
30034				
	29820			
		30060		
	29821			
30035				
30036				
			29897
		30061		
30037	

---------------------------------
plain	jelly	coconut	honey-dip
		30071		
			29905
		30072		
			29906
	29827			
	29828			
30041				
	29829			
30042				
30043				
			29907
			29908


---------------------------------
plain	jelly	coconut	honey-dip
		30081		
			29914
			29915
		30082		
			29916
		30083		
			29917
		30084		
		30085		
		30086		
			29918
30054	

