---------------------------------
plain	jelly	coconut	honey-dip
		1369		
			1346
1331				
	1378			
1332				
	1379			
		1370		
			1347
1333				
	1380			
			1348
1334	

---------------------------------
plain	jelly	coconut	honey-dip
1568				
			1605
	1606			
	1607			
	1608			
			1606
1569				
		1605		
1570				
		1606		
			1607
1571	

---------------------------------
plain	jelly	coconut	honey-dip
	1730			
			1716
	1731			
1681				
1682				
	1732			
		1713		
		1714		
		1715		
			1717
	1733			
			1718


---------------------------------
plain	jelly	coconut	honey-dip
1779				
			1819
	1822			
			1820
1780				
1781				
			1821
		1804		
	1823			
		1805		
			1822
		1806	

---------------------------------
plain	jelly	coconut	honey-dip
	2121			
2082				
			2136
		2097		
		2098		
		2099		
2083				
			2137
	2122			
	2123			
2084				
2085	

---------------------------------
plain	jelly	coconut	honey-dip
			2264
	2251			
			2265
			2266
			2267
		2233		
			2268
			2269
	2252			
		2234		
		2235		
	2253	

---------------------------------
plain	jelly	coconut	honey-dip
	2355			
		2348		
		2349		
2310				
2311				
2312				
			2371
	2356			
2313				
		2350		
	2357			
			2372


---------------------------------
plain	jelly	coconut	honey-dip
			2474
		2456		
		2457		
2434				
	2464			
	2465			
2435				
		2458		
			2475
	2466			
2436				
	2467	

---------------------------------
plain	jelly	coconut	honey-dip
2588				
			2662
		2625		
		2626		
			2663
			2664
	2637			
2589				
2590				
	2638			
			2665
		2627	

---------------------------------
plain	jelly	coconut	honey-dip
2703				
2704				
		2745		
		2746		
	2738			
2705				
		2747		
		2748		
			2770
2706				
			2771
	2739	

---------------------------------
plain	jelly	coconut	honey-dip
2833				
			2911
2834				
	2865			
		2863		
		2864		
		2865		
			2912
		2866		
			2913
			2914
2835	

---------------------------------
plain	jelly	coconut	honey-dip
		3001		
2983				
		3002		
2984				
2985				
		3003		
			3045
2986				
			3046
		3004		
2987				
		3005	

---------------------------------
plain	jelly	coconut	honey-dip
3212				
			3276
3213				
	3178			
	3179			
		3210		
	3180			
		3211		
		3212		
		3213		
	3181			
			3277


---------------------------------
plain	jelly	coconut	honey-dip
3356				
		3337		
	3332			
		3338		
			3415
		3339		
	3333			
	3334			
	3335			
			3416
	3336			
		3340	

---------------------------------
plain	jelly	coconut	honey-dip
	3486			
3528				
		3533		
		3534		
			3601
		3535		
		3536		
3529				
	3487			
		3537		
3530				
	3488	

---------------------------------
plain	jelly	coconut	honey-dip
			3754
		3699		
			3755
		3700		
			3756
			3757
		3701		
		3702		
			3758
			3759
		3703		
	3650	

---------------------------------
plain	jelly	coconut	honey-dip
	3859			
			3951
	3860			
	3861			
		3868		
			3952
		3869		
	3862			
3838				
	3863			
			3953
3839	

---------------------------------
plain	jelly	coconut	honey-dip
	4034			
4010				
		4035		
	4035			
4011				
			4109
	4036			
	4037			
			4110
		4036		
4012				
	4038	

---------------------------------
plain	jelly	coconut	honey-dip
4138				
	4148			
4139				
			4207
		4139		
4140				
			4208
4141				
			4209
			4210
			4211
4142	

---------------------------------
plain	jelly	coconut	honey-dip
			4340
4244				
		4252		
		4253		
4245				
		4254		
		4255		
		4256		
	4252			
4246				
	4253			
4247	

---------------------------------
plain	jelly	coconut	honey-dip
		4414		
			4485
4397				
			4486
		4415		
	4416			
		4416		
4398				
4399				
	4417			
		4417		
		4418	

---------------------------------
plain	jelly	coconut	honey-dip
4604				
	4612			
	4613			
4605				
		4617		
		4618		
		4619		
		4620		
4606				
		4621		
			4695
4607	

---------------------------------
plain	jelly	coconut	honey-dip
	4773			
		4752		
4764				
			4827
			4828
			4829
4765				
		4753		
		4754		
	4774			
4766				
		4755	

---------------------------------
plain	jelly	coconut	honey-dip
			5029
4980				
4981				
		4961		
			5030
			5031
	4998			
			5032
		4962		
		4963		
	4999			
4982	

---------------------------------
plain	jelly	coconut	honey-dip
5084				
			5161
		5084		
		5085		
			5162
	5119			
		5086		
			5163
5085				
		5087		
	5120			
	5121	

---------------------------------
plain	jelly	coconut	honey-dip
		5321		
5313				
	5368			
		5322		
	5369			
			5370
			5371
	5370			
5314				
	5371			
		5323		
5315	

---------------------------------
plain	jelly	coconut	honey-dip
		5422		
		5423		
5435				
		5424		
			5470
			5471
	5477			
	5478			
			5472
			5473
	5479			
		5425	

---------------------------------
plain	jelly	coconut	honey-dip
		5559		
		5560		
			5597
5566				
			5598
		5561		
5567				
		5562		
			5599
		5563		
		5564		
5568	

---------------------------------
plain	jelly	coconut	honey-dip
	6011			
		5928		
	6012			
		5929		
			5963
	6013			
5930				
	6014			
5931				
			5964
5932				
			5965


---------------------------------
plain	jelly	coconut	honey-dip
	6218			
6126				
			6170
		6110		
			6171
		6111		
6127				
6128				
		6112		
			6172
			6173
		6113	

---------------------------------
plain	jelly	coconut	honey-dip
6256				
	6372			
		6259		
			6313
		6260		
			6314
	6373			
	6374			
6257				
	6375			
			6315
			6316


---------------------------------
plain	jelly	coconut	honey-dip
	6517			
	6518			
		6395		
	6519			
	6520			
		6396		
	6521			
		6397		
		6398		
		6399		
	6522			
			6454


---------------------------------
plain	jelly	coconut	honey-dip
		6548		
			6590
	6668			
		6549		
			6591
		6550		
6534				
		6551		
			6592
6535				
		6552		
	6669	

---------------------------------
plain	jelly	coconut	honey-dip
			6760
			6761
6716				
6717				
		6689		
	6811			
6718				
		6690		
		6691		
6719				
			6762
	6812	

---------------------------------
plain	jelly	coconut	honey-dip
	6928			
			6909
		6798		
		6799		
			6910
6869				
	6929			
	6930			
		6800		
			6911
6870				
		6801	

---------------------------------
plain	jelly	coconut	honey-dip
	7082			
		6946		
7027				
			7073
		6947		
			7074
7028				
		6948		
	7083			
7029				
	7084			
	7085	

---------------------------------
plain	jelly	coconut	honey-dip
	7204			
		7068		
	7205			
	7206			
	7207			
		7069		
	7208			
7133				
	7209			
	7210			
			7215
	7211	

---------------------------------
plain	jelly	coconut	honey-dip
7259				
		7220		
	7350			
			7355
		7221		
	7351			
7260				
	7352			
			7356
			7357
	7353			
	7354	

---------------------------------
plain	jelly	coconut	honey-dip
			7475
	7475			
		7356		
			7476
		7357		
			7477
		7358		
	7476			
			7478
7370				
		7359		
	7477	

---------------------------------
plain	jelly	coconut	honey-dip
7501				
			7600
			7601
			7602
7502				
7503				
	7623			
	7624			
	7625			
7504				
			7603
		7480	

---------------------------------
plain	jelly	coconut	honey-dip
			7744
			7745
		7616		
			7746
			7747
	7750			
	7751			
	7752			
	7753			
7622				
	7754			
7623	

---------------------------------
plain	jelly	coconut	honey-dip
7710				
	7850			
		7713		
			7855
			7856
		7714		
		7715		
		7716		
	7851			
			7857
	7852			
	7853	

---------------------------------
plain	jelly	coconut	honey-dip
		7836		
		7837		
7877				
7878				
		7838		
		7839		
		7840		
	7997			
7879				
			8018
	7998			
7880	

---------------------------------
plain	jelly	coconut	honey-dip
			8185
8040				
		7995		
		7996		
8041				
	8156			
8042				
8043				
			8186
	8157			
8044				
8045	

---------------------------------
plain	jelly	coconut	honey-dip
	8260			
8157				
	8261			
8158				
	8262			
			8287
			8288
			8289
8159				
	8263			
			8290
8160	

---------------------------------
plain	jelly	coconut	honey-dip
		8220		
8260				
	8392			
8261				
	8393			
	8394			
		8221		
8262				
8263				
	8395			
		8222		
	8396	

---------------------------------
plain	jelly	coconut	honey-dip
	8538			
			8531
	8539			
	8540			
	8541			
			8532
		8346		
			8533
		8347		
8401				
8402				
			8534


---------------------------------
plain	jelly	coconut	honey-dip
			8658
	8661			
	8662			
			8659
	8663			
	8664			
		8473		
		8474		
		8475		
			8660
		8476		
8540	

---------------------------------
plain	jelly	coconut	honey-dip
		8666		
		8667		
	8822			
			8825
	8823			
			8826
			8827
	8824			
			8828
8703				
8704				
		8668	

---------------------------------
plain	jelly	coconut	honey-dip
8915				
			9055
			9056
	9048			
	9049			
8916				
			9057
			9058
	9050			
			9059
8917				
8918	

---------------------------------
plain	jelly	coconut	honey-dip
	9146			
9020				
		8999		
		9000		
		9001		
		9002		
9021				
9022				
			9159
		9003		
9023				
9024	

---------------------------------
plain	jelly	coconut	honey-dip
			9317
		9158		
			9318
		9159		
		9160		
9184				
		9161		
		9162		
		9163		
	9301			
		9164		
	9302	

---------------------------------
plain	jelly	coconut	honey-dip
		9357		
9368				
	9515			
			9512
	9516			
9369				
		9358		
			9513
9370				
9371				
			9514
9372	

---------------------------------
plain	jelly	coconut	honey-dip
	9630			
9505				
			9636
	9631			
	9632			
	9633			
		9485		
	9634			
			9637
		9486		
	9635			
	9636	

---------------------------------
plain	jelly	coconut	honey-dip
			9735
9627				
		9596		
			9736
	9742			
		9597		
	9743			
			9737
	9744			
		9598		
			9738
	9745	

---------------------------------
plain	jelly	coconut	honey-dip
9746				
9747				
9748				
		9725		
			9869
	9876			
9749				
9750				
	9877			
			9870
		9726		
		9727	

---------------------------------
plain	jelly	coconut	honey-dip
			10051
		9919		
	10067			
	10068			
			10052
			10053
9923				
	10069			
	10070			
9924				
	10071			
			10054


---------------------------------
plain	jelly	coconut	honey-dip
	10192			
10034				
			10171
10035				
			10172
10036				
10037				
			10173
		10043		
10038				
		10044		
	10193	

---------------------------------
plain	jelly	coconut	honey-dip
	10326			
	10327			
		10163		
		10164		
10145				
			10298
			10299
			10300
		10165		
		10166		
	10328			
			10301


---------------------------------
plain	jelly	coconut	honey-dip
			10446
	10493			
		10299		
			10447
10282				
10283				
			10448
			10449
10284				
	10494			
10285				
			10450


---------------------------------
plain	jelly	coconut	honey-dip
			10581
		10431		
	10629			
			10582
			10583
		10432		
10419				
			10584
		10433		
		10434		
10420				
		10435	

---------------------------------
plain	jelly	coconut	honey-dip
			10743
		10564		
	10778			
	10779			
10575				
10576				
			10744
10577				
	10780			
	10781			
		10565		
		10566	

---------------------------------
plain	jelly	coconut	honey-dip
10714				
			10873
			10874
10715				
10716				
10717				
10718				
10719				
		10729		
		10730		
	10908			
			10875


---------------------------------
plain	jelly	coconut	honey-dip
		10863		
			10994
			10995
10854				
			10996
10855				
			10997
			10998
	11041			
	11042			
10856				
			10999


---------------------------------
plain	jelly	coconut	honey-dip
			11120
	11142			
			11121
	11143			
			11122
	11144			
			11123
			11124
		10982		
		10983		
	11145			
10952	

---------------------------------
plain	jelly	coconut	honey-dip
		11136		
	11324			
			11300
11120				
		11137		
		11138		
	11325			
11121				
11122				
11123				
	11326			
	11327	

---------------------------------
plain	jelly	coconut	honey-dip
		11275		
11241				
		11276		
			11441
11242				
	11463			
11243				
		11277		
			11442
	11464			
11244				
11245	

---------------------------------
plain	jelly	coconut	honey-dip
		11410		
			11581
			11582
	11604			
	11605			
	11606			
		11411		
11377				
		11412		
11378				
11379				
			11583


---------------------------------
plain	jelly	coconut	honey-dip
	11730			
		11545		
11505				
		11546		
	11731			
11506				
			11720
	11732			
	11733			
		11547		
		11548		
11507	

---------------------------------
plain	jelly	coconut	honey-dip
		11733		
	11896			
	11897			
	11898			
		11734		
11732				
			11895
		11735		
		11736		
		11737		
	11899			
11733	

---------------------------------
plain	jelly	coconut	honey-dip
	12075			
			12114
		11927		
11920				
11921				
	12076			
	12077			
11922				
		11928		
11923				
			12115
	12078	

---------------------------------
plain	jelly	coconut	honey-dip
	12195			
			12225
		12060		
12060				
12061				
		12061		
			12226
12062				
12063				
	12196			
			12227
	12197	

---------------------------------
plain	jelly	coconut	honey-dip
		12247		
	12381			
			12417
			12418
			12419
		12248		
	12382			
	12383			
			12420
	12384			
12251				
			12421


---------------------------------
plain	jelly	coconut	honey-dip
			12565
	12484			
	12485			
			12566
		12363		
		12364		
		12365		
	12486			
			12567
	12487			
12388				
			12568


---------------------------------
plain	jelly	coconut	honey-dip
	12612			
			12709
12505				
	12613			
		12514		
	12614			
		12515		
	12615			
		12516		
	12616			
12506				
		12517	

---------------------------------
plain	jelly	coconut	honey-dip
12681				
			12837
			12838
			12839
	12747			
			12840
	12748			
			12841
	12749			
			12842
12682				
12683	

---------------------------------
plain	jelly	coconut	honey-dip
			12996
12845				
12846				
		12817		
	12906			
			12997
		12818		
		12819		
		12820		
		12821		
	12907			
12847	

---------------------------------
plain	jelly	coconut	honey-dip
13005				
	13023			
		12961		
	13024			
		12962		
			13127
13006				
	13025			
		12963		
		12964		
			13128
		12965	

---------------------------------
plain	jelly	coconut	honey-dip
	13194			
13165				
13166				
			13292
13167				
		13137		
			13293
13168				
			13294
			13295
	13195			
			13296


---------------------------------
plain	jelly	coconut	honey-dip
	13316			
			13406
	13317			
			13407
			13408
			13409
			13410
	13318			
	13319			
	13320			
			13411
		13238	

---------------------------------
plain	jelly	coconut	honey-dip
			13528
13416				
13417				
			13529
	13445			
	13446			
	13447			
			13530
			13531
	13448			
		13359		
		13360	

---------------------------------
plain	jelly	coconut	honey-dip
13550				
13551				
13552				
			13649
		13468		
			13650
		13469		
		13470		
13553				
			13651
			13652
13554	

---------------------------------
plain	jelly	coconut	honey-dip
		13587		
	13702			
	13703			
13687				
		13588		
		13589		
	13704			
			13780
13688				
13689				
			13781
			13782


---------------------------------
plain	jelly	coconut	honey-dip
	13840			
		13738		
	13841			
		13739		
	13842			
	13843			
		13740		
		13741		
			13927
	13844			
13827				
13828	

---------------------------------
plain	jelly	coconut	honey-dip
		13882		
13966				
			14087
		13883		
	13997			
		13884		
		13885		
	13998			
	13999			
	14000			
13967				
	14001	

---------------------------------
plain	jelly	coconut	honey-dip
			14285
			14286
14135				
14136				
	14183			
		14085		
		14086		
			14287
	14184			
14137				
			14288
	14185	

---------------------------------
plain	jelly	coconut	honey-dip
	14352			
	14353			
	14354			
	14355			
			14469
			14470
			14471
			14472
	14356			
	14357			
			14473
		14280	

---------------------------------
plain	jelly	coconut	honey-dip
		14393		
			14592
14411				
	14468			
			14593
		14394		
14412				
14413				
14414				
14415				
14416				
		14395	

---------------------------------
plain	jelly	coconut	honey-dip
			14718
			14719
14546				
	14591			
			14720
			14721
			14722
		14537		
		14538		
	14592			
		14539		
14547	

---------------------------------
plain	jelly	coconut	honey-dip
	14721			
			14859
	14722			
14659				
		14681		
			14860
		14682		
			14861
	14723			
	14724			
			14862
14660	

---------------------------------
plain	jelly	coconut	honey-dip
14785				
	14860			
14786				
14787				
14788				
	14861			
		14817		
14789				
14790				
			14998
			14999
			15000


---------------------------------
plain	jelly	coconut	honey-dip
	14975			
			15102
	14976			
	14977			
	14978			
	14979			
		14933		
			15103
	14980			
		14934		
		14935		
14918	

---------------------------------
plain	jelly	coconut	honey-dip
		15068		
		15069		
	15104			
		15070		
			15231
	15105			
	15106			
			15232
	15107			
		15071		
	15108			
			15233


---------------------------------
plain	jelly	coconut	honey-dip
	15227			
		15222		
15199				
			15360
		15223		
	15228			
			15361
			15362
15200				
15201				
	15229			
	15230	

---------------------------------
plain	jelly	coconut	honey-dip
	15371			
15328				
	15372			
		15345		
			15480
			15481
			15482
			15483
			15484
	15373			
15329				
	15374	

---------------------------------
plain	jelly	coconut	honey-dip
15516				
15517				
15518				
	15572			
	15573			
	15574			
		15558		
15519				
	15575			
			15694
			15695
		15559	

---------------------------------
plain	jelly	coconut	honey-dip
	15694			
		15697		
	15695			
		15698		
			15806
			15807
			15808
		15699		
		15700		
			15809
	15696			
	15697	

---------------------------------
plain	jelly	coconut	honey-dip
		15836		
		15837		
		15838		
15780				
			15941
	15827			
		15839		
	15828			
			15942
			15943
			15944
			15945


---------------------------------
plain	jelly	coconut	honey-dip
15944				
	15988			
15945				
		15981		
	15989			
	15990			
			16083
		15982		
			16084
		15983		
15946				
15947	

---------------------------------
plain	jelly	coconut	honey-dip
16070				
			16212
			16213
	16120			
16071				
	16121			
	16122			
16072				
16073				
			16214
16074				
			16215


---------------------------------
plain	jelly	coconut	honey-dip
		16220		
	16229			
16188				
		16221		
		16222		
	16230			
	16231			
16189				
		16223		
		16224		
		16225		
		16226	

---------------------------------
plain	jelly	coconut	honey-dip
16397				
		16447		
	16459			
		16448		
		16449		
16398				
	16460			
	16461			
	16462			
			16541
		16450		
	16463	

---------------------------------
plain	jelly	coconut	honey-dip
16534				
			16658
			16659
			16660
			16661
		16595		
	16609			
	16610			
		16596		
		16597		
	16611			
16535	

---------------------------------
plain	jelly	coconut	honey-dip
			16816
		16722		
16669				
16670				
16671				
		16723		
	16741			
16672				
16673				
16674				
			16817
		16724	

---------------------------------
plain	jelly	coconut	honey-dip
		16847		
	16878			
16844				
	16879			
			16943
	16880			
		16848		
			16944
16845				
	16881			
			16945
		16849	

---------------------------------
plain	jelly	coconut	honey-dip
16987				
			17083
		17004		
	17014			
	17015			
16988				
		17005		
		17006		
		17007		
		17008		
			17084
16989	

---------------------------------
plain	jelly	coconut	honey-dip
	17157			
			17232
17127				
	17158			
			17233
		17184		
		17185		
			17234
	17159			
	17160			
17128				
			17235


---------------------------------
plain	jelly	coconut	honey-dip
		17316		
	17283			
17252				
		17317		
			17353
		17318		
			17354
17253				
		17319		
			17355
	17284			
			17356


---------------------------------
plain	jelly	coconut	honey-dip
		17485		
		17486		
		17487		
		17488		
	17420			
	17421			
		17489		
			17488
	17422			
		17490		
17399				
			17489


---------------------------------
plain	jelly	coconut	honey-dip
		17627		
17557				
			17644
17558				
	17600			
			17645
		17628		
	17601			
	17602			
	17603			
17559				
		17629	

---------------------------------
plain	jelly	coconut	honey-dip
		17762		
17707				
17708				
			17791
			17792
	17732			
17709				
17710				
	17733			
		17763		
		17764		
			17793


---------------------------------
plain	jelly	coconut	honey-dip
			17904
			17905
	17861			
		17922		
	17862			
		17923		
17845				
			17906
	17863			
		17924		
17846				
		17925	

---------------------------------
plain	jelly	coconut	honey-dip
	17982			
17971				
	17983			
		18026		
		18027		
		18028		
			18021
17972				
			18022
17973				
17974				
	17984	

---------------------------------
plain	jelly	coconut	honey-dip
	18124			
18104				
	18125			
			18155
			18156
	18126			
		18169		
18105				
			18157
	18127			
			18158
18106	

---------------------------------
plain	jelly	coconut	honey-dip
18236				
18237				
	18258			
18238				
			18273
	18259			
			18274
18239				
	18260			
18240				
	18261			
	18262	

---------------------------------
plain	jelly	coconut	honey-dip
			18373
	18356			
			18374
			18375
	18357			
	18358			
			18376
			18377
	18359			
		18400		
		18401		
	18360	

---------------------------------
plain	jelly	coconut	honey-dip
			18491
		18525		
18472				
			18492
		18526		
	18492			
		18527		
	18493			
		18528		
18473				
		18529		
18474	

---------------------------------
plain	jelly	coconut	honey-dip
		18683		
			18630
		18684		
		18685		
		18686		
		18687		
			18631
			18632
	18623			
	18624			
	18625			
18620	

---------------------------------
plain	jelly	coconut	honey-dip
18883				
	18877			
18884				
	18878			
		18921		
			18883
	18879			
	18880			
	18881			
			18884
			18885
		18922	

---------------------------------
plain	jelly	coconut	honey-dip
19066				
	19041			
	19042			
		19096		
			19057
	19043			
19067				
		19097		
19068				
		19098		
			19058
	19044	

---------------------------------
plain	jelly	coconut	honey-dip
		19243		
			19215
			19216
	19191			
			19217
		19244		
		19245		
		19246		
	19192			
19211				
19212				
19213	

---------------------------------
plain	jelly	coconut	honey-dip
		19391		
	19309			
19353				
19354				
		19392		
	19310			
	19311			
		19393		
19355				
19356				
19357				
		19394	

---------------------------------
plain	jelly	coconut	honey-dip
19504				
19505				
			19516
	19443			
		19525		
	19444			
19506				
19507				
19508				
			19517
19509				
	19445	

---------------------------------
plain	jelly	coconut	honey-dip
			19691
19685				
19686				
	19620			
		19688		
19687				
		19689		
		19690		
			19692
	19621			
	19622			
	19623	

---------------------------------
plain	jelly	coconut	honey-dip
	19750			
			19823
		19842		
			19824
19821				
		19843		
			19825
		19844		
19822				
	19751			
		19845		
			19826


---------------------------------
plain	jelly	coconut	honey-dip
			19962
19949				
			19963
19950				
	19879			
	19880			
			19964
19951				
			19965
			19966
	19881			
		19986	

---------------------------------
plain	jelly	coconut	honey-dip
		20134		
			20144
			20145
			20146
		20135		
20104				
		20136		
20105				
		20137		
		20138		
			20147
	20054	

---------------------------------
plain	jelly	coconut	honey-dip
		20286		
20260				
		20287		
	20213			
			20289
20261				
	20214			
		20288		
	20215			
			20290
			20291
20262	

---------------------------------
plain	jelly	coconut	honey-dip
			20420
		20427		
			20421
		20428		
20395				
			20422
			20423
20396				
		20429		
		20430		
		20431		
	20334	

---------------------------------
plain	jelly	coconut	honey-dip
			20577
	20480			
		20591		
		20592		
	20481			
		20593		
20528				
20529				
			20578
20530				
	20482			
			20579


---------------------------------
plain	jelly	coconut	honey-dip
		20793		
20725				
	20664			
			20762
		20794		
			20763
			20764
20726				
	20665			
	20666			
	20667			
			20765


---------------------------------
plain	jelly	coconut	honey-dip
		20920		
	20778			
20876				
20877				
20878				
20879				
20880				
			20898
		20921		
20881				
20882				
		20922	

---------------------------------
plain	jelly	coconut	honey-dip
			21029
		21047		
21012				
21013				
		21048		
21014				
21015				
	20888			
21016				
	20889			
		21049		
			21030


---------------------------------
plain	jelly	coconut	honey-dip
			21166
		21193		
	21045			
	21046			
			21167
			21168
	21047			
		21194		
21148				
			21169
		21195		
	21048	

---------------------------------
plain	jelly	coconut	honey-dip
			21313
		21330		
21285				
	21176			
		21331		
	21177			
		21332		
21286				
			21314
			21315
21287				
	21178	

---------------------------------
plain	jelly	coconut	honey-dip
	21357			
		21525		
			21500
		21526		
	21358			
	21359			
			21501
21490				
21491				
		21527		
21492				
		21528	

---------------------------------
plain	jelly	coconut	honey-dip
		21661		
21639				
		21662		
	21498			
21640				
			21638
			21639
21641				
			21640
21642				
			21641
		21663	

---------------------------------
plain	jelly	coconut	honey-dip
21790				
21791				
			21785
	21644			
	21645			
	21646			
			21786
		21805		
		21806		
21792				
		21807		
			21787


---------------------------------
plain	jelly	coconut	honey-dip
	21778			
	21779			
	21780			
			21917
21914				
		21943		
21915				
21916				
21917				
21918				
21919				
			21918


---------------------------------
plain	jelly	coconut	honey-dip
22045				
22046				
		22071		
			22030
22047				
	21910			
	21911			
22048				
22049				
		22072		
			22031
	21912	

---------------------------------
plain	jelly	coconut	honey-dip
	22139			
			22237
	22140			
	22141			
		22301		
		22302		
		22303		
			22238
	22142			
22243				
			22239
22244	

---------------------------------
plain	jelly	coconut	honey-dip
	22281			
		22453		
22378				
		22454		
22379				
		22455		
22380				
			22360
	22282			
		22456		
		22457		
	22283	

---------------------------------
plain	jelly	coconut	honey-dip
			22527
		22596		
	22436			
	22437			
		22597		
	22438			
	22439			
		22598		
22537				
		22599		
22538				
22539	

---------------------------------
plain	jelly	coconut	honey-dip
	22604			
		22743		
	22605			
			22670
22679				
22680				
		22744		
		22745		
	22606			
		22746		
		22747		
22681	

---------------------------------
plain	jelly	coconut	honey-dip
			22890
			22891
	22821			
			22892
			22893
		22925		
	22822			
			22894
			22895
		22926		
			22896
		22927	

---------------------------------
plain	jelly	coconut	honey-dip
		23084		
			23030
			23031
		23085		
	22965			
		23086		
	22966			
	22967			
			23032
	22968			
23021				
		23087	

---------------------------------
plain	jelly	coconut	honey-dip
		23215		
		23216		
	23099			
			23158
	23100			
		23217		
	23101			
			23159
			23160
		23218		
23168				
	23102	

---------------------------------
plain	jelly	coconut	honey-dip
	23260			
		23367		
		23368		
23295				
	23261			
			23306
23296				
			23307
			23308
			23309
23297				
	23262	

---------------------------------
plain	jelly	coconut	honey-dip
23446				
		23536		
			23450
		23537		
			23451
23447				
			23452
23448				
23449				
		23538		
	23408			
		23539	

---------------------------------
plain	jelly	coconut	honey-dip
23609				
			23602
	23574			
		23715		
			23603
23610				
	23575			
		23716		
23611				
23612				
	23576			
	23577	

---------------------------------
plain	jelly	coconut	honey-dip
			23748
			23749
23753				
	23692			
		23847		
	23693			
23754				
		23848		
		23849		
			23750
23755				
23756	

---------------------------------
plain	jelly	coconut	honey-dip
		23985		
	23824			
			23877
		23986		
23870				
			23878
	23825			
		23987		
23871				
			23879
		23988		
		23989	

---------------------------------
plain	jelly	coconut	honey-dip
			24037
	23995			
			24038
		24158		
24026				
			24039
	23996			
24027				
			24040
		24159		
		24160		
		24161	

---------------------------------
plain	jelly	coconut	honey-dip
			24169
	24144			
			24170
	24145			
		24304		
	24146			
24163				
			24171
24164				
		24305		
		24306		
			24172


---------------------------------
plain	jelly	coconut	honey-dip
24337				
		24470		
		24471		
	24334			
			24323
24338				
24339				
		24472		
			24324
	24335			
			24325
	24336	

---------------------------------
plain	jelly	coconut	honey-dip
	24455			
			24443
24489				
24490				
	24456			
	24457			
		24617		
		24618		
		24619		
			24444
	24458			
			24445


---------------------------------
plain	jelly	coconut	honey-dip
24642				
			24584
24643				
			24585
	24636			
		24778		
	24637			
			24586
24644				
			24587
			24588
	24638	

---------------------------------
plain	jelly	coconut	honey-dip
		24873		
	24754			
			24686
			24687
24747				
			24688
24748				
			24689
			24690
24749				
	24755			
		24874	

---------------------------------
plain	jelly	coconut	honey-dip
			24825
24907				
		24977		
			24826
		24978		
24908				
		24979		
			24827
24909				
		24980		
			24828
24910	

---------------------------------
plain	jelly	coconut	honey-dip
25028				
	25031			
	25032			
			24971
		25122		
	25033			
	25034			
			24972
	25035			
		25123		
			24973
25029	

---------------------------------
plain	jelly	coconut	honey-dip
	25173			
25166				
		25264		
25167				
	25174			
		25265		
25168				
	25175			
			25113
			25114
			25115
25169	

---------------------------------
plain	jelly	coconut	honey-dip
25330				
			25257
		25441		
		25442		
			25258
		25443		
		25444		
		25445		
			25259
25331				
25332				
		25446	

---------------------------------
plain	jelly	coconut	honey-dip
25470				
	25461			
25471				
			25411
25472				
			25412
25473				
	25462			
			25413
			25414
			25415
25474	

---------------------------------
plain	jelly	coconut	honey-dip
	25646			
	25647			
	25648			
		25789		
25629				
	25649			
			25596
	25650			
25630				
			25597
	25651			
			25598


---------------------------------
plain	jelly	coconut	honey-dip
25766				
		25925		
	25783			
	25784			
25767				
	25785			
			25750
	25786			
		25926		
		25927		
			25751
		25928	

---------------------------------
plain	jelly	coconut	honey-dip
		26091		
	25928			
		26092		
			25917
25924				
	25929			
25925				
			25918
25926				
		26093		
25927				
25928	

---------------------------------
plain	jelly	coconut	honey-dip
		26232		
			26035
		26233		
	26061			
		26234		
		26235		
			26036
		26236		
			26037
			26038
			26039
26048	

---------------------------------
plain	jelly	coconut	honey-dip
26143				
		26348		
			26146
			26147
		26349		
		26350		
		26351		
		26352		
26144				
		26353		
	26147			
	26148	

---------------------------------
plain	jelly	coconut	honey-dip
		26441		
		26442		
26241				
26242				
	26246			
26243				
	26247			
			26252
		26443		
	26248			
			26253
	26249	

---------------------------------
plain	jelly	coconut	honey-dip
		26571		
26374				
26375				
26376				
	26382			
26377				
26378				
	26383			
		26572		
		26573		
		26574		
	26384	

---------------------------------
plain	jelly	coconut	honey-dip
		26766		
		26767		
		26768		
			26528
		26769		
26540				
	26546			
			26529
26541				
	26547			
26542				
	26548	

---------------------------------
plain	jelly	coconut	honey-dip
			26599
			26600
26629				
26630				
			26601
		26832		
			26602
		26833		
			26603
			26604
26631				
26632	

---------------------------------
plain	jelly	coconut	honey-dip
	26706			
			26693
	26707			
		26920		
26721				
	26708			
		26921		
		26922		
	26709			
	26710			
			26694
			26695


---------------------------------
plain	jelly	coconut	honey-dip
26822				
		27036		
		27037		
		27038		
			26802
			26803
			26804
26823				
	26824			
			26805
	26825			
		27039	

---------------------------------
plain	jelly	coconut	honey-dip
	26917			
			26896
		27121		
		27122		
		27123		
26910				
26911				
			26897
			26898
		27124		
		27125		
	26918	

---------------------------------
plain	jelly	coconut	honey-dip
27032				
			27000
		27245		
		27246		
			27001
	26999			
27033				
	27000			
	27001			
27034				
	27002			
	27003	

---------------------------------
plain	jelly	coconut	honey-dip
		27435		
27240				
			27189
		27436		
27241				
27242				
27243				
	27180			
27244				
			27190
		27437		
		27438	

---------------------------------
plain	jelly	coconut	honey-dip
			27284
27341				
		27532		
27342				
			27285
	27259			
		27533		
27343				
			27286
27344				
	27260			
		27534	

---------------------------------
plain	jelly	coconut	honey-dip
	27365			
			27386
		27640		
27469				
			27387
		27641		
27470				
	27366			
	27367			
			27388
27471				
			27389


---------------------------------
plain	jelly	coconut	honey-dip
27615				
		27765		
	27504			
		27766		
	27505			
			27504
		27767		
		27768		
		27769		
		27770		
			27505
			27506


---------------------------------
plain	jelly	coconut	honey-dip
		27845		
	27621			
		27846		
27745				
	27622			
	27623			
	27624			
	27625			
		27847		
		27848		
27746				
		27849	

---------------------------------
plain	jelly	coconut	honey-dip
27883				
	27797			
27884				
	27798			
27885				
	27799			
			27782
27886				
	27800			
		28006		
27887				
	27801	

---------------------------------
plain	jelly	coconut	honey-dip
			27917
			27918
28028				
		28138		
		28139		
		28140		
			27919
	27937			
			27920
		28141		
	27938			
	27939	

---------------------------------
plain	jelly	coconut	honey-dip
	28082			
28142				
28143				
28144				
		28246		
28145				
		28247		
	28083			
	28084			
			28042
	28085			
		28248	

---------------------------------
plain	jelly	coconut	honey-dip
28281				
		28366		
			28165
			28166
		28367		
		28368		
		28369		
28282				
		28370		
		28371		
28283				
		28372	

---------------------------------
plain	jelly	coconut	honey-dip
28386				
28387				
			28242
		28441		
		28442		
28388				
28389				
			28243
28390				
			28244
28391				
		28443	

---------------------------------
plain	jelly	coconut	honey-dip
	28373			
		28555		
		28556		
			28355
	28374			
		28557		
28501				
			28356
28502				
	28375			
	28376			
28503	

---------------------------------
plain	jelly	coconut	honey-dip
28616				
28617				
	28485			
		28681		
			28458
		28682		
			28459
		28683		
28618				
28619				
	28486			
28620	

---------------------------------
plain	jelly	coconut	honey-dip
28721				
		28775		
		28776		
		28777		
		28778		
	28574			
28722				
			28554
28723				
			28555
	28575			
		28779	

---------------------------------
plain	jelly	coconut	honey-dip
		28853		
	28631			
			28626
28802				
28803				
			28627
	28632			
	28633			
			28628
			28629
		28854		
28804	

---------------------------------
plain	jelly	coconut	honey-dip
	28729			
28893				
	28730			
	28731			
		28955		
		28956		
		28957		
	28732			
28894				
	28733			
28895				
		28958	

---------------------------------
plain	jelly	coconut	honey-dip
			28809
		29054		
28969				
28970				
		29055		
	28812			
		29056		
			28810
		29057		
28971				
			28811
		29058	

---------------------------------
plain	jelly	coconut	honey-dip
29038				
29039				
		29121		
	28884			
			28889
			28890
	28885			
29040				
29041				
			28891
	28886			
	28887	

---------------------------------
plain	jelly	coconut	honey-dip
		29190		
			28994
			28995
	28958			
		29191		
29126				
	28959			
		29192		
			28996
		29193		
			28997
29127	

---------------------------------
plain	jelly	coconut	honey-dip
			29071
	29027			
			29072
		29253		
		29254		
			29073
	29028			
29193				
	29029			
			29074
	29030			
29194	

---------------------------------
plain	jelly	coconut	honey-dip
29244				
	29089			
			29127
		29312		
	29090			
	29091			
			29128
29245				
			29129
		29313		
		29314		
			29130


---------------------------------
plain	jelly	coconut	honey-dip
		29381		
29320				
		29382		
29321				
	29138			
	29139			
			29197
29322				
29323				
		29383		
29324				
			29198


---------------------------------
plain	jelly	coconut	honey-dip
		29466		
		29467		
			29299
			29300
		29468		
	29223			
	29224			
	29225			
	29226			
			29301
		29469		
29432	

---------------------------------
plain	jelly	coconut	honey-dip
		29522		
			29359
	29278			
29501				
		29523		
		29524		
	29279			
			29360
	29280			
	29281			
		29525		
		29526	

---------------------------------
plain	jelly	coconut	honey-dip
			29422
29564				
			29423
			29424
29565				
	29332			
		29582		
		29583		
	29333			
	29334			
			29425
		29584	

