---------------------------------
plain	jelly	coconut	honey-dip
		929		
			927
		930		
		931		
		932		
		933		
	916			
			928
912				
			929
	917			
913	

---------------------------------
plain	jelly	coconut	honey-dip
		1162		
		1163		
			1150
		1164		
1134				
		1165		
		1166		
1135				
1136				
	1174			
1137				
		1167	

---------------------------------
plain	jelly	coconut	honey-dip
		1251		
		1252		
	1275			
			1237
	1276			
		1253		
			1238
1217				
	1277			
			1239
			1240
		1254	

---------------------------------
plain	jelly	coconut	honey-dip
		1356		
	1371			
			1336
	1372			
		1357		
			1337
		1358		
1325				
		1359		
			1338
1326				
1327	

---------------------------------
plain	jelly	coconut	honey-dip
	1450			
		1448		
			1415
1399				
			1416
			1417
			1418
1400				
		1449		
1401				
	1451			
		1450	

---------------------------------
plain	jelly	coconut	honey-dip
			1518
		1522		
	1536			
			1519
			1520
		1523		
	1537			
			1521
1484				
			1522
		1524		
			1523


---------------------------------
plain	jelly	coconut	honey-dip
1599				
1600				
	1651			
1601				
		1637		
1602				
			1641
1603				
	1652			
1604				
			1642
			1643


---------------------------------
plain	jelly	coconut	honey-dip
	1742			
			1730
	1743			
1693				
			1731
1694				
	1744			
	1745			
	1746			
	1747			
	1748			
		1723	

---------------------------------
plain	jelly	coconut	honey-dip
1763				
1764				
	1809			
1765				
1766				
		1794		
	1810			
			1798
		1795		
1767				
1768				
		1796	

---------------------------------
plain	jelly	coconut	honey-dip
1866				
		1882		
			1901
			1902
	1887			
1867				
			1903
1868				
			1904
	1888			
		1883		
1869	

---------------------------------
plain	jelly	coconut	honey-dip
			2032
		1976		
		1977		
1980				
	2004			
			2033
	2005			
	2006			
	2007			
	2008			
		1978		
		1979	

---------------------------------
plain	jelly	coconut	honey-dip
		2090		
2073				
			2127
			2128
	2110			
	2111			
	2112			
		2091		
	2113			
2074				
2075				
			2129


---------------------------------
plain	jelly	coconut	honey-dip
			2230
2168				
			2231
2169				
	2212			
2170				
2171				
		2198		
		2199		
		2200		
2172				
		2201	

---------------------------------
plain	jelly	coconut	honey-dip
	2337			
			2349
2286				
2287				
		2328		
		2329		
	2338			
	2339			
	2340			
		2330		
		2331		
	2341	

---------------------------------
plain	jelly	coconut	honey-dip
2420				
		2432		
2421				
			2458
		2433		
2422				
		2434		
		2435		
			2459
		2436		
		2437		
		2438	

---------------------------------
plain	jelly	coconut	honey-dip
			2603
	2591			
2543				
2544				
			2604
	2592			
			2605
			2606
		2571		
			2607
		2572		
		2573	

---------------------------------
plain	jelly	coconut	honey-dip
	2707			
		2696		
		2697		
2663				
			2734
			2735
	2708			
			2736
2664				
2665				
		2698		
		2699	

---------------------------------
plain	jelly	coconut	honey-dip
	2820			
2790				
	2821			
		2833		
			2861
	2822			
	2823			
			2862
	2824			
2791				
			2863
2792	

---------------------------------
plain	jelly	coconut	honey-dip
		2987		
		2988		
		2989		
2966				
2967				
	2968			
2968				
	2969			
2969				
	2970			
2970				
			3031


---------------------------------
plain	jelly	coconut	honey-dip
		3131		
	3108			
3122				
			3179
3123				
	3109			
			3180
		3132		
			3181
	3110			
	3111			
	3112	

---------------------------------
plain	jelly	coconut	honey-dip
		3243		
		3244		
3248				
		3245		
			3319
	3234			
3249				
3250				
3251				
		3246		
	3235			
	3236	

---------------------------------
plain	jelly	coconut	honey-dip
			3458
		3376		
3382				
	3368			
			3459
3383				
3384				
			3460
			3461
		3377		
3385				
3386	

---------------------------------
plain	jelly	coconut	honey-dip
3501				
			3571
			3572
3502				
			3573
			3574
			3575
	3466			
	3467			
			3576
		3514		
3503	

---------------------------------
plain	jelly	coconut	honey-dip
	3572			
3600				
			3674
			3675
3601				
			3676
		3626		
	3573			
			3677
	3574			
3602				
3603	

---------------------------------
plain	jelly	coconut	honey-dip
3691				
	3694			
		3741		
3692				
		3742		
			3802
			3803
	3695			
	3696			
		3743		
	3697			
3693	

---------------------------------
plain	jelly	coconut	honey-dip
			4111
		4037		
	4039			
4013				
		4038		
		4039		
4014				
4015				
		4040		
4016				
4017				
4018	

---------------------------------
plain	jelly	coconut	honey-dip
			4270
			4271
			4272
	4188			
			4273
4182				
			4274
			4275
		4196		
			4276
	4189			
	4190	

---------------------------------
plain	jelly	coconut	honey-dip
4343				
4344				
			4428
4345				
		4363		
4346				
		4364		
4347				
		4365		
	4362			
	4363			
	4364	

---------------------------------
plain	jelly	coconut	honey-dip
	4493			
			4561
		4480		
			4562
4466				
		4481		
			4563
	4494			
			4564
	4495			
	4496			
4467	

---------------------------------
plain	jelly	coconut	honey-dip
	4586			
	4587			
4576				
		4591		
		4592		
			4679
		4593		
			4680
			4681
4577				
			4682
4578	

---------------------------------
plain	jelly	coconut	honey-dip
4812				
			4862
	4814			
			4863
4813				
	4815			
		4784		
			4864
	4816			
4814				
			4865
	4817	

---------------------------------
plain	jelly	coconut	honey-dip
	4899			
		4847		
	4900			
	4901			
			4935
		4848		
			4936
		4849		
4891				
	4902			
		4850		
	4903	

---------------------------------
plain	jelly	coconut	honey-dip
		5007		
			5083
	5040			
	5041			
			5084
	5042			
			5085
	5043			
		5008		
		5009		
5018				
			5086


---------------------------------
plain	jelly	coconut	honey-dip
5140				
		5151		
	5188			
5141				
		5152		
			5209
5142				
	5189			
			5210
5143				
5144				
5145	

---------------------------------
plain	jelly	coconut	honey-dip
	5333			
	5334			
		5292		
	5335			
			5338
5277				
		5293		
5278				
		5294		
		5295		
	5336			
5279	

---------------------------------
plain	jelly	coconut	honey-dip
		5416		
	5471			
			5465
			5466
	5472			
		5417		
5428				
5429				
			5467
5430				
5431				
			5468


---------------------------------
plain	jelly	coconut	honey-dip
	5634			
			5618
	5635			
			5619
5593				
5594				
		5583		
		5584		
	5636			
		5585		
		5586		
		5587	

---------------------------------
plain	jelly	coconut	honey-dip
			5811
		5800		
	5850			
			5812
	5851			
5807				
			5813
			5814
			5815
	5852			
			5816
	5853	

---------------------------------
plain	jelly	coconut	honey-dip
			5922
	5984			
5900				
			5923
		5906		
		5907		
5901				
			5924
	5985			
5902				
	5986			
5903	

---------------------------------
plain	jelly	coconut	honey-dip
	6113			
	6114			
		6020		
		6021		
			6073
	6115			
		6022		
6034				
	6116			
		6023		
6035				
			6074


---------------------------------
plain	jelly	coconut	honey-dip
			6288
	6345			
			6289
			6290
		6230		
	6346			
6229				
	6347			
			6291
	6348			
		6231		
6230	

---------------------------------
plain	jelly	coconut	honey-dip
			6415
		6356		
		6357		
		6358		
		6359		
			6416
	6477			
6348				
		6360		
6349				
6350				
		6361	

---------------------------------
plain	jelly	coconut	honey-dip
6519				
			6570
			6571
6520				
			6572
	6651			
	6652			
		6528		
	6653			
		6529		
6521				
			6573


---------------------------------
plain	jelly	coconut	honey-dip
		6650		
6688				
6689				
		6651		
		6652		
		6653		
			6711
		6654		
			6712
		6655		
	6783			
			6713


---------------------------------
plain	jelly	coconut	honey-dip
	6931			
			6912
	6932			
		6802		
			6913
	6933			
6871				
	6934			
6872				
		6803		
6873				
	6935	

---------------------------------
plain	jelly	coconut	honey-dip
		6924		
			7049
		6925		
	7055			
		6926		
		6927		
			7050
7004				
	7056			
			7051
	7057			
7005	

---------------------------------
plain	jelly	coconut	honey-dip
		7129		
		7130		
		7131		
		7132		
		7133		
		7134		
	7272			
		7135		
		7136		
7188				
7189				
		7137	

---------------------------------
plain	jelly	coconut	honey-dip
7394				
7395				
		7388		
			7508
	7506			
	7507			
			7509
	7508			
		7389		
7396				
		7390		
	7509	

---------------------------------
plain	jelly	coconut	honey-dip
		7508		
		7509		
			7631
	7652			
	7653			
		7510		
		7511		
			7632
			7633
			7634
7533				
			7635


---------------------------------
plain	jelly	coconut	honey-dip
8046				
8047				
		7997		
			8187
			8188
			8189
			8190
	8158			
	8159			
8048				
			8191
8049	

---------------------------------
plain	jelly	coconut	honey-dip
		8100		
	8258			
		8101		
8154				
			8284
			8285
		8102		
8155				
		8103		
8156				
	8259			
			8286


---------------------------------
plain	jelly	coconut	honey-dip
			8440
	8434			
			8441
			8442
8301				
8302				
	8435			
	8436			
	8437			
			8443
8303				
	8438	

---------------------------------
plain	jelly	coconut	honey-dip
		8367		
		8368		
	8565			
			8552
		8369		
		8370		
		8371		
8428				
8429				
8430				
	8566			
			8553


---------------------------------
plain	jelly	coconut	honey-dip
	8702			
		8523		
8583				
			8704
		8524		
		8525		
	8703			
		8526		
			8705
8584				
	8704			
8585	

---------------------------------
plain	jelly	coconut	honey-dip
	8829			
	8830			
	8831			
		8673		
	8832			
		8674		
			8831
		8675		
			8832
8707				
8708				
			8833


---------------------------------
plain	jelly	coconut	honey-dip
		8790		
		8791		
		8792		
			8950
	8961			
	8962			
		8793		
		8794		
			8951
			8952
	8963			
			8953


---------------------------------
plain	jelly	coconut	honey-dip
8976				
			9111
			9112
	9105			
	9106			
		8952		
		8953		
		8954		
			9113
			9114
			9115
			9116


---------------------------------
plain	jelly	coconut	honey-dip
			9315
		9154		
9182				
	9297			
	9298			
		9155		
		9156		
		9157		
			9316
9183				
	9299			
	9300	

---------------------------------
plain	jelly	coconut	honey-dip
	9462			
9312				
		9303		
9313				
			9459
			9460
		9304		
		9305		
			9461
9314				
		9306		
9315	

---------------------------------
plain	jelly	coconut	honey-dip
	9582			
9456				
			9600
	9583			
	9584			
	9585			
			9601
			9602
	9586			
		9438		
		9439		
		9440	

---------------------------------
plain	jelly	coconut	honey-dip
9595				
	9716			
			9711
			9712
			9713
9596				
			9714
			9715
		9570		
		9571		
9597				
	9717	

---------------------------------
plain	jelly	coconut	honey-dip
9719				
	9841			
		9694		
		9695		
9720				
9721				
			9842
9722				
			9843
		9696		
	9842			
		9697	

---------------------------------
plain	jelly	coconut	honey-dip
			9973
			9974
			9975
			9976
	9989			
9852				
	9990			
	9991			
	9992			
		9846		
9853				
			9977


---------------------------------
plain	jelly	coconut	honey-dip
9988				
	10147			
		9992		
			10121
			10122
		9993		
		9994		
		9995		
	10148			
			10123
	10149			
	10150	

---------------------------------
plain	jelly	coconut	honey-dip
	10356			
			10313
	10357			
	10358			
			10314
10165				
			10315
			10316
		10182		
		10183		
	10359			
		10184	

---------------------------------
plain	jelly	coconut	honey-dip
	10501			
		10305		
	10502			
		10306		
			10455
	10503			
	10504			
		10307		
10295				
10296				
			10456
		10308	

---------------------------------
plain	jelly	coconut	honey-dip
	10660			
10446				
	10661			
			10619
			10620
			10621
			10622
	10662			
	10663			
	10664			
		10467		
		10468	

---------------------------------
plain	jelly	coconut	honey-dip
	10795			
		10578		
	10796			
	10797			
		10579		
10596				
		10580		
		10581		
			10763
	10798			
		10582		
	10799	

---------------------------------
plain	jelly	coconut	honey-dip
			10892
10734				
		10745		
		10746		
10735				
	10925			
			10893
10736				
		10747		
10737				
	10926			
			10894


---------------------------------
plain	jelly	coconut	honey-dip
			11020
		10881		
10875				
	11060			
	11061			
			11021
			11022
10876				
10877				
			11023
			11024
10878	

---------------------------------
plain	jelly	coconut	honey-dip
	11171			
			11140
	11172			
			11141
10974				
	11173			
10975				
			11142
10976				
	11174			
		11007		
		11008	

---------------------------------
plain	jelly	coconut	honey-dip
11099				
11100				
	11300			
	11301			
		11120		
			11277
	11302			
		11121		
			11278
11101				
	11303			
11102	

---------------------------------
plain	jelly	coconut	honey-dip
11215				
			11408
			11409
		11254		
		11255		
11216				
		11256		
11217				
		11257		
			11410
			11411
		11258	

---------------------------------
plain	jelly	coconut	honey-dip
11439				
		11478		
11440				
		11479		
		11480		
			11655
		11481		
11441				
11442				
11443				
	11676			
		11482	

---------------------------------
plain	jelly	coconut	honey-dip
11614				
11615				
		11658		
		11659		
11616				
11617				
11618				
11619				
			11813
11620				
11621				
11622	

---------------------------------
plain	jelly	coconut	honey-dip
	11909			
	11910			
11757				
		11756		
		11757		
		11758		
11758				
		11759		
			11918
			11919
11759				
			11920


---------------------------------
plain	jelly	coconut	honey-dip
		11904		
		11905		
	12056			
11901				
11902				
		11906		
			12091
	12057			
11903				
			12092
			12093
11904	

---------------------------------
plain	jelly	coconut	honey-dip
		12082		
12097				
			12250
12098				
	12231			
			12251
			12252
12099				
		12083		
		12084		
			12253
12100	

---------------------------------
plain	jelly	coconut	honey-dip
			12373
		12202		
			12374
12214				
	12339			
	12340			
		12203		
		12204		
			12375
			12376
12215				
			12377


---------------------------------
plain	jelly	coconut	honey-dip
12397				
			12587
			12588
			12589
		12382		
	12506			
	12507			
			12590
	12508			
		12383		
	12509			
			12591


---------------------------------
plain	jelly	coconut	honey-dip
		12523		
		12524		
			12716
			12717
		12525		
		12526		
		12527		
			12718
12516				
		12528		
	12621			
12517	

---------------------------------
plain	jelly	coconut	honey-dip
		12722		
12763				
	12804			
			12891
	12805			
	12806			
			12892
	12807			
			12893
12764				
	12808			
	12809	

---------------------------------
plain	jelly	coconut	honey-dip
12884				
12885				
12886				
12887				
12888				
			13031
		12859		
			13032
			13033
12889				
	12922			
12890	

---------------------------------
plain	jelly	coconut	honey-dip
			13129
		12966		
	13026			
13007				
		12967		
			13130
		12968		
	13027			
		12969		
13008				
	13028			
			13131


---------------------------------
plain	jelly	coconut	honey-dip
	13236			
13200				
	13237			
	13238			
			13335
13201				
		13173		
	13239			
			13336
		13174		
13202				
		13175	

---------------------------------
plain	jelly	coconut	honey-dip
	13393			
		13303		
		13304		
			13481
			13482
	13394			
	13395			
13355				
		13305		
		13306		
13356				
	13396	

---------------------------------
plain	jelly	coconut	honey-dip
13525				
13526				
	13546			
			13630
13527				
	13547			
			13631
13528				
			13632
13529				
			13633
			13634


---------------------------------
plain	jelly	coconut	honey-dip
		13590		
	13705			
	13706			
	13707			
	13708			
			13783
13690				
			13784
			13785
	13709			
	13710			
			13786


---------------------------------
plain	jelly	coconut	honey-dip
			13903
		13709		
			13904
		13710		
			13905
		13711		
			13906
13806				
			13907
	13818			
			13908
13807	

---------------------------------
plain	jelly	coconut	honey-dip
		13842		
		13843		
	13960			
			14046
		13844		
		13845		
	13961			
13928				
		13846		
13929				
	13962			
			14047


---------------------------------
plain	jelly	coconut	honey-dip
	14131			
		14016		
	14132			
			14227
	14133			
		14017		
14074				
		14018		
		14019		
		14020		
		14021		
14075	

---------------------------------
plain	jelly	coconut	honey-dip
		14183		
	14270			
		14184		
			14387
		14185		
		14186		
			14388
	14271			
		14187		
14220				
	14272			
	14273	

---------------------------------
plain	jelly	coconut	honey-dip
		14349		
	14422			
			14550
14375				
	14423			
	14424			
14376				
	14425			
14377				
		14350		
		14351		
			14551


---------------------------------
plain	jelly	coconut	honey-dip
14518				
		14496		
		14497		
		14498		
14519				
	14568			
		14499		
		14500		
		14501		
	14569			
		14502		
14520	

---------------------------------
plain	jelly	coconut	honey-dip
	14792			
14721				
			14926
14722				
		14733		
			14927
	14793			
14723				
			14928
	14794			
14724				
		14734	

---------------------------------
plain	jelly	coconut	honey-dip
14941				
14942				
		14950		
	14997			
	14998			
		14951		
14943				
		14952		
	14999			
	15000			
		14953		
		14954	

---------------------------------
plain	jelly	coconut	honey-dip
		15104		
			15274
	15123			
	15124			
	15125			
15087				
		15105		
	15126			
	15127			
	15128			
	15129			
	15130	

---------------------------------
plain	jelly	coconut	honey-dip
15226				
			15381
			15382
	15266			
			15383
			15384
15227				
			15385
			15386
	15267			
	15268			
	15269	

---------------------------------
plain	jelly	coconut	honey-dip
15333				
			15488
			15489
	15378			
		15349		
		15350		
		15351		
		15352		
			15490
	15379			
	15380			
	15381	

---------------------------------
plain	jelly	coconut	honey-dip
		15499		
			15642
		15500		
15461				
	15522			
15462				
	15523			
			15643
	15524			
			15644
		15501		
	15525	

---------------------------------
plain	jelly	coconut	honey-dip
			15766
		15648		
	15647			
		15649		
		15650		
			15767
		15651		
			15768
		15652		
			15769
		15653		
15603	

---------------------------------
plain	jelly	coconut	honey-dip
15758				
			15918
		15798		
		15799		
15759				
		15800		
			15919
	15802			
15760				
	15803			
		15801		
			15920


---------------------------------
plain	jelly	coconut	honey-dip
		15946		
		15947		
15899				
			16049
	15946			
	15947			
			16050
		15948		
	15948			
		15949		
	15949			
15900	

---------------------------------
plain	jelly	coconut	honey-dip
	16098			
			16191
		16093		
	16099			
			16192
	16100			
		16094		
		16095		
			16193
		16096		
16058				
		16097	

---------------------------------
plain	jelly	coconut	honey-dip
16216				
		16255		
		16256		
	16259			
16217				
16218				
		16257		
16219				
			16358
	16260			
		16258		
16220	

---------------------------------
plain	jelly	coconut	honey-dip
16346				
			16488
16347				
		16403		
16348				
			16489
16349				
16350				
16351				
	16391			
16352				
	16392	

---------------------------------
plain	jelly	coconut	honey-dip
	16529			
	16530			
			16588
			16589
			16590
16458				
	16531			
		16521		
			16591
		16522		
			16592
		16523	

---------------------------------
plain	jelly	coconut	honey-dip
			16783
		16696		
		16697		
		16698		
16642				
16643				
			16784
			16785
		16699		
	16719			
			16786
			16787


---------------------------------
plain	jelly	coconut	honey-dip
	16865			
		16836		
16823				
			16928
			16929
16824				
16825				
	16866			
			16930
16826				
16827				
16828	

---------------------------------
plain	jelly	coconut	honey-dip
16945				
16946				
		16947		
		16948		
		16949		
16947				
		16950		
16948				
			17042
16949				
			17043
16950	

---------------------------------
plain	jelly	coconut	honey-dip
		17116		
			17179
		17117		
17069				
			17180
	17108			
		17118		
			17181
			17182
		17119		
			17183
	17109	

---------------------------------
plain	jelly	coconut	honey-dip
	17243			
		17282		
		17283		
17218				
		17284		
	17244			
		17285		
	17245			
		17286		
17219				
		17287		
		17288	

---------------------------------
plain	jelly	coconut	honey-dip
	17458			
			17527
		17514		
		17515		
	17459			
		17516		
17437				
17438				
17439				
			17528
17440				
		17517	

---------------------------------
plain	jelly	coconut	honey-dip
			17663
	17619			
			17664
	17620			
		17649		
			17665
	17621			
17581				
17582				
	17622			
		17650		
		17651	

---------------------------------
plain	jelly	coconut	honey-dip
17727				
17728				
	17749			
	17750			
17729				
		17780		
	17751			
			17808
		17781		
17730				
17731				
	17752	

---------------------------------
plain	jelly	coconut	honey-dip
	17897			
17886				
17887				
	17898			
			17944
		17973		
17888				
	17899			
	17900			
			17945
	17901			
17889	

---------------------------------
plain	jelly	coconut	honey-dip
			18064
		18072		
18005				
			18065
		18073		
		18074		
	18015			
		18075		
18006				
		18076		
18007				
	18016	

---------------------------------
plain	jelly	coconut	honey-dip
18174				
			18219
			18220
			18221
			18222
	18194			
18175				
18176				
			18223
	18195			
	18196			
			18224


---------------------------------
plain	jelly	coconut	honey-dip
		18418		
		18419		
18369				
		18420		
			18402
18370				
18371				
		18421		
	18383			
	18384			
		18422		
18372	

---------------------------------
plain	jelly	coconut	honey-dip
	18522			
	18523			
	18524			
		18574		
			18535
	18525			
18529				
18530				
18531				
			18536
18532				
			18537


---------------------------------
plain	jelly	coconut	honey-dip
18646				
	18654			
	18655			
18647				
			18660
		18716		
			18661
		18717		
		18718		
			18662
	18656			
18648	

---------------------------------
plain	jelly	coconut	honey-dip
			18852
			18853
	18831			
		18881		
	18832			
		18882		
			18854
			18855
			18856
	18833			
18844				
	18834	

---------------------------------
plain	jelly	coconut	honey-dip
19027				
			19001
	18999			
			19002
		19053		
		19054		
19028				
			19003
19029				
19030				
19031				
19032	

---------------------------------
plain	jelly	coconut	honey-dip
19144				
			19152
19145				
	19127			
	19128			
19146				
		19173		
19147				
		19174		
			19153
		19175		
			19154


---------------------------------
plain	jelly	coconut	honey-dip
		19321		
	19241			
	19242			
	19243			
	19244			
19292				
	19245			
			19294
19293				
19294				
		19322		
	19246	

---------------------------------
plain	jelly	coconut	honey-dip
19483				
			19501
19484				
			19502
			19503
		19509		
19485				
	19423			
19486				
19487				
	19424			
		19510	

---------------------------------
plain	jelly	coconut	honey-dip
		19613		
	19547			
	19548			
		19614		
	19549			
			19623
	19550			
			19624
	19551			
	19552			
		19615		
		19616	

---------------------------------
plain	jelly	coconut	honey-dip
			19773
19766				
19767				
19768				
		19782		
		19783		
19769				
			19774
			19775
			19776
			19777
19770	

---------------------------------
plain	jelly	coconut	honey-dip
		19910		
19884				
			19884
		19911		
	19810			
19885				
			19885
19886				
		19912		
		19913		
			19886
	19811	

---------------------------------
plain	jelly	coconut	honey-dip
		20038		
20004				
20005				
	19943			
	19944			
	19945			
		20039		
	19946			
	19947			
		20040		
	19948			
20006	

---------------------------------
plain	jelly	coconut	honey-dip
		20216		
			20222
			20223
20183				
			20224
		20217		
	20139			
20184				
20185				
	20140			
			20225
20186	

---------------------------------
plain	jelly	coconut	honey-dip
	20275			
20324				
	20276			
			20353
20325				
			20354
			20355
		20360		
		20361		
		20362		
	20277			
	20278	

---------------------------------
plain	jelly	coconut	honey-dip
		20507		
20452				
		20508		
			20485
			20486
	20396			
20453				
			20487
	20397			
		20509		
		20510		
	20398	

---------------------------------
plain	jelly	coconut	honey-dip
20599				
20600				
		20665		
20601				
	20550			
		20666		
20602				
		20667		
		20668		
	20551			
			20650
			20651


---------------------------------
plain	jelly	coconut	honey-dip
	20686			
	20687			
		20821		
20759				
	20688			
20760				
			20798
			20799
	20689			
			20800
		20822		
			20801


---------------------------------
plain	jelly	coconut	honey-dip
	20796			
			20927
		20949		
	20797			
		20950		
20908				
		20951		
		20952		
		20953		
20909				
		20954		
	20798	

---------------------------------
plain	jelly	coconut	honey-dip
		21153		
	21011			
			21134
	21012			
		21154		
21122				
	21013			
21123				
			21135
			21136
21124				
			21137


---------------------------------
plain	jelly	coconut	honey-dip
			21264
21250				
			21265
			21266
	21144			
21251				
		21302		
	21145			
			21267
		21303		
		21304		
		21305	

---------------------------------
plain	jelly	coconut	honey-dip
		21435		
21398				
			21423
		21436		
	21292			
21399				
	21293			
	21294			
		21437		
21400				
21401				
21402	

---------------------------------
plain	jelly	coconut	honey-dip
			21566
21560				
			21567
		21587		
	21423			
		21588		
	21424			
	21425			
			21568
21561				
			21569
	21426	

---------------------------------
plain	jelly	coconut	honey-dip
		21756		
		21757		
	21597			
			21737
21742				
			21738
			21739
		21758		
21743				
		21759		
21744				
	21598	

---------------------------------
plain	jelly	coconut	honey-dip
	21811			
		21975		
21944				
		21976		
		21977		
		21978		
			21942
21945				
		21979		
			21943
	21812			
	21813	

---------------------------------
plain	jelly	coconut	honey-dip
22149				
22150				
22151				
			22139
			22140
	22040			
	22041			
	22042			
	22043			
	22044			
22152				
		22184	

---------------------------------
plain	jelly	coconut	honey-dip
		22318		
		22319		
			22257
	22162			
22267				
		22320		
		22321		
22268				
	22163			
			22258
	22164			
		22322	

---------------------------------
plain	jelly	coconut	honey-dip
	22308			
22404				
			22386
	22309			
			22387
			22388
22405				
	22310			
			22389
			22390
	22311			
22406	

---------------------------------
plain	jelly	coconut	honey-dip
		22585		
			22515
			22516
			22517
	22421			
		22586		
		22587		
	22422			
			22518
		22588		
		22589		
			22519


---------------------------------
plain	jelly	coconut	honey-dip
			22672
22691				
	22615			
			22673
			22674
		22754		
		22755		
			22675
22692				
	22616			
	22617			
		22756	

---------------------------------
plain	jelly	coconut	honey-dip
		22875		
		22876		
			22825
			22826
			22827
		22877		
		22878		
	22770			
			22828
	22771			
			22829
			22830


---------------------------------
plain	jelly	coconut	honey-dip
			22995
22971				
	22911			
	22912			
22972				
	22913			
		23031		
22973				
22974				
	22914			
22975				
	22915	

---------------------------------
plain	jelly	coconut	honey-dip
	23051			
	23052			
		23162		
			23107
		23163		
	23053			
23116				
23117				
		23164		
23118				
		23165		
	23054	

---------------------------------
plain	jelly	coconut	honey-dip
		23316		
		23317		
	23189			
	23190			
			23257
	23191			
23250				
	23192			
		23318		
			23258
		23319		
	23193	

---------------------------------
plain	jelly	coconut	honey-dip
		23494		
	23368			
23406				
23407				
23408				
23409				
23410				
		23495		
23411				
		23496		
	23369			
23412	

---------------------------------
plain	jelly	coconut	honey-dip
			23520
23525				
	23477			
		23606		
	23478			
			23521
	23479			
23526				
			23522
		23607		
			23523
		23608	

---------------------------------
plain	jelly	coconut	honey-dip
			23640
	23605			
			23641
	23606			
			23642
23652				
23653				
			23643
			23644
			23645
	23607			
23654	

---------------------------------
plain	jelly	coconut	honey-dip
		23857		
		23858		
23763				
			23755
	23701			
		23859		
			23756
23764				
23765				
			23757
23766				
23767	

---------------------------------
plain	jelly	coconut	honey-dip
		24005		
	23839			
23877				
23878				
23879				
		24006		
			23883
23880				
	23840			
		24007		
		24008		
			23884


---------------------------------
plain	jelly	coconut	honey-dip
	24171			
	24172			
	24173			
			24193
24182				
		24330		
24183				
		24331		
		24332		
		24333		
	24174			
24184	

---------------------------------
plain	jelly	coconut	honey-dip
		24479		
	24343			
	24344			
	24345			
24349				
24350				
	24346			
24351				
24352				
			24329
			24330
	24347	

---------------------------------
plain	jelly	coconut	honey-dip
	24430			
		24578		
		24579		
24461				
		24580		
			24415
		24581		
			24416
24462				
24463				
		24582		
		24583	

---------------------------------
plain	jelly	coconut	honey-dip
	24660			
24662				
	24661			
			24602
	24662			
24663				
			24603
24664				
24665				
		24800		
	24663			
		24801	

---------------------------------
plain	jelly	coconut	honey-dip
24913				
		24983		
			24833
			24834
	24883			
	24884			
			24835
24914				
		24984		
			24836
24915				
	24885	

---------------------------------
plain	jelly	coconut	honey-dip
		25117		
		25118		
25024				
	25025			
	25026			
	25027			
		25119		
			24962
		25120		
			24963
25025				
			24964


---------------------------------
plain	jelly	coconut	honey-dip
		25274		
25175				
		25275		
25176				
			25120
		25276		
	25183			
		25277		
			25121
		25278		
			25122
			25123


---------------------------------
plain	jelly	coconut	honey-dip
			25341
			25342
		25529		
			25343
25391				
25392				
25393				
25394				
	25391			
	25392			
			25344
	25393	

---------------------------------
plain	jelly	coconut	honey-dip
			25452
		25644		
		25645		
			25453
		25646		
25502				
	25498			
			25454
		25647		
		25648		
	25499			
			25455


---------------------------------
plain	jelly	coconut	honey-dip
			25612
		25794		
25643				
			25613
	25659			
		25795		
25644				
25645				
			25614
25646				
		25796		
			25615


---------------------------------
plain	jelly	coconut	honey-dip
			25738
	25773			
			25739
	25774			
			25740
	25775			
			25741
25758				
			25742
	25776			
		25919		
		25920	

---------------------------------
plain	jelly	coconut	honey-dip
			25886
			25887
25897				
	25910			
25898				
			25888
	25911			
		26071		
			25889
			25890
		26072		
25899	

---------------------------------
plain	jelly	coconut	honey-dip
			26009
	26014			
			26010
	26015			
	26016			
	26017			
		26181		
	26018			
	26019			
		26182		
	26020			
			26011


---------------------------------
plain	jelly	coconut	honey-dip
			26154
		26361		
26159				
26160				
26161				
	26158			
		26362		
			26155
26162				
26163				
		26363		
			26156


---------------------------------
plain	jelly	coconut	honey-dip
	26265			
		26448		
	26266			
26253				
	26267			
26254				
			26262
26255				
26256				
			26263
26257				
			26264


---------------------------------
plain	jelly	coconut	honey-dip
	26371			
		26558		
		26559		
			26344
26363				
26364				
	26372			
			26345
			26346
			26347
		26560		
		26561	

---------------------------------
plain	jelly	coconut	honey-dip
		26702		
			26475
	26492			
			26476
26471				
		26703		
		26704		
			26477
			26478
26472				
		26705		
		26706	

---------------------------------
plain	jelly	coconut	honey-dip
26640				
26641				
26642				
	26626			
	26627			
	26628			
		26838		
		26839		
			26612
			26613
		26840		
			26614


---------------------------------
plain	jelly	coconut	honey-dip
26781				
		26995		
26782				
26783				
		26996		
		26997		
		26998		
		26999		
		27000		
	26781			
26784				
	26782	

---------------------------------
plain	jelly	coconut	honey-dip
	26891			
		27097		
			26873
		27098		
	26892			
			26874
26887				
26888				
			26875
		27099		
			26876
		27100	

---------------------------------
plain	jelly	coconut	honey-dip
	26977			
		27206		
			26967
	26978			
			26968
26982				
			26969
			26970
26983				
26984				
		27207		
		27208	

---------------------------------
plain	jelly	coconut	honey-dip
			27078
	27068			
		27323		
	27069			
			27079
	27070			
		27324		
	27071			
	27072			
27107				
			27080
	27073	

---------------------------------
plain	jelly	coconut	honey-dip
27254				
	27189			
			27203
27255				
27256				
			27204
		27446		
			27205
27257				
		27447		
27258				
27259	

---------------------------------
plain	jelly	coconut	honey-dip
	27285			
27380				
			27311
	27286			
27381				
			27312
		27560		
		27561		
			27313
	27287			
27382				
	27288	

---------------------------------
plain	jelly	coconut	honey-dip
		27656		
			27402
27486				
	27376			
	27377			
27487				
		27657		
			27403
			27404
	27378			
		27658		
	27379	

---------------------------------
plain	jelly	coconut	honey-dip
	27519			
			27526
27627				
27628				
			27527
	27520			
27629				
27630				
27631				
27632				
27633				
			27528


---------------------------------
plain	jelly	coconut	honey-dip
	27642			
		27865		
	27643			
27765				
			27656
	27644			
			27657
27766				
		27866		
	27645			
		27867		
		27868	

---------------------------------
plain	jelly	coconut	honey-dip
	27773			
	27774			
		27982		
			27758
			27759
27871				
	27775			
	27776			
			27760
	27777			
	27778			
	27779	

---------------------------------
plain	jelly	coconut	honey-dip
	27886			
27991				
	27887			
27992				
		28097		
27993				
	27888			
			27878
		28098		
	27889			
		28099		
			27879


---------------------------------
plain	jelly	coconut	honey-dip
	28025			
			27994
			27995
28091				
			27996
	28026			
			27997
			27998
	28027			
	28028			
28092				
			27999


---------------------------------
plain	jelly	coconut	honey-dip
		28453		
	28266			
		28454		
28404				
		28455		
			28253
	28267			
		28456		
			28254
		28457		
			28255
	28268	

---------------------------------
plain	jelly	coconut	honey-dip
	28362			
28485				
		28534		
			28331
28486				
28487				
			28332
28488				
		28535		
	28363			
28489				
			28333


---------------------------------
plain	jelly	coconut	honey-dip
		28634		
		28635		
28577				
	28436			
	28437			
		28636		
	28438			
	28439			
			28413
28578				
			28414
			28415


---------------------------------
plain	jelly	coconut	honey-dip
		28830		
			28600
28781				
			28601
28782				
			28602
28783				
			28603
			28604
			28605
			28606
	28617	

---------------------------------
plain	jelly	coconut	honey-dip
		28907		
28860				
	28687			
		28908		
		28909		
28861				
			28674
			28675
		28910		
	28688			
	28689			
			28676


---------------------------------
plain	jelly	coconut	honey-dip
	28802			
28961				
28962				
			28798
			28799
	28803			
	28804			
		29035		
			28800
		29036		
			28801
28963	

---------------------------------
plain	jelly	coconut	honey-dip
29015				
29016				
		29099		
	28857			
		29100		
		29101		
	28858			
29017				
29018				
29019				
			28853
		29102	

---------------------------------
plain	jelly	coconut	honey-dip
	28933			
29095				
		29161		
		29162		
29096				
29097				
	28934			
		29163		
	28935			
	28936			
	28937			
29098	

---------------------------------
plain	jelly	coconut	honey-dip
	29001			
	29002			
			29041
29173				
	29003			
			29042
29174				
	29004			
29175				
			29043
	29005			
29176	

---------------------------------
plain	jelly	coconut	honey-dip
			29185
	29130			
		29372		
			29186
			29187
29301				
			29188
29302				
			29189
29303				
			29190
		29373	

---------------------------------
plain	jelly	coconut	honey-dip
			29250
	29180			
	29181			
	29182			
29382				
29383				
29384				
			29251
		29428		
			29252
		29429		
		29430	

---------------------------------
plain	jelly	coconut	honey-dip
29470				
29471				
	29258			
		29498		
			29338
			29339
			29340
			29341
		29499		
29472				
29473				
29474	

---------------------------------
plain	jelly	coconut	honey-dip
			29382
	29304			
		29550		
			29383
			29384
		29551		
	29305			
	29306			
			29385
29532				
	29307			
		29552	

---------------------------------
plain	jelly	coconut	honey-dip
29613				
29614				
	29370			
		29631		
	29371			
			29466
		29632		
			29467
			29468
			29469
	29372			
			29470


