---------------------------------
plain	jelly	coconut	honey-dip
	151			
			134
167				
			135
			136
			137
		160		
		161		
		162		
		163		
			138
		164	

---------------------------------
plain	jelly	coconut	honey-dip
			327
		347		
		348		
		349		
	344			
			328
	345			
	346			
350				
351				
352				
		350	

---------------------------------
plain	jelly	coconut	honey-dip
		426		
	420			
		427		
418				
		428		
		429		
			404
	421			
419				
		430		
		431		
			405


---------------------------------
plain	jelly	coconut	honey-dip
515				
		510		
		511		
	502			
			477
		512		
	503			
	504			
516				
			478
517				
			479


---------------------------------
plain	jelly	coconut	honey-dip
591				
592				
	590			
	591			
	592			
			567
		580		
		581		
	593			
593				
594				
595	

---------------------------------
plain	jelly	coconut	honey-dip
644				
			623
		652		
			624
645				
		653		
	649			
	650			
		654		
			625
646				
647	

---------------------------------
plain	jelly	coconut	honey-dip
	718			
	719			
			695
			696
	720			
			697
	721			
			698
		720		
	722			
			699
			700


---------------------------------
plain	jelly	coconut	honey-dip
754				
		776		
	772			
			758
	773			
			759
755				
		777		
		778		
		779		
		780		
			760


---------------------------------
plain	jelly	coconut	honey-dip
		859		
834				
			844
		860		
			845
	835			
835				
	836			
			846
		861		
		862		
	837	

---------------------------------
plain	jelly	coconut	honey-dip
900				
	905			
901				
902				
903				
	906			
			919
904				
	907			
	908			
905				
	909	

---------------------------------
plain	jelly	coconut	honey-dip
	969			
		995		
			990
	970			
		996		
	971			
			991
	972			
	973			
970				
	974			
	975	

---------------------------------
plain	jelly	coconut	honey-dip
1030				
	1042			
			1051
	1043			
		1053		
	1044			
		1054		
			1052
			1053
		1055		
1031				
1032	

---------------------------------
plain	jelly	coconut	honey-dip
		1124		
1098				
1099				
		1125		
1100				
			1113
			1114
1101				
	1129			
		1126		
	1130			
		1127	

---------------------------------
plain	jelly	coconut	honey-dip
	1206			
	1207			
	1208			
	1209			
	1210			
1164				
		1198		
			1184
	1211			
			1185
			1186
1165	

---------------------------------
plain	jelly	coconut	honey-dip
1225				
		1259		
			1247
1226				
			1248
		1260		
		1261		
	1285			
		1262		
			1249
			1250
	1286	

---------------------------------
plain	jelly	coconut	honey-dip
1299				
		1336		
		1337		
	1353			
		1338		
		1339		
	1354			
	1355			
			1316
		1340		
1300				
			1317


---------------------------------
plain	jelly	coconut	honey-dip
			1413
		1443		
1396				
1397				
		1444		
			1414
		1445		
		1446		
	1448			
		1447		
1398				
	1449	

---------------------------------
plain	jelly	coconut	honey-dip
1481				
	1533			
			1514
	1534			
			1515
	1535			
			1516
1482				
			1517
1483				
		1520		
		1521	

---------------------------------
plain	jelly	coconut	honey-dip
			1628
		1624		
	1633			
1583				
	1634			
1584				
	1635			
			1629
			1630
	1636			
1585				
			1631


---------------------------------
plain	jelly	coconut	honey-dip
			1689
1652				
			1690
1653				
1654				
1655				
		1689		
	1714			
		1690		
			1691
1656				
		1691	

---------------------------------
plain	jelly	coconut	honey-dip
		1787		
		1788		
	1802			
1756				
			1795
		1789		
	1803			
1757				
	1804			
			1796
		1790		
		1791	

---------------------------------
plain	jelly	coconut	honey-dip
	1894			
		1885		
			1908
		1886		
			1909
	1895			
	1896			
1873				
1874				
1875				
		1887		
1876	

---------------------------------
plain	jelly	coconut	honey-dip
	1986			
1968				
1969				
1970				
	1987			
			2017
1971				
			2018
	1988			
			2019
	1989			
1972	

---------------------------------
plain	jelly	coconut	honey-dip
	2078			
			2090
	2079			
			2091
			2092
2045				
			2093
	2080			
			2094
	2081			
	2082			
		2055	

---------------------------------
plain	jelly	coconut	honey-dip
		2156		
			2183
	2167			
2134				
	2168			
	2169			
			2184
			2185
	2170			
			2186
			2187
2135	

---------------------------------
plain	jelly	coconut	honey-dip
	2244			
		2227		
			2257
			2258
2188				
		2228		
			2259
	2245			
		2229		
	2246			
	2247			
2189	

---------------------------------
plain	jelly	coconut	honey-dip
	2434			
	2435			
		2426		
	2436			
	2437			
	2438			
	2439			
2418				
	2440			
		2427		
	2441			
			2454


---------------------------------
plain	jelly	coconut	honey-dip
		2537		
			2568
			2569
		2538		
			2570
2515				
			2571
			2572
		2539		
2516				
	2556			
2517	

---------------------------------
plain	jelly	coconut	honey-dip
	2667			
	2668			
		2663		
		2664		
2614				
		2665		
	2669			
	2670			
2615				
			2688
			2689
			2690


---------------------------------
plain	jelly	coconut	honey-dip
		2776		
		2777		
			2807
2734				
		2778		
		2779		
2735				
2736				
		2780		
2737				
2738				
			2808


---------------------------------
plain	jelly	coconut	honey-dip
			2947
			2948
2891				
	2898			
2892				
	2899			
		2916		
	2900			
			2949
2893				
			2950
2894	

---------------------------------
plain	jelly	coconut	honey-dip
3008				
			3064
	3000			
3009				
			3065
3010				
			3066
			3067
		3024		
3011				
	3001			
			3068


---------------------------------
plain	jelly	coconut	honey-dip
	3134			
			3203
			3204
			3205
			3206
		3148		
3151				
3152				
		3149		
3153				
	3135			
			3207


---------------------------------
plain	jelly	coconut	honey-dip
		3317		
3345				
		3318		
		3319		
			3396
	3322			
	3323			
		3320		
		3321		
3346				
	3324			
			3397


---------------------------------
plain	jelly	coconut	honey-dip
			3607
		3544		
		3545		
3537				
3538				
		3546		
3539				
			3608
3540				
		3547		
		3548		
	3496	

---------------------------------
plain	jelly	coconut	honey-dip
			3760
			3761
		3704		
			3762
			3763
3669				
			3764
3670				
		3705		
		3706		
		3707		
			3765


---------------------------------
plain	jelly	coconut	honey-dip
			3904
		3839		
	3821			
	3822			
	3823			
3796				
	3824			
3797				
			3905
	3825			
3798				
			3906


---------------------------------
plain	jelly	coconut	honey-dip
		3946		
	3952			
	3953			
	3954			
		3947		
		3948		
3921				
		3949		
			4033
	3955			
		3950		
	3956	

---------------------------------
plain	jelly	coconut	honey-dip
			4156
		4091		
	4099			
	4100			
		4092		
			4157
4082				
4083				
			4158
		4093		
			4159
4084	

---------------------------------
plain	jelly	coconut	honey-dip
			4285
4188				
		4203		
	4196			
			4286
			4287
4189				
			4288
		4204		
	4197			
			4289
		4205	

---------------------------------
plain	jelly	coconut	honey-dip
4323				
			4405
		4339		
	4333			
4324				
4325				
4326				
			4406
	4334			
		4340		
4327				
	4335	

---------------------------------
plain	jelly	coconut	honey-dip
			4534
			4535
		4454		
4442				
	4462			
		4455		
		4456		
4443				
			4536
	4463			
			4537
4444	

---------------------------------
plain	jelly	coconut	honey-dip
4568				
		4574		
			4665
	4577			
	4578			
		4575		
		4576		
4569				
4570				
		4577		
4571				
			4666


---------------------------------
plain	jelly	coconut	honey-dip
4747				
		4737		
4748				
4749				
		4738		
4750				
4751				
	4752			
		4739		
		4740		
			4808
	4753	

---------------------------------
plain	jelly	coconut	honey-dip
4899				
4900				
			4941
	4911			
4901				
4902				
4903				
			4942
	4912			
	4913			
	4914			
4904	

---------------------------------
plain	jelly	coconut	honey-dip
			5107
			5108
		5024		
	5061			
		5025		
		5026		
		5027		
			5109
5040				
	5062			
			5110
			5111


---------------------------------
plain	jelly	coconut	honey-dip
5165				
	5216			
5166				
	5217			
	5218			
			5229
			5230
		5174		
	5219			
		5175		
		5176		
		5177	

---------------------------------
plain	jelly	coconut	honey-dip
5283				
5284				
	5342			
5285				
			5340
	5343			
	5344			
	5345			
5286				
	5346			
			5341
			5342


---------------------------------
plain	jelly	coconut	honey-dip
	5421			
			5430
			5431
		5371		
5378				
		5372		
5379				
		5373		
		5374		
5380				
	5422			
5381	

---------------------------------
plain	jelly	coconut	honey-dip
	5568			
			5532
			5533
			5534
		5494		
5510				
		5495		
			5535
	5569			
5511				
		5496		
	5570	

---------------------------------
plain	jelly	coconut	honey-dip
	5814			
5770				
5771				
			5781
5772				
	5815			
	5816			
5773				
	5817			
	5818			
			5782
			5783


---------------------------------
plain	jelly	coconut	honey-dip
			5919
	5981			
		5901		
			5920
	5982			
		5902		
			5921
		5903		
		5904		
		5905		
	5983			
5899	

---------------------------------
plain	jelly	coconut	honey-dip
			6079
6046				
6047				
		6027		
	6124			
			6080
			6081
6048				
			6082
6049				
	6125			
			6083


---------------------------------
plain	jelly	coconut	honey-dip
			6270
6212				
	6321			
		6205		
		6206		
	6322			
6213				
			6271
			6272
		6207		
			6273
6214	

---------------------------------
plain	jelly	coconut	honey-dip
6332				
	6466			
		6349		
	6467			
6333				
6334				
			6401
	6468			
			6402
6335				
6336				
6337	

---------------------------------
plain	jelly	coconut	honey-dip
		6507		
		6508		
	6635			
6503				
		6509		
	6636			
		6510		
6504				
	6637			
	6638			
	6639			
			6551


---------------------------------
plain	jelly	coconut	honey-dip
		6635		
		6636		
6664				
	6766			
			6695
6665				
		6637		
6666				
6667				
			6696
	6767			
		6638	

---------------------------------
plain	jelly	coconut	honey-dip
		6828		
6891				
			6924
			6925
		6829		
			6926
	6957			
			6927
	6958			
	6959			
			6928
	6960	

---------------------------------
plain	jelly	coconut	honey-dip
	7065			
	7066			
	7067			
			7059
		6930		
		6931		
			7060
	7068			
		6932		
7014				
			7061
		6933	

---------------------------------
plain	jelly	coconut	honey-dip
		7072		
7138				
7139				
			7219
			7220
			7221
7140				
			7222
		7073		
7141				
			7223
7142	

---------------------------------
plain	jelly	coconut	honey-dip
7255				
	7348			
7256				
			7353
		7216		
			7354
7257				
		7217		
	7349			
		7218		
		7219		
7258	

---------------------------------
plain	jelly	coconut	honey-dip
	7480			
7375				
		7363		
		7364		
7376				
7377				
			7482
		7365		
		7366		
		7367		
			7483
7378	

---------------------------------
plain	jelly	coconut	honey-dip
7551				
		7527		
	7677			
7552				
		7528		
		7529		
		7530		
	7678			
			7665
			7666
	7679			
			7667


---------------------------------
plain	jelly	coconut	honey-dip
	7842			
		7705		
		7706		
	7843			
	7844			
			7850
		7707		
	7845			
7707				
			7851
		7708		
	7846	

---------------------------------
plain	jelly	coconut	honey-dip
			8054
7926				
		7885		
7927				
	8043			
		7886		
	8044			
	8045			
7928				
			8055
		7887		
7929	

---------------------------------
plain	jelly	coconut	honey-dip
8126				
		8065		
	8228			
		8066		
8127				
8128				
			8257
8129				
		8067		
8130				
	8229			
	8230	

---------------------------------
plain	jelly	coconut	honey-dip
	8397			
	8398			
	8399			
	8400			
	8401			
			8404
8264				
	8402			
8265				
		8223		
8266				
8267	

---------------------------------
plain	jelly	coconut	honey-dip
8390				
			8519
8391				
	8525			
		8334		
		8335		
			8520
8392				
		8336		
		8337		
		8338		
			8521


---------------------------------
plain	jelly	coconut	honey-dip
	8677			
8555				
			8673
	8678			
8556				
		8487		
			8674
		8488		
		8489		
		8490		
			8675
		8491	

---------------------------------
plain	jelly	coconut	honey-dip
		8653		
8695				
		8654		
8696				
		8655		
		8656		
		8657		
			8814
8697				
			8815
		8658		
8698	

---------------------------------
plain	jelly	coconut	honey-dip
			9026
			9027
		8863		
			9028
		8864		
8891				
			9029
	9016			
	9017			
8892				
	9018			
			9030


---------------------------------
plain	jelly	coconut	honey-dip
	9149			
			9164
	9150			
9030				
			9165
9031				
			9166
	9151			
	9152			
	9153			
		9005		
	9154	

---------------------------------
plain	jelly	coconut	honey-dip
	9259			
			9282
9136				
	9260			
			9283
9137				
		9103		
		9104		
		9105		
			9284
	9261			
		9106	

---------------------------------
plain	jelly	coconut	honey-dip
		9246		
		9247		
		9248		
		9249		
	9405			
			9407
9274				
	9406			
			9408
	9407			
9275				
			9409


---------------------------------
plain	jelly	coconut	honey-dip
	9644			
			9652
		9504		
	9645			
			9653
			9654
			9655
9528				
		9505		
9529				
		9506		
	9646	

---------------------------------
plain	jelly	coconut	honey-dip
		9686		
			9829
	9825			
			9830
			9831
9708				
9709				
9710				
			9832
	9826			
	9827			
			9833


---------------------------------
plain	jelly	coconut	honey-dip
9866				
	10011			
	10012			
9867				
9868				
		9858		
			9997
			9998
			9999
	10013			
			10000
		9859	

---------------------------------
plain	jelly	coconut	honey-dip
9994				
		10000		
	10152			
	10153			
	10154			
9995				
			10126
			10127
	10155			
			10128
	10156			
			10129


---------------------------------
plain	jelly	coconut	honey-dip
			10255
	10282			
10113				
		10126		
	10283			
10114				
			10256
	10284			
			10257
		10127		
			10258
			10259


---------------------------------
plain	jelly	coconut	honey-dip
		10245		
			10378
		10246		
10230				
		10247		
10231				
			10379
	10427			
10232				
	10428			
10233				
			10380


---------------------------------
plain	jelly	coconut	honey-dip
10367				
10368				
10369				
	10578			
			10534
		10389		
			10535
		10390		
	10579			
			10536
	10580			
10370	

---------------------------------
plain	jelly	coconut	honey-dip
10497				
		10508		
10498				
		10509		
10499				
			10659
10500				
			10660
		10510		
10501				
	10708			
		10511	

---------------------------------
plain	jelly	coconut	honey-dip
10659				
			10820
		10659		
		10660		
			10821
		10661		
10660				
10661				
	10858			
		10662		
	10859			
10662	

---------------------------------
plain	jelly	coconut	honey-dip
		10859		
		10860		
10850				
10851				
		10861		
10852				
			10992
	11039			
10853				
		10862		
	11040			
			10993


---------------------------------
plain	jelly	coconut	honey-dip
		11017		
			11154
		11018		
10981				
	11188			
	11189			
10982				
	11190			
10983				
		11019		
			11155
10984	

---------------------------------
plain	jelly	coconut	honey-dip
	11308			
			11281
	11309			
			11282
11105				
	11310			
	11311			
		11126		
	11312			
11106				
			11283
	11313	

---------------------------------
plain	jelly	coconut	honey-dip
	11436			
			11405
	11437			
	11438			
11209				
	11439			
11210				
	11440			
		11250		
		11251		
	11441			
	11442	

---------------------------------
plain	jelly	coconut	honey-dip
	11573			
	11574			
			11544
	11575			
			11545
		11384		
			11546
11351				
	11576			
	11577			
11352				
11353	

---------------------------------
plain	jelly	coconut	honey-dip
11465				
	11700			
	11701			
			11685
			11686
11466				
11467				
	11702			
		11506		
11468				
11469				
	11703	

---------------------------------
plain	jelly	coconut	honey-dip
		11623		
			11788
			11789
		11624		
			11790
11572				
		11625		
		11626		
			11791
	11793			
			11792
		11627	

---------------------------------
plain	jelly	coconut	honey-dip
11777				
		11781		
		11782		
	11940			
	11941			
11778				
11779				
			11950
	11942			
			11951
11780				
			11952


---------------------------------
plain	jelly	coconut	honey-dip
		11900		
	12050			
			12088
11890				
		11901		
11891				
11892				
	12051			
11893				
11894				
	12052			
11895	

---------------------------------
plain	jelly	coconut	honey-dip
		12031		
		12032		
	12170			
12019				
		12033		
	12171			
			12200
12020				
12021				
		12034		
			12201
12022	

---------------------------------
plain	jelly	coconut	honey-dip
			12329
			12330
	12303			
12166				
12167				
		12162		
			12331
12168				
12169				
	12304			
12170				
		12163	

---------------------------------
plain	jelly	coconut	honey-dip
12294				
		12285		
12295				
12296				
12297				
			12470
		12286		
	12415			
	12416			
			12471
		12287		
			12472


---------------------------------
plain	jelly	coconut	honey-dip
12425				
	12539			
			12630
			12631
	12540			
			12632
12426				
12427				
	12541			
12428				
			12633
			12634


---------------------------------
plain	jelly	coconut	honey-dip
12527				
		12537		
		12538		
	12630			
		12539		
		12540		
12528				
			12730
	12631			
		12541		
	12632			
		12542	

---------------------------------
plain	jelly	coconut	honey-dip
12853				
	12908			
		12828		
			12999
			13000
			13001
12854				
		12829		
12855				
12856				
			13002
			13003


---------------------------------
plain	jelly	coconut	honey-dip
		12956		
			13126
		12957		
		12958		
	13020			
	13021			
		12959		
13002				
		12960		
13003				
	13022			
13004	

---------------------------------
plain	jelly	coconut	honey-dip
13144				
	13166			
	13167			
13145				
13146				
13147				
		13115		
13148				
	13168			
		13116		
	13169			
13149	

---------------------------------
plain	jelly	coconut	honey-dip
	13309			
			13399
13285				
		13227		
		13228		
13286				
			13400
	13310			
13287				
13288				
13289				
		13229	

---------------------------------
plain	jelly	coconut	honey-dip
13443				
		13375		
		13376		
			13553
	13473			
		13377		
			13554
	13474			
		13378		
		13379		
	13475			
			13555


---------------------------------
plain	jelly	coconut	honey-dip
	13610			
	13611			
	13612			
		13510		
13599				
		13511		
13600				
		13512		
		13513		
		13514		
	13613			
		13515	

---------------------------------
plain	jelly	coconut	honey-dip
	13788			
			13867
			13868
			13869
		13670		
		13671		
13767				
			13870
		13672		
	13789			
13768				
	13790	

---------------------------------
plain	jelly	coconut	honey-dip
	13970			
		13853		
	13971			
	13972			
13937				
13938				
			14052
	13973			
	13974			
13939				
			14053
			14054


---------------------------------
plain	jelly	coconut	honey-dip
			14237
14084				
	14141			
14085				
			14238
14086				
14087				
			14239
		14034		
		14035		
14088				
		14036	

---------------------------------
plain	jelly	coconut	honey-dip
	14267			
			14379
		14176		
	14268			
			14380
	14269			
		14177		
14214				
			14381
14215				
		14178		
			14382


---------------------------------
plain	jelly	coconut	honey-dip
		14322		
14350				
			14519
		14323		
			14520
	14397			
			14521
14351				
			14522
		14324		
		14325		
	14398	

---------------------------------
plain	jelly	coconut	honey-dip
			14671
		14473		
	14551			
14505				
		14474		
14506				
14507				
		14475		
14508				
	14552			
14509				
	14553	

---------------------------------
plain	jelly	coconut	honey-dip
			14808
	14680			
		14648		
	14681			
		14649		
		14650		
			14809
14628				
14629				
		14651		
	14682			
			14810


---------------------------------
plain	jelly	coconut	honey-dip
14770				
	14841			
			14977
14771				
			14978
		14788		
		14789		
			14979
		14790		
		14791		
14772				
		14792	

---------------------------------
plain	jelly	coconut	honey-dip
			15104
			15105
	14981			
14919				
			15106
			15107
14920				
			15108
		14936		
		14937		
			15109
14921	

---------------------------------
plain	jelly	coconut	honey-dip
			15229
		15062		
15049				
15050				
		15063		
		15064		
		15065		
		15066		
			15230
		15067		
15051				
15052	

---------------------------------
plain	jelly	coconut	honey-dip
	15254			
	15255			
	15256			
	15257			
	15258			
		15250		
15220				
15221				
		15251		
	15259			
		15252		
		15253	

---------------------------------
plain	jelly	coconut	honey-dip
			15519
		15390		
		15391		
		15392		
15366				
15367				
	15417			
		15393		
	15418			
			15520
	15419			
		15394	

---------------------------------
plain	jelly	coconut	honey-dip
			15726
15551				
15552				
	15605			
	15606			
		15602		
	15607			
			15727
15553				
		15603		
			15728
			15729


---------------------------------
plain	jelly	coconut	honey-dip
			15844
		15731		
	15730			
			15845
			15846
			15847
			15848
		15732		
			15849
	15731			
15671				
		15733	

---------------------------------
plain	jelly	coconut	honey-dip
15809				
		15865		
	15865			
	15866			
15810				
		15866		
	15867			
		15867		
	15868			
			15977
	15869			
		15868	

---------------------------------
plain	jelly	coconut	honey-dip
15970				
	16012			
			16105
		16005		
			16106
			16107
15971				
	16013			
	16014			
15972				
	16015			
		16006	

---------------------------------
plain	jelly	coconut	honey-dip
		16206		
	16207			
16165				
		16207		
16166				
16167				
16168				
16169				
16170				
	16208			
	16209			
		16208	

---------------------------------
plain	jelly	coconut	honey-dip
	16352			
	16353			
16304				
		16356		
		16357		
16305				
16306				
		16358		
			16448
		16359		
		16360		
	16354	

---------------------------------
plain	jelly	coconut	honey-dip
16465				
		16531		
	16536			
		16532		
		16533		
		16534		
		16535		
		16536		
			16600
		16537		
		16538		
16466	

---------------------------------
plain	jelly	coconut	honey-dip
	16711			
			16766
		16688		
16627				
		16689		
		16690		
			16767
		16691		
			16768
		16692		
16628				
			16769


---------------------------------
plain	jelly	coconut	honey-dip
			16924
			16925
	16862			
		16834		
			16926
16820				
		16835		
			16927
	16863			
16821				
	16864			
16822	

---------------------------------
plain	jelly	coconut	honey-dip
		16968		
			17050
	16978			
		16969		
		16970		
16960				
			17051
		16971		
		16972		
			17052
			17053
	16979	

---------------------------------
plain	jelly	coconut	honey-dip
17089				
		17147		
	17126			
			17206
			17207
	17127			
			17208
			17209
17090				
17091				
17092				
17093	

---------------------------------
plain	jelly	coconut	honey-dip
			17302
		17274		
		17275		
17207				
17208				
	17229			
			17303
		17276		
		17277		
17209				
	17230			
			17304


---------------------------------
plain	jelly	coconut	honey-dip
		17434		
	17382			
	17383			
		17435		
17364				
		17436		
			17456
17365				
17366				
17367				
	17384			
		17437	

---------------------------------
plain	jelly	coconut	honey-dip
17537				
17538				
		17612		
		17613		
		17614		
		17615		
	17589			
		17616		
17539				
	17590			
			17630
	17591	

---------------------------------
plain	jelly	coconut	honey-dip
			17783
	17725			
	17726			
17703				
	17727			
			17784
			17785
	17728			
	17729			
		17757		
			17786
		17758	

---------------------------------
plain	jelly	coconut	honey-dip
		17906		
			17890
		17907		
17836				
			17891
			17892
		17908		
17837				
		17909		
	17852			
17838				
			17893


---------------------------------
plain	jelly	coconut	honey-dip
			18014
			18015
	17980			
			18016
17969				
			18017
17970				
	17981			
			18018
			18019
			18020
		18025	

---------------------------------
plain	jelly	coconut	honey-dip
18089				
		18159		
			18141
			18142
	18103			
		18160		
	18104			
18090				
	18105			
			18143
			18144
		18161	

---------------------------------
plain	jelly	coconut	honey-dip
	18251			
		18283		
	18252			
			18266
		18284		
			18267
		18285		
			18268
18232				
	18253			
			18269
		18286	

---------------------------------
plain	jelly	coconut	honey-dip
		18428		
			18409
		18429		
	18391			
18380				
18381				
			18410
18382				
		18430		
	18392			
18383				
	18393	

---------------------------------
plain	jelly	coconut	honey-dip
18520				
			18530
			18531
		18568		
18521				
18522				
			18532
	18518			
		18569		
		18570		
18523				
	18519	

---------------------------------
plain	jelly	coconut	honey-dip
			18726
			18727
18705				
	18710			
18706				
	18711			
		18775		
	18712			
			18728
	18713			
	18714			
	18715	

---------------------------------
plain	jelly	coconut	honey-dip
		18863		
18828				
		18864		
		18865		
18829				
		18866		
			18842
18830				
18831				
			18843
		18867		
		18868	

---------------------------------
plain	jelly	coconut	honey-dip
			18978
	18981			
		19038		
		19039		
		19040		
			18979
19011				
19012				
		19041		
			18980
	18982			
		19042	

---------------------------------
plain	jelly	coconut	honey-dip
	19149			
		19187		
19162				
			19170
		19188		
		19189		
19163				
19164				
	19150			
			19171
	19151			
19165	

---------------------------------
plain	jelly	coconut	honey-dip
19304				
			19304
19305				
19306				
		19337		
			19305
19307				
			19306
			19307
		19338		
			19308
19308	

---------------------------------
plain	jelly	coconut	honey-dip
	19379			
19433				
		19450		
		19451		
		19452		
	19380			
		19453		
		19454		
		19455		
		19456		
19434				
			19438


---------------------------------
plain	jelly	coconut	honey-dip
19702				
	19632			
19703				
			19700
19704				
19705				
			19701
		19698		
	19633			
			19702
		19699		
19706	

---------------------------------
plain	jelly	coconut	honey-dip
		19847		
			19832
			19833
	19754			
			19834
19827				
			19835
19828				
		19848		
			19836
	19755			
		19849	

---------------------------------
plain	jelly	coconut	honey-dip
			20026
	19922			
			20027
19991				
		20029		
			20028
			20029
			20030
19992				
		20030		
	19923			
	19924	

---------------------------------
plain	jelly	coconut	honey-dip
	20060			
20112				
20113				
20114				
20115				
		20144		
		20145		
	20061			
20116				
		20146		
		20147		
			20156


---------------------------------
plain	jelly	coconut	honey-dip
20322				
	20271			
	20272			
		20357		
			20350
		20358		
	20273			
			20351
		20359		
	20274			
			20352
20323	

---------------------------------
plain	jelly	coconut	honey-dip
			20479
		20501		
			20480
		20502		
		20503		
		20504		
		20505		
			20481
			20482
			20483
20447				
			20484


---------------------------------
plain	jelly	coconut	honey-dip
			20652
	20552			
20603				
		20669		
20604				
		20670		
	20553			
			20653
	20554			
			20654
		20671		
	20555	

---------------------------------
plain	jelly	coconut	honey-dip
			20779
		20809		
		20810		
			20780
		20811		
			20781
			20782
			20783
			20784
			20785
		20812		
20737	

---------------------------------
plain	jelly	coconut	honey-dip
			20919
			20920
20903				
20904				
	20789			
	20790			
			20921
	20791			
		20945		
			20922
			20923
20905	

---------------------------------
plain	jelly	coconut	honey-dip
		21050		
	20890			
21017				
21018				
		21051		
		21052		
		21053		
	20891			
	20892			
		21054		
	20893			
	20894	

---------------------------------
plain	jelly	coconut	honey-dip
21173				
		21211		
			21189
21174				
			21190
	21063			
		21212		
21175				
		21213		
			21191
			21192
	21064	

---------------------------------
plain	jelly	coconut	honey-dip
21361				
		21406		
	21256			
			21393
21362				
21363				
21364				
		21407		
		21408		
21365				
			21394
		21409	

---------------------------------
plain	jelly	coconut	honey-dip
21517				
	21390			
	21391			
			21531
		21554		
21518				
21519				
21520				
			21532
		21555		
		21556		
21521	

---------------------------------
plain	jelly	coconut	honey-dip
			21660
	21524			
	21525			
21672				
			21661
		21688		
		21689		
	21526			
	21527			
	21528			
			21662
	21529	

---------------------------------
plain	jelly	coconut	honey-dip
	21655			
	21656			
			21796
	21657			
			21797
		21817		
			21798
	21658			
		21818		
21804				
		21819		
			21799


---------------------------------
plain	jelly	coconut	honey-dip
		21956		
		21957		
	21792			
		21958		
21926				
21927				
	21793			
			21926
21928				
21929				
		21959		
			21927


---------------------------------
plain	jelly	coconut	honey-dip
			22073
		22101		
		22102		
	21948			
		22103		
			22074
22078				
22079				
		22104		
	21949			
			22075
22080	

---------------------------------
plain	jelly	coconut	honey-dip
			22207
	22108			
		22267		
	22109			
	22110			
			22208
		22268		
22218				
		22269		
	22111			
		22270		
		22271	

---------------------------------
plain	jelly	coconut	honey-dip
		22437		
			22340
			22341
22358				
22359				
			22342
		22438		
	22265			
		22439		
	22266			
			22343
22360	

---------------------------------
plain	jelly	coconut	honey-dip
22504				
22505				
			22500
		22569		
		22570		
22506				
	22403			
22507				
22508				
			22501
		22571		
		22572	

---------------------------------
plain	jelly	coconut	honey-dip
22686				
		22751		
22687				
		22752		
22688				
	22612			
	22613			
22689				
	22614			
			22671
		22753		
22690	

---------------------------------
plain	jelly	coconut	honey-dip
			22808
	22765			
			22809
		22869		
			22810
		22870		
22818				
			22811
			22812
22819				
			22813
22820	

---------------------------------
plain	jelly	coconut	honey-dip
	22933			
		23052		
22988				
22989				
22990				
	22934			
		23053		
22991				
22992				
		23054		
	22935			
		23055	

---------------------------------
plain	jelly	coconut	honey-dip
	23185			
		23307		
	23186			
23244				
		23308		
	23187			
			23252
		23309		
			23253
23245				
		23310		
		23311	

---------------------------------
plain	jelly	coconut	honey-dip
		23482		
		23483		
		23484		
	23355			
			23392
			23393
	23356			
			23394
23395				
23396				
		23485		
	23357	

---------------------------------
plain	jelly	coconut	honey-dip
	23475			
			23515
		23603		
			23516
			23517
		23604		
	23476			
23523				
23524				
			23518
			23519
		23605	

---------------------------------
plain	jelly	coconut	honey-dip
23649				
			23635
	23602			
			23636
			23637
		23746		
23650				
	23603			
			23638
23651				
	23604			
			23639


---------------------------------
plain	jelly	coconut	honey-dip
23776				
23777				
		23873		
	23712			
			23775
	23713			
23778				
			23776
23779				
	23714			
		23874		
			23777


---------------------------------
plain	jelly	coconut	honey-dip
23899				
			23901
			23902
			23903
			23904
	23860			
	23861			
	23862			
			23905
23900				
		24028		
		24029	

---------------------------------
plain	jelly	coconut	honey-dip
			24020
	23981			
24009				
			24021
			24022
24010				
24011				
	23982			
	23983			
24012				
			24023
			24024


---------------------------------
plain	jelly	coconut	honey-dip
24122				
	24106			
	24107			
	24108			
	24109			
		24267		
			24129
24123				
24124				
			24130
24125				
24126	

---------------------------------
plain	jelly	coconut	honey-dip
	24248			
24252				
	24249			
			24259
24253				
	24250			
			24260
24254				
		24381		
		24382		
		24383		
24255	

---------------------------------
plain	jelly	coconut	honey-dip
		24551		
		24552		
24436				
		24553		
24437				
			24392
		24554		
		24555		
	24409			
24438				
			24393
			24394


---------------------------------
plain	jelly	coconut	honey-dip
24589				
			24530
			24531
		24722		
		24723		
24590				
24591				
		24724		
	24571			
24592				
	24572			
			24532


---------------------------------
plain	jelly	coconut	honey-dip
			24675
24732				
24733				
24734				
	24744			
24735				
		24861		
24736				
			24676
		24862		
24737				
		24863	

---------------------------------
plain	jelly	coconut	honey-dip
24872				
24873				
	24861			
24874				
		24958		
			24801
			24802
		24959		
	24862			
24875				
24876				
	24863	

---------------------------------
plain	jelly	coconut	honey-dip
			25000
	25059			
			25001
		25151		
	25060			
	25061			
			25002
	25062			
		25152		
			25003
25050				
			25004


---------------------------------
plain	jelly	coconut	honey-dip
	25192			
25195				
25196				
25197				
		25290		
	25193			
		25291		
		25292		
25198				
	25194			
			25135
			25136


---------------------------------
plain	jelly	coconut	honey-dip
		25439		
	25318			
	25319			
		25440		
25328				
	25320			
	25321			
	25322			
	25323			
			25255
25329				
			25256


---------------------------------
plain	jelly	coconut	honey-dip
			25471
		25665		
		25666		
	25514			
			25472
	25515			
25518				
25519				
25520				
			25473
	25516			
		25667	

---------------------------------
plain	jelly	coconut	honey-dip
			25616
		25797		
			25617
		25798		
	25660			
25647				
25648				
		25799		
	25661			
		25800		
25649				
		25801	

---------------------------------
plain	jelly	coconut	honey-dip
25779				
		25954		
		25955		
		25956		
			25776
	25799			
			25777
		25957		
	25800			
25780				
			25778
25781	

---------------------------------
plain	jelly	coconut	honey-dip
		26099		
			25928
			25929
25935				
			25930
		26100		
			25931
			25932
			25933
		26101		
		26102		
	25934	

---------------------------------
plain	jelly	coconut	honey-dip
26083				
		26279		
26084				
26085				
26086				
			26067
	26091			
		26280		
			26068
		26281		
			26069
26087	

---------------------------------
plain	jelly	coconut	honey-dip
		26399		
			26194
		26400		
			26195
	26197			
			26196
26198				
26199				
		26401		
			26197
		26402		
		26403	

---------------------------------
plain	jelly	coconut	honey-dip
		26482		
26285				
26286				
			26289
		26483		
26287				
	26304			
26288				
			26290
			26291
26289				
			26292


---------------------------------
plain	jelly	coconut	honey-dip
		26640		
			26418
			26419
26416				
			26420
		26641		
	26438			
26417				
	26439			
	26440			
			26421
	26441	

---------------------------------
plain	jelly	coconut	honey-dip
26523				
		26750		
		26751		
		26752		
			26517
26524				
	26530			
			26518
	26531			
26525				
			26519
			26520


---------------------------------
plain	jelly	coconut	honey-dip
			26664
26690				
	26675			
		26891		
			26665
		26892		
		26893		
	26676			
26691				
		26894		
			26666
	26677	

---------------------------------
plain	jelly	coconut	honey-dip
		27130		
		27131		
		27132		
26913				
	26921			
26914				
		27133		
26915				
		27134		
			26904
		27135		
		27136	

---------------------------------
plain	jelly	coconut	honey-dip
		27253		
		27254		
27041				
			27009
27042				
	27009			
27043				
	27010			
		27255		
		27256		
	27011			
27044	

---------------------------------
plain	jelly	coconut	honey-dip
27159				
	27111			
27160				
27161				
	27112			
	27113			
	27114			
27162				
		27368		
	27115			
27163				
	27116	

---------------------------------
plain	jelly	coconut	honey-dip
	27249			
			27269
	27250			
	27251			
			27270
27328				
			27271
27329				
		27510		
		27511		
		27512		
	27252	

---------------------------------
plain	jelly	coconut	honey-dip
			27390
27472				
			27391
		27642		
27473				
		27643		
			27392
	27368			
		27644		
		27645		
	27369			
			27393


---------------------------------
plain	jelly	coconut	honey-dip
	27466			
		27728		
27585				
		27729		
27586				
	27467			
		27730		
27587				
	27468			
		27731		
		27732		
27588	

---------------------------------
plain	jelly	coconut	honey-dip
			27585
		27822		
	27575			
27694				
27695				
			27586
			27587
	27576			
	27577			
	27578			
	27579			
			27588


---------------------------------
plain	jelly	coconut	honey-dip
27820				
	27704			
27821				
		27928		
27822				
		27929		
	27705			
		27930		
	27706			
			27692
	27707			
		27931	

---------------------------------
plain	jelly	coconut	honey-dip
	27943			
28032				
			27927
			27928
		28142		
	27944			
	27945			
28033				
	27946			
	27947			
28034				
			27929


