---------------------------------
plain	jelly	coconut	honey-dip
0				
			0
		0		
1				
	0			
2				
			1
		1		
		2		
	1			
	2			
	3	

---------------------------------
plain	jelly	coconut	honey-dip
		39		
	30			
			23
28				
		40		
		41		
			24
29				
			25
		42		
	31			
			26


---------------------------------
plain	jelly	coconut	honey-dip
		62		
			51
	51			
	52			
		63		
			52
52				
53				
		64		
54				
55				
56	

---------------------------------
plain	jelly	coconut	honey-dip
		93		
	88			
	89			
	90			
			72
			73
			74
		94		
		95		
83				
		96		
		97	

---------------------------------
plain	jelly	coconut	honey-dip
118				
		123		
119				
120				
	115			
121				
122				
			100
	116			
		124		
		125		
123	

---------------------------------
plain	jelly	coconut	honey-dip
164				
		155		
165				
		156		
		157		
166				
	148			
	149			
		158		
		159		
	150			
			133


---------------------------------
plain	jelly	coconut	honey-dip
197				
	181			
198				
199				
			162
	182			
200				
201				
202				
			163
	183			
			164


---------------------------------
plain	jelly	coconut	honey-dip
	221			
	222			
236				
237				
		231		
		232		
238				
			200
	223			
		233		
	224			
		234	

---------------------------------
plain	jelly	coconut	honey-dip
		272		
		273		
273				
			248
		274		
274				
	263			
	264			
		275		
		276		
275				
276	

---------------------------------
plain	jelly	coconut	honey-dip
307				
			279
		317		
		318		
	297			
308				
			280
309				
		319		
		320		
	298			
			281


---------------------------------
plain	jelly	coconut	honey-dip
345				
	333			
			320
	334			
346				
	335			
	336			
347				
	337			
			321
		346		
	338	

---------------------------------
plain	jelly	coconut	honey-dip
	374			
379				
			364
	375			
			365
		383		
			366
		384		
		385		
380				
			367
	376	

---------------------------------
plain	jelly	coconut	honey-dip
			399
	410			
	411			
	412			
415				
	413			
		420		
		421		
	414			
416				
417				
			400


---------------------------------
plain	jelly	coconut	honey-dip
		452		
434				
		453		
435				
			428
	438			
	439			
436				
437				
438				
	440			
	441	

---------------------------------
plain	jelly	coconut	honey-dip
489				
		484		
		485		
	477			
490				
			458
	478			
			459
		486		
			460
			461
			462


---------------------------------
plain	jelly	coconut	honey-dip
519				
			490
520				
			491
521				
	512			
		519		
	513			
		520		
			492
	514			
		521	

---------------------------------
plain	jelly	coconut	honey-dip
563				
			535
			536
564				
		551		
	559			
	560			
565				
	561			
	562			
566				
		552	

---------------------------------
plain	jelly	coconut	honey-dip
			573
			574
		591		
		592		
		593		
	600			
		594		
	601			
		595		
600				
			575
	602	

---------------------------------
plain	jelly	coconut	honey-dip
	660			
			633
	661			
		667		
656				
		668		
	662			
		669		
657				
			634
			635
658	

---------------------------------
plain	jelly	coconut	honey-dip
713				
			707
			708
		722		
			709
			710
		723		
714				
		724		
	726			
			711
	727	

---------------------------------
plain	jelly	coconut	honey-dip
			764
			765
757				
	778			
	779			
758				
		785		
759				
760				
			766
		786		
			767


---------------------------------
plain	jelly	coconut	honey-dip
	823			
812				
813				
	824			
			829
	825			
		848		
	826			
		849		
		850		
	827			
			830


---------------------------------
plain	jelly	coconut	honey-dip
896				
	902			
		920		
	903			
		921		
		922		
897				
898				
	904			
		923		
			918
899	

---------------------------------
plain	jelly	coconut	honey-dip
		985		
			977
			978
958				
	956			
959				
			979
960				
	957			
			980
961				
	958	

---------------------------------
plain	jelly	coconut	honey-dip
	1049			
	1050			
		1057		
			1060
		1058		
		1059		
	1051			
			1061
		1060		
		1061		
		1062		
		1063	

---------------------------------
plain	jelly	coconut	honey-dip
			1132
1121				
	1157			
			1133
1122				
	1158			
			1134
	1159			
1123				
	1160			
1124				
		1150	

---------------------------------
plain	jelly	coconut	honey-dip
1182				
			1198
			1199
1183				
			1200
		1213		
		1214		
1184				
		1215		
1185				
	1231			
	1232	

---------------------------------
plain	jelly	coconut	honey-dip
			1328
		1352		
1318				
			1329
			1330
			1331
	1366			
		1353		
1319				
1320				
	1367			
			1332


---------------------------------
plain	jelly	coconut	honey-dip
1390				
	1443			
		1437		
	1444			
1391				
	1445			
		1438		
1392				
	1446			
			1406
			1407
1393	

---------------------------------
plain	jelly	coconut	honey-dip
1460				
1461				
		1506		
	1518			
		1507		
		1508		
			1492
1462				
			1493
1463				
		1509		
	1519	

---------------------------------
plain	jelly	coconut	honey-dip
1559				
			1590
1560				
			1591
	1593			
		1594		
	1594			
		1595		
	1595			
	1596			
		1596		
1561	

---------------------------------
plain	jelly	coconut	honey-dip
	1717			
	1718			
	1719			
1660				
			1694
1661				
	1720			
			1695
			1696
			1697
			1698
1662	

---------------------------------
plain	jelly	coconut	honey-dip
	1794			
		1775		
		1776		
1745				
		1777		
			1778
			1779
			1780
		1778		
			1781
		1779		
		1780	

---------------------------------
plain	jelly	coconut	honey-dip
			1895
		1875		
	1881			
		1876		
			1896
		1877		
			1897
	1882			
1861				
			1898
1862				
	1883	

---------------------------------
plain	jelly	coconut	honey-dip
	1969			
			1999
			2000
		1947		
	1970			
	1971			
			2001
		1948		
			2002
1945				
1946				
1947	

---------------------------------
plain	jelly	coconut	honey-dip
		2045		
		2046		
		2047		
2041				
2042				
		2048		
			2085
			2086
		2049		
			2087
	2073			
		2050	

---------------------------------
plain	jelly	coconut	honey-dip
		2175		
			2208
			2209
	2189			
2152				
	2190			
	2191			
			2210
2153				
			2211
2154				
	2192	

---------------------------------
plain	jelly	coconut	honey-dip
	2292			
			2302
2227				
	2293			
	2294			
2228				
2229				
	2295			
2230				
		2275		
2231				
2232	

---------------------------------
plain	jelly	coconut	honey-dip
	2375			
2335				
			2390
	2376			
	2377			
			2391
2336				
		2368		
			2392
2337				
2338				
2339	

---------------------------------
plain	jelly	coconut	honey-dip
		2463		
	2471			
		2464		
		2465		
	2472			
2440				
	2473			
2441				
2442				
	2474			
			2478
			2479


---------------------------------
plain	jelly	coconut	honey-dip
	2585			
2539				
			2595
		2565		
		2566		
2540				
	2586			
			2596
			2597
		2567		
			2598
	2587	

---------------------------------
plain	jelly	coconut	honey-dip
2649				
	2701			
2650				
		2689		
2651				
		2690		
	2702			
		2691		
	2703			
2652				
			2725
			2726


---------------------------------
plain	jelly	coconut	honey-dip
2825				
			2898
2826				
		2858		
		2859		
			2899
2827				
			2900
2828				
	2855			
			2901
2829	

---------------------------------
plain	jelly	coconut	honey-dip
2963				
		2983		
	2965			
		2984		
2964				
			3029
	2966			
		2985		
	2967			
2965				
			3030
		2986	

---------------------------------
plain	jelly	coconut	honey-dip
		3117		
3105				
		3118		
		3119		
		3120		
		3121		
		3122		
3106				
	3089			
3107				
3108				
3109	

---------------------------------
plain	jelly	coconut	honey-dip
		3298		
	3305			
		3299		
3331				
		3300		
	3306			
		3301		
			3374
	3307			
	3308			
3332				
3333	

---------------------------------
plain	jelly	coconut	honey-dip
		3454		
3455				
3456				
	3419			
	3420			
		3455		
		3456		
			3520
	3421			
		3457		
3457				
3458	

---------------------------------
plain	jelly	coconut	honey-dip
	3585			
			3688
		3635		
			3689
3612				
	3586			
	3587			
	3588			
3613				
			3690
		3636		
	3589	

---------------------------------
plain	jelly	coconut	honey-dip
3709				
			3818
3710				
			3819
		3760		
	3713			
	3714			
3711				
3712				
3713				
	3715			
		3761	

---------------------------------
plain	jelly	coconut	honey-dip
			3957
	3866			
3843				
3844				
		3874		
	3867			
		3875		
		3876		
	3868			
			3958
		3877		
			3959


---------------------------------
plain	jelly	coconut	honey-dip
	4006			
	4007			
3982				
		4015		
	4008			
	4009			
3983				
			4089
3984				
3985				
			4090
			4091


---------------------------------
plain	jelly	coconut	honey-dip
		4213		
		4214		
	4206			
4200				
	4207			
			4301
		4215		
4201				
4202				
		4216		
			4302
4203	

---------------------------------
plain	jelly	coconut	honey-dip
			4438
	4372			
4362				
		4372		
		4373		
		4374		
			4439
4363				
	4373			
	4374			
4364				
			4440


---------------------------------
plain	jelly	coconut	honey-dip
	4505			
			4573
4482				
			4574
			4575
			4576
	4506			
4483				
		4488		
			4577
4484				
			4578


---------------------------------
plain	jelly	coconut	honey-dip
			4686
		4601		
		4602		
	4594			
			4687
	4595			
	4596			
	4597			
	4598			
4587				
		4603		
4588	

---------------------------------
plain	jelly	coconut	honey-dip
	4799			
4794				
	4800			
		4774		
		4775		
			4845
	4801			
			4846
			4847
4795				
		4776		
		4777	

---------------------------------
plain	jelly	coconut	honey-dip
		4932		
4961				
	4972			
	4973			
	4974			
		4933		
		4934		
	4975			
	4976			
4962				
	4977			
		4935	

---------------------------------
plain	jelly	coconut	honey-dip
	5110			
		5073		
			5153
			5154
	5111			
	5112			
	5113			
	5114			
		5074		
5076				
			5155
	5115	

---------------------------------
plain	jelly	coconut	honey-dip
	5239			
			5240
			5241
5182				
			5242
		5195		
	5240			
		5196		
			5243
5183				
			5244
			5245


---------------------------------
plain	jelly	coconut	honey-dip
5287				
		5299		
		5300		
			5343
			5344
		5301		
5288				
		5302		
	5347			
	5348			
	5349			
5289	

---------------------------------
plain	jelly	coconut	honey-dip
	5490			
	5491			
5445				
	5492			
5446				
5447				
		5434		
	5493			
		5435		
			5483
			5484
			5485


---------------------------------
plain	jelly	coconut	honey-dip
		5552		
			5590
		5553		
	5605			
5561				
		5554		
5562				
		5555		
		5556		
		5557		
	5606			
			5591


---------------------------------
plain	jelly	coconut	honey-dip
	5756			
			5726
		5713		
			5727
	5757			
		5714		
		5715		
	5758			
			5728
		5716		
5713				
5714	

---------------------------------
plain	jelly	coconut	honey-dip
5848				
		5838		
			5861
			5862
		5839		
		5840		
5849				
			5863
5850				
5851				
	5913			
		5841	

---------------------------------
plain	jelly	coconut	honey-dip
			6001
			6002
			6003
		5963		
5969				
			6004
			6005
			6006
			6007
			6008
			6009
		5964	

---------------------------------
plain	jelly	coconut	honey-dip
	6180			
	6181			
6095				
			6128
	6182			
6096				
			6129
	6183			
	6184			
6097				
			6130
		6077	

---------------------------------
plain	jelly	coconut	honey-dip
			6317
	6376			
		6261		
		6262		
6258				
		6263		
		6264		
	6377			
		6265		
		6266		
6259				
		6267	

---------------------------------
plain	jelly	coconut	honey-dip
		6439		
		6440		
6426				
		6441		
6427				
			6481
			6482
		6442		
		6443		
	6562			
	6563			
	6564	

---------------------------------
plain	jelly	coconut	honey-dip
	6696			
	6697			
			6618
	6698			
6582				
6583				
	6699			
		6576		
			6619
		6577		
		6578		
6584	

---------------------------------
plain	jelly	coconut	honey-dip
			6789
			6790
6753				
			6791
			6792
6754				
6755				
		6708		
			6793
	6834			
6756				
6757	

---------------------------------
plain	jelly	coconut	honey-dip
		6792		
		6793		
			6901
6860				
			6902
6861				
		6794		
			6903
	6927			
6862				
			6904
6863	

---------------------------------
plain	jelly	coconut	honey-dip
6993				
			7038
6994				
			7039
6995				
	7044			
			7040
			7041
6996				
6997				
	7045			
		6921	

---------------------------------
plain	jelly	coconut	honey-dip
7099				
7100				
		7033		
7101				
			7172
	7172			
		7034		
	7173			
7102				
	7174			
		7035		
7103	

---------------------------------
plain	jelly	coconut	honey-dip
	7314			
7225				
		7183		
	7315			
			7318
		7184		
7226				
	7316			
		7185		
	7317			
			7319
	7318	

---------------------------------
plain	jelly	coconut	honey-dip
7343				
	7453			
	7454			
	7455			
7344				
	7456			
			7446
7345				
7346				
		7326		
		7327		
		7328	

---------------------------------
plain	jelly	coconut	honey-dip
			7679
		7539		
			7680
	7688			
		7540		
			7681
7562				
	7689			
7563				
			7682
			7683
			7684


---------------------------------
plain	jelly	coconut	honey-dip
		7666		
	7811			
7678				
	7812			
	7813			
		7667		
			7829
7679				
	7814			
		7668		
7680				
			7830


---------------------------------
plain	jelly	coconut	honey-dip
		7797		
	7958			
			7964
7829				
		7798		
			7965
7830				
	7959			
			7966
7831				
			7967
	7960	

---------------------------------
plain	jelly	coconut	honey-dip
7959				
7960				
		7906		
7961				
			8101
			8102
			8103
	8074			
	8075			
	8076			
	8077			
			8104


---------------------------------
plain	jelly	coconut	honey-dip
		8043		
		8044		
8103				
	8207			
	8208			
8104				
	8209			
8105				
			8239
		8045		
8106				
		8046	

---------------------------------
plain	jelly	coconut	honey-dip
8241				
		8193		
	8365			
8242				
		8194		
			8381
		8195		
			8382
		8196		
	8366			
		8197		
	8367	

---------------------------------
plain	jelly	coconut	honey-dip
			8526
	8530			
			8527
8395				
		8341		
8396				
			8528
	8531			
8397				
	8532			
	8533			
			8529


---------------------------------
plain	jelly	coconut	honey-dip
		8461		
8526				
			8646
	8651			
		8462		
			8647
8527				
		8463		
	8652			
			8648
8528				
8529	

---------------------------------
plain	jelly	coconut	honey-dip
	8777			
			8774
			8775
	8778			
	8779			
	8780			
			8776
			8777
			8778
	8781			
			8779
		8608	

---------------------------------
plain	jelly	coconut	honey-dip
8757				
	8889			
8758				
	8890			
8759				
			8895
8760				
	8891			
		8727		
		8728		
		8729		
		8730	

---------------------------------
plain	jelly	coconut	honey-dip
8899				
			9036
	9027			
8900				
8901				
			9037
	9028			
	9029			
			9038
			9039
			9040
		8870	

---------------------------------
plain	jelly	coconut	honey-dip
			9207
	9197			
		9042		
			9208
9070				
			9209
		9043		
	9198			
			9210
	9199			
		9044		
			9211


---------------------------------
plain	jelly	coconut	honey-dip
	9337			
			9345
			9346
	9338			
9210				
	9339			
			9347
		9188		
	9340			
9211				
9212				
9213	

---------------------------------
plain	jelly	coconut	honey-dip
			9462
		9307		
9316				
		9308		
9317				
	9463			
		9309		
		9310		
	9464			
9318				
	9465			
	9466	

---------------------------------
plain	jelly	coconut	honey-dip
	9641			
			9645
		9498		
9520				
		9499		
		9500		
9521				
9522				
9523				
			9646
			9647
			9648


---------------------------------
plain	jelly	coconut	honey-dip
			9770
	9775			
9665				
		9634		
9666				
9667				
	9776			
			9771
	9777			
		9635		
		9636		
9668	

---------------------------------
plain	jelly	coconut	honey-dip
		9759		
			9892
9787				
	9910			
			9893
		9760		
			9894
9788				
		9761		
	9911			
	9912			
			9895


---------------------------------
plain	jelly	coconut	honey-dip
			10024
9899				
		9894		
9900				
	10047			
	10048			
			10025
	10049			
	10050			
			10026
9901				
	10051	

---------------------------------
plain	jelly	coconut	honey-dip
	10175			
10015				
			10149
10016				
		10017		
	10176			
		10018		
			10150
		10019		
			10151
	10177			
10017	

---------------------------------
plain	jelly	coconut	honey-dip
	10312			
10136				
10137				
	10313			
	10314			
	10315			
10138				
			10293
	10316			
		10155		
	10317			
			10294


---------------------------------
plain	jelly	coconut	honey-dip
			10417
		10280		
	10463			
10264				
	10464			
		10281		
10265				
	10465			
	10466			
	10467			
			10418
			10419


---------------------------------
plain	jelly	coconut	honey-dip
		10403		
			10554
10385				
		10404		
			10555
			10556
10386				
	10598			
10387				
		10405		
10388				
			10557


---------------------------------
plain	jelly	coconut	honey-dip
			10710
		10540		
			10711
		10541		
10551				
10552				
10553				
10554				
		10542		
			10712
			10713
	10763	

---------------------------------
plain	jelly	coconut	honey-dip
		10697		
		10698		
		10699		
10681				
10682				
	10881			
		10700		
10683				
	10882			
			10845
	10883			
		10701	

---------------------------------
plain	jelly	coconut	honey-dip
		10989		
10962				
		10990		
		10991		
		10992		
		10993		
10963				
10964				
			11132
		10994		
	11149			
		10995	

---------------------------------
plain	jelly	coconut	honey-dip
11135				
			11323
			11324
11136				
			11325
		11158		
		11159		
			11326
		11160		
11137				
	11348			
		11161	

---------------------------------
plain	jelly	coconut	honey-dip
	11482			
	11483			
	11484			
			11472
		11306		
	11485			
11268				
			11473
		11307		
		11308		
			11474
		11309	

---------------------------------
plain	jelly	coconut	honey-dip
11411				
		11442		
			11624
		11443		
			11625
			11626
			11627
		11444		
	11639			
		11445		
			11628
		11446	

---------------------------------
plain	jelly	coconut	honey-dip
		11652		
11600				
		11653		
		11654		
11601				
11602				
	11810			
11603				
	11811			
	11812			
			11810
11604	

---------------------------------
plain	jelly	coconut	honey-dip
			11938
		11775		
	11919			
11768				
	11920			
	11921			
			11939
	11922			
		11776		
		11777		
		11778		
	11923	

---------------------------------
plain	jelly	coconut	honey-dip
			12094
			12095
	12058			
		11907		
			12096
	12059			
			12097
			12098
		11908		
	12060			
			12099
		11909	

---------------------------------
plain	jelly	coconut	honey-dip
12053				
12054				
		12055		
		12056		
			12218
12055				
			12219
12056				
			12220
	12190			
12057				
		12057	

---------------------------------
plain	jelly	coconut	honey-dip
			12346
	12317			
		12180		
			12347
	12318			
	12319			
			12348
		12181		
12189				
12190				
			12349
		12182	

---------------------------------
plain	jelly	coconut	honey-dip
		12317		
	12441			
			12495
			12496
12331				
	12442			
12332				
			12497
		12318		
		12319		
	12443			
12333	

---------------------------------
plain	jelly	coconut	honey-dip
			12691
12486				
12487				
	12596			
		12495		
			12692
		12496		
12488				
	12597			
		12497		
			12693
12489	

---------------------------------
plain	jelly	coconut	honey-dip
			12806
			12807
12639				
	12704			
	12705			
			12808
	12706			
		12635		
		12636		
	12707			
			12809
	12708	

---------------------------------
plain	jelly	coconut	honey-dip
			12904
			12905
		12739		
		12740		
		12741		
		12742		
	12832			
	12833			
			12906
12777				
			12907
	12834	

---------------------------------
plain	jelly	coconut	honey-dip
	12998			
			13108
		12932		
12982				
			13109
12983				
			13110
	12999			
		12933		
	13000			
12984				
		12934	

---------------------------------
plain	jelly	coconut	honey-dip
			13237
13113				
		13081		
		13082		
			13238
		13083		
13114				
		13084		
13115				
	13129			
	13130			
	13131	

---------------------------------
plain	jelly	coconut	honey-dip
13255				
			13368
		13205		
		13206		
13256				
			13369
13257				
			13370
		13207		
	13284			
13258				
13259	

---------------------------------
plain	jelly	coconut	honey-dip
13404				
		13344		
		13345		
	13435			
13405				
		13346		
13406				
13407				
		13347		
			13517
			13518
			13519


---------------------------------
plain	jelly	coconut	honey-dip
	13583			
			13676
	13584			
		13483		
		13484		
		13485		
	13585			
		13486		
13570				
	13586			
	13587			
			13677


---------------------------------
plain	jelly	coconut	honey-dip
	13742			
			13823
		13624		
			13824
		13625		
		13626		
	13743			
13723				
13724				
		13627		
			13825
			13826


---------------------------------
plain	jelly	coconut	honey-dip
			13991
			13992
			13993
13875				
	13900			
13876				
13877				
13878				
13879				
	13901			
		13794		
13880	

---------------------------------
plain	jelly	coconut	honey-dip
		13909		
	14029			
		13910		
13989				
		13911		
	14030			
	14031			
			14125
			14126
		13912		
		13913		
		13914	

---------------------------------
plain	jelly	coconut	honey-dip
	14173			
	14174			
14129				
	14175			
14130				
		14082		
14131				
	14176			
	14177			
			14280
	14178			
	14179	

---------------------------------
plain	jelly	coconut	honey-dip
	14276			
			14397
	14277			
14230				
14231				
			14398
			14399
		14193		
			14400
			14401
			14402
			14403


---------------------------------
plain	jelly	coconut	honey-dip
		14411		
		14412		
		14413		
			14609
	14478			
	14479			
	14480			
		14414		
			14610
			14611
	14481			
			14612


---------------------------------
plain	jelly	coconut	honey-dip
14582				
			14760
			14761
		14587		
14583				
		14588		
		14589		
	14631			
	14632			
14584				
		14590		
	14633	

---------------------------------
plain	jelly	coconut	honey-dip
		14719		
	14769			
	14770			
	14771			
		14720		
	14772			
	14773			
			14900
14700				
	14774			
	14775			
		14721	

---------------------------------
plain	jelly	coconut	honey-dip
	14910			
14851				
14852				
	14911			
14853				
			15049
14854				
		14866		
			15050
		14867		
	14912			
			15051


---------------------------------
plain	jelly	coconut	honey-dip
		14993		
	15035			
			15163
	15036			
	15037			
		14994		
		14995		
			15164
14989				
14990				
			15165
14991	

---------------------------------
plain	jelly	coconut	honey-dip
		15195		
	15202			
15173				
15174				
15175				
	15203			
15176				
	15204			
			15342
			15343
		15196		
		15197	

---------------------------------
plain	jelly	coconut	honey-dip
	15356			
		15329		
		15330		
	15357			
	15358			
	15359			
		15331		
		15332		
	15360			
			15473
		15333		
15318	

---------------------------------
plain	jelly	coconut	honey-dip
		15488		
			15633
		15489		
15450				
			15634
			15635
		15490		
	15517			
15451				
15452				
15453				
			15636


---------------------------------
plain	jelly	coconut	honey-dip
		15635		
		15636		
	15636			
15592				
15593				
		15637		
		15638		
15594				
15595				
		15639		
		15640		
	15637	

---------------------------------
plain	jelly	coconut	honey-dip
15748				
	15793			
	15794			
	15795			
15749				
15750				
		15794		
15751				
15752				
	15796			
		15795		
	15797	

---------------------------------
plain	jelly	coconut	honey-dip
			16071
		15970		
15932				
15933				
15934				
		15971		
15935				
		15972		
		15973		
	15975			
15936				
		15974	

---------------------------------
plain	jelly	coconut	honey-dip
			16224
	16132			
			16225
		16111		
		16112		
		16113		
16081				
	16133			
	16134			
		16114		
16082				
		16115	

---------------------------------
plain	jelly	coconut	honey-dip
		16281		
	16275			
16240				
		16282		
		16283		
	16276			
	16277			
			16376
	16278			
		16284		
			16377
			16378


---------------------------------
plain	jelly	coconut	honey-dip
	16486			
			16553
	16487			
			16554
16416				
	16488			
			16555
	16489			
	16490			
16417				
		16473		
	16491	

---------------------------------
plain	jelly	coconut	honey-dip
			16665
			16666
	16618			
			16667
			16668
16538				
	16619			
			16669
	16620			
		16599		
		16600		
	16621	

---------------------------------
plain	jelly	coconut	honey-dip
	16737			
16667				
	16738			
	16739			
			16811
			16812
		16721		
16668				
			16813
			16814
			16815
	16740	

---------------------------------
plain	jelly	coconut	honey-dip
	16854			
		16823		
16800				
		16824		
		16825		
			16915
			16916
		16826		
16801				
			16917
16802				
16803	

---------------------------------
plain	jelly	coconut	honey-dip
			17062
		16986		
	16998			
			17063
16970				
		16987		
			17064
		16988		
16971				
16972				
16973				
			17065


---------------------------------
plain	jelly	coconut	honey-dip
		17140		
17082				
		17141		
			17202
			17203
	17120			
		17142		
17083				
			17204
	17121			
		17143		
17084	

---------------------------------
plain	jelly	coconut	honey-dip
	17269			
	17270			
	17271			
		17305		
			17339
		17306		
	17272			
			17340
17243				
		17307		
			17341
			17342


---------------------------------
plain	jelly	coconut	honey-dip
			17462
	17389			
			17463
	17390			
17375				
		17446		
			17464
	17391			
			17465
	17392			
	17393			
		17447	

---------------------------------
plain	jelly	coconut	honey-dip
	17533			
			17580
		17570		
	17534			
			17581
		17571		
		17572		
	17535			
			17582
17493				
		17573		
			17583


---------------------------------
plain	jelly	coconut	honey-dip
		17782		
			17809
17732				
		17783		
17733				
			17810
	17753			
	17754			
	17755			
			17811
			17812
		17784	

---------------------------------
plain	jelly	coconut	honey-dip
	17873			
		17940		
		17941		
			17919
17860				
		17942		
	17874			
			17920
17861				
17862				
		17943		
		17944	

---------------------------------
plain	jelly	coconut	honey-dip
		18051		
17996				
		18052		
		18053		
			18052
		18054		
17997				
			18053
			18054
		18055		
		18056		
		18057	

---------------------------------
plain	jelly	coconut	honey-dip
			18233
18187				
	18204			
			18234
18188				
	18205			
		18240		
18189				
	18206			
			18235
18190				
		18241	

---------------------------------
plain	jelly	coconut	honey-dip
			18347
18321				
		18365		
		18366		
	18335			
			18348
			18349
	18336			
		18367		
			18350
18322				
		18368	

---------------------------------
plain	jelly	coconut	honey-dip
	18520			
18524				
18525				
	18521			
18526				
18527				
		18571		
		18572		
		18573		
			18533
18528				
			18534


---------------------------------
plain	jelly	coconut	honey-dip
			18681
			18682
18665				
			18683
			18684
			18685
			18686
18666				
		18736		
			18687
		18737		
18667	

---------------------------------
plain	jelly	coconut	honey-dip
			18807
	18786			
	18787			
18789				
18790				
18791				
18792				
		18834		
			18808
			18809
		18835		
	18788	

---------------------------------
plain	jelly	coconut	honey-dip
			18974
19002				
19003				
			18975
19004				
		19033		
		19034		
			18976
		19035		
19005				
	18975			
	18976	

---------------------------------
plain	jelly	coconut	honey-dip
	19096			
	19097			
	19098			
			19120
			19121
	19099			
			19122
	19100			
			19123
			19124
19122				
	19101	

---------------------------------
plain	jelly	coconut	honey-dip
	19255			
		19331		
19301				
		19332		
		19333		
	19256			
	19257			
19302				
		19334		
		19335		
	19258			
	19259	

---------------------------------
plain	jelly	coconut	honey-dip
		19483		
		19484		
		19485		
		19486		
	19407			
19469				
		19487		
19470				
			19473
19471				
			19474
		19488	

---------------------------------
plain	jelly	coconut	honey-dip
19629				
	19567			
19630				
	19568			
19631				
			19641
			19642
			19643
			19644
	19569			
		19631		
	19570	

---------------------------------
plain	jelly	coconut	honey-dip
19743				
			19758
		19754		
19744				
			19759
			19760
			19761
			19762
19745				
			19763
		19755		
19746	

---------------------------------
plain	jelly	coconut	honey-dip
19874				
			19877
		19899		
19875				
		19900		
		19901		
19876				
	19802			
			19878
19877				
		19902		
			19879


---------------------------------
plain	jelly	coconut	honey-dip
			20034
		20035		
			20035
			20036
20000				
		20036		
	19935			
20001				
	19936			
	19937			
	19938			
			20037


---------------------------------
plain	jelly	coconut	honey-dip
20130				
		20161		
20131				
			20176
	20077			
	20078			
20132				
	20079			
			20177
			20178
	20080			
			20179


---------------------------------
plain	jelly	coconut	honey-dip
		20284		
	20212			
		20285		
20254				
			20286
20255				
20256				
20257				
			20287
20258				
20259				
			20288


---------------------------------
plain	jelly	coconut	honey-dip
		20422		
20390				
		20423		
			20419
	20333			
		20424		
		20425		
20391				
20392				
20393				
20394				
		20426	

---------------------------------
plain	jelly	coconut	honey-dip
	20488			
20531				
	20489			
		20597		
		20598		
	20490			
20532				
			20584
		20599		
			20585
			20586
20533	

---------------------------------
plain	jelly	coconut	honey-dip
			20717
	20621			
	20622			
20671				
	20623			
	20624			
		20743		
	20625			
			20718
20672				
			20719
	20626	

---------------------------------
plain	jelly	coconut	honey-dip
		20860		
20809				
	20718			
			20833
		20861		
20810				
	20719			
			20834
	20720			
20811				
	20721			
		20862	

---------------------------------
plain	jelly	coconut	honey-dip
	20883			
			21024
	20884			
	20885			
			21025
		21038		
21007				
			21026
	20886			
		21039		
21008				
		21040	

---------------------------------
plain	jelly	coconut	honey-dip
21226				
	21107			
	21108			
			21238
	21109			
	21110			
		21269		
			21239
			21240
		21270		
	21111			
21227	

---------------------------------
plain	jelly	coconut	honey-dip
21328				
			21361
	21230			
21329				
	21231			
	21232			
			21362
21330				
21331				
21332				
			21363
21333	

---------------------------------
plain	jelly	coconut	honey-dip
21475				
			21470
	21341			
			21471
21476				
			21472
		21502		
			21473
	21342			
			21474
21477				
			21475


---------------------------------
plain	jelly	coconut	honey-dip
		21630		
			21604
			21605
	21464			
		21631		
			21606
21606				
			21607
	21465			
21607				
			21608
	21466	

---------------------------------
plain	jelly	coconut	honey-dip
21748				
		21762		
21749				
		21763		
			21743
	21603			
			21744
	21604			
	21605			
		21764		
		21765		
			21745


---------------------------------
plain	jelly	coconut	honey-dip
21934				
21935				
	21801			
		21969		
			21932
	21802			
21936				
21937				
	21803			
			21933
21938				
		21970	

---------------------------------
plain	jelly	coconut	honey-dip
			22059
	21941			
			22060
22069				
	21942			
			22061
22070				
22071				
			22062
	21943			
22072				
			22063


---------------------------------
plain	jelly	coconut	honey-dip
			22169
	22069			
			22170
			22171
22185				
			22172
		22221		
			22173
22186				
		22222		
22187				
22188	

---------------------------------
plain	jelly	coconut	honey-dip
			22286
	22193			
	22194			
		22361		
	22195			
22296				
			22287
			22288
			22289
		22362		
	22196			
22297	

---------------------------------
plain	jelly	coconut	honey-dip
			22407
	22316			
			22408
			22409
	22317			
22419				
			22410
22420				
		22498		
22421				
		22499		
22422	

---------------------------------
plain	jelly	coconut	honey-dip
		22636		
		22637		
		22638		
			22561
		22639		
	22492			
22575				
	22493			
	22494			
	22495			
			22562
		22640	

---------------------------------
plain	jelly	coconut	honey-dip
22722				
			22721
			22722
22723				
		22786		
			22723
	22671			
		22787		
	22672			
	22673			
22724				
		22788	

---------------------------------
plain	jelly	coconut	honey-dip
			22886
	22818			
	22819			
			22887
	22820			
			22888
22875				
		22921		
		22922		
		22923		
		22924		
			22889


---------------------------------
plain	jelly	coconut	honey-dip
	23006			
23078				
			23071
	23007			
23079				
			23072
	23008			
		23137		
	23009			
			23073
23080				
23081	

---------------------------------
plain	jelly	coconut	honey-dip
			23176
	23121			
		23248		
		23249		
		23250		
23191				
			23177
			23178
23192				
		23251		
	23122			
		23252	

---------------------------------
plain	jelly	coconut	honey-dip
23363				
	23322			
	23323			
	23324			
	23325			
	23326			
		23453		
23364				
	23327			
			23366
			23367
			23368


---------------------------------
plain	jelly	coconut	honey-dip
23541				
23542				
	23498			
23543				
23544				
	23499			
			23533
23545				
		23628		
		23629		
	23500			
23546	

---------------------------------
plain	jelly	coconut	honey-dip
		23747		
	23608			
	23609			
23655				
	23610			
23656				
23657				
			23646
23658				
			23647
		23748		
			23648


---------------------------------
plain	jelly	coconut	honey-dip
		23891		
	23732			
	23733			
23795				
		23892		
			23802
23796				
23797				
			23803
23798				
	23734			
			23804


---------------------------------
plain	jelly	coconut	honey-dip
23908				
23909				
			23917
23910				
23911				
			23918
		24038		
23912				
	23873			
23913				
	23874			
	23875	

---------------------------------
plain	jelly	coconut	honey-dip
	23989			
			24033
		24151		
24019				
			24034
24020				
		24152		
	23990			
		24153		
24021				
24022				
	23991	

---------------------------------
plain	jelly	coconut	honey-dip
24155				
			24157
24156				
			24158
		24291		
			24159
		24292		
		24293		
			24160
24157				
24158				
			24161


---------------------------------
plain	jelly	coconut	honey-dip
	24262			
24265				
	24263			
		24393		
			24268
		24394		
			24269
24266				
	24264			
			24270
			24271
24267	

---------------------------------
plain	jelly	coconut	honey-dip
		24636		
	24469			
		24637		
		24638		
24503				
24504				
			24456
		24639		
			24457
			24458
	24470			
	24471	

---------------------------------
plain	jelly	coconut	honey-dip
			24580
	24634			
			24581
24638				
24639				
		24776		
			24582
		24777		
24640				
24641				
	24635			
			24583


---------------------------------
plain	jelly	coconut	honey-dip
24759				
		24882		
			24704
		24883		
	24763			
24760				
			24705
			24706
		24884		
	24764			
24761				
24762	

---------------------------------
plain	jelly	coconut	honey-dip
		24991		
		24992		
		24993		
			24844
			24845
24921				
		24994		
		24995		
		24996		
		24997		
		24998		
		24999	

---------------------------------
plain	jelly	coconut	honey-dip
			25053
	25107			
			25054
25102				
		25202		
	25108			
			25055
	25109			
25103				
	25110			
		25203		
		25204	

---------------------------------
plain	jelly	coconut	honey-dip
25244				
		25351		
	25248			
		25352		
	25249			
25245				
		25353		
25246				
25247				
			25185
	25250			
25248	

---------------------------------
plain	jelly	coconut	honey-dip
25369				
	25363			
			25310
	25364			
		25490		
		25491		
	25365			
	25366			
25370				
	25367			
25371				
		25492	

---------------------------------
plain	jelly	coconut	honey-dip
		25698		
		25699		
			25500
		25700		
			25501
		25701		
			25502
		25702		
		25703		
	25549			
		25704		
			25503


---------------------------------
plain	jelly	coconut	honey-dip
25732				
			25708
			25709
		25888		
			25710
	25752			
			25711
		25889		
		25890		
			25712
	25753			
			25713


---------------------------------
plain	jelly	coconut	honey-dip
25868				
	25869			
	25870			
		26038		
			25845
			25846
		26039		
25869				
	25871			
		26040		
	25872			
	25873	

