---------------------------------
plain	jelly	coconut	honey-dip
	3101			
			3170
			3171
	3102			
		3129		
	3103			
3116				
			3172
	3104			
			3173
			3174
3117	

---------------------------------
plain	jelly	coconut	honey-dip
			3609
	3497			
		3549		
	3498			
	3499			
	3500			
	3501			
			3610
			3611
	3502			
			3612
		3550	

---------------------------------
plain	jelly	coconut	honey-dip
		3693		
	3636			
			3736
			3737
	3637			
			3738
3659				
			3739
			3740
3660				
	3638			
		3694	

---------------------------------
plain	jelly	coconut	honey-dip
	3765			
	3766			
			3863
	3767			
3758				
		3806		
	3768			
3759				
	3769			
3760				
	3770			
3761	

---------------------------------
plain	jelly	coconut	honey-dip
	3894			
	3895			
3868				
3869				
		3892		
			3982
	3896			
			3983
			3984
	3897			
			3985
		3893	

---------------------------------
plain	jelly	coconut	honey-dip
3986				
		4016		
		4017		
3987				
	4010			
3988				
			4092
3989				
	4011			
3990				
3991				
		4018	

---------------------------------
plain	jelly	coconut	honey-dip
4135				
		4136		
4136				
			4202
	4147			
			4203
			4204
		4137		
		4138		
			4205
			4206
4137	

---------------------------------
plain	jelly	coconut	honey-dip
			4341
	4254			
	4255			
4248				
		4257		
	4256			
			4342
4249				
		4258		
		4259		
4250				
		4260	

---------------------------------
plain	jelly	coconut	honey-dip
			4464
	4400			
			4465
		4395		
4381				
		4396		
		4397		
	4401			
4382				
		4398		
		4399		
		4400	

---------------------------------
plain	jelly	coconut	honey-dip
			4630
		4543		
			4631
	4557			
		4544		
			4632
	4558			
		4545		
		4546		
			4633
	4559			
			4634


---------------------------------
plain	jelly	coconut	honey-dip
	4716			
4697				
4698				
		4705		
			4782
4699				
			4783
		4706		
4700				
		4707		
4701				
	4717	

---------------------------------
plain	jelly	coconut	honey-dip
4859				
			4906
	4868			
4860				
	4869			
4861				
	4870			
			4907
	4871			
4862				
	4872			
			4908


---------------------------------
plain	jelly	coconut	honey-dip
			5001
		4938		
	4980			
		4939		
			5002
			5003
	4981			
			5004
		4940		
		4941		
4965				
			5005


---------------------------------
plain	jelly	coconut	honey-dip
5079				
5080				
		5079		
5081				
		5080		
			5160
		5081		
5082				
5083				
		5082		
		5083		
	5118	

---------------------------------
plain	jelly	coconut	honey-dip
			5278
5217				
			5279
	5273			
	5274			
		5232		
		5233		
		5234		
	5275			
		5235		
	5276			
	5277	

---------------------------------
plain	jelly	coconut	honey-dip
			5403
			5404
5350				
			5405
		5348		
			5406
5351				
5352				
5353				
	5403			
		5349		
			5407


---------------------------------
plain	jelly	coconut	honey-dip
			5503
5473				
	5520			
			5504
5474				
5475				
5476				
		5452		
		5453		
5477				
			5505
	5521	

---------------------------------
plain	jelly	coconut	honey-dip
		5576		
5584				
	5621			
5585				
		5577		
	5622			
5586				
		5578		
	5623			
			5611
			5612
5587	

---------------------------------
plain	jelly	coconut	honey-dip
5996				
5997				
5998				
			6035
			6036
5999				
		5992		
	6073			
6000				
	6074			
6001				
			6037


---------------------------------
plain	jelly	coconut	honey-dip
	6212			
6123				
6124				
	6213			
	6214			
	6215			
	6216			
		6108		
6125				
	6217			
			6169
		6109	

---------------------------------
plain	jelly	coconut	honey-dip
6244				
		6249		
		6250		
		6251		
	6360			
	6361			
	6362			
			6299
		6252		
			6300
6245				
			6301


---------------------------------
plain	jelly	coconut	honey-dip
		6444		
	6565			
			6483
	6566			
6428				
			6484
	6567			
6429				
		6445		
			6485
		6446		
			6486


---------------------------------
plain	jelly	coconut	honey-dip
		6568		
6563				
6564				
6565				
6566				
		6569		
6567				
6568				
6569				
	6692			
			6613
6570	

---------------------------------
plain	jelly	coconut	honey-dip
6709				
			6752
			6753
		6684		
		6685		
		6686		
	6807			
	6808			
6710				
			6754
6711				
		6687	

---------------------------------
plain	jelly	coconut	honey-dip
	6936			
6874				
			6914
6875				
			6915
	6937			
	6938			
	6939			
			6916
6876				
		6804		
6877	

---------------------------------
plain	jelly	coconut	honey-dip
	7201			
		7063		
			7213
		7064		
		7065		
		7066		
			7214
7131				
	7202			
	7203			
7132				
		7067	

---------------------------------
plain	jelly	coconut	honey-dip
	7366			
7271				
	7367			
7272				
	7368			
			7364
		7231		
		7232		
	7369			
		7233		
		7234		
	7370	

---------------------------------
plain	jelly	coconut	honey-dip
	7519			
		7395		
		7396		
	7520			
7405				
	7521			
		7397		
		7398		
			7513
			7514
	7522			
7406	

---------------------------------
plain	jelly	coconut	honey-dip
		7573		
		7574		
		7575		
			7711
7593				
	7711			
	7712			
			7712
		7576		
	7713			
	7714			
	7715	

---------------------------------
plain	jelly	coconut	honey-dip
	7861			
7723				
7724				
			7860
	7862			
7725				
		7720		
			7861
			7862
	7863			
7726				
7727	

---------------------------------
plain	jelly	coconut	honey-dip
			7977
			7978
7838				
7839				
			7979
			7980
	7964			
		7805		
			7981
			7982
7840				
7841	

---------------------------------
plain	jelly	coconut	honey-dip
	8136			
	8137			
		7973		
	8138			
			8170
	8139			
		7974		
		7975		
	8140			
8025				
			8171
		7976	

---------------------------------
plain	jelly	coconut	honey-dip
	8299			
		8135		
			8331
	8300			
	8301			
			8332
8187				
	8302			
		8136		
		8137		
8188				
8189	

---------------------------------
plain	jelly	coconut	honey-dip
8291				
		8251		
8292				
			8430
			8431
			8432
	8424			
8293				
	8425			
	8426			
		8252		
8294	

---------------------------------
plain	jelly	coconut	honey-dip
		8372		
8431				
		8373		
		8374		
8432				
	8567			
			8554
			8555
	8568			
8433				
	8569			
			8556


---------------------------------
plain	jelly	coconut	honey-dip
			8697
			8698
	8697			
		8516		
			8699
		8517		
		8518		
		8519		
		8520		
	8698			
	8699			
	8700	

---------------------------------
plain	jelly	coconut	honey-dip
8710				
	8836			
	8837			
		8681		
			8837
		8682		
	8838			
			8838
8711				
			8839
			8840
		8683	

---------------------------------
plain	jelly	coconut	honey-dip
		8857		
			9019
			9020
			9021
8884				
			9022
8885				
		8858		
		8859		
		8860		
			9023
		8861	

---------------------------------
plain	jelly	coconut	honey-dip
9047				
9048				
		9017		
	9171			
	9172			
9049				
9050				
			9185
		9018		
	9173			
9051				
		9019	

---------------------------------
plain	jelly	coconut	honey-dip
			9319
9185				
9186				
9187				
	9303			
	9304			
			9320
	9305			
			9321
			9322
			9323
9188	

---------------------------------
plain	jelly	coconut	honey-dip
			9421
	9416			
9282				
	9417			
	9418			
9283				
9284				
9285				
	9419			
			9422
9286				
	9420	

---------------------------------
plain	jelly	coconut	honey-dip
		9386		
			9534
			9535
9403				
			9536
			9537
		9387		
	9537			
		9388		
			9538
			9539
		9389	

---------------------------------
plain	jelly	coconut	honey-dip
	9721			
	9722			
9602				
9603				
9604				
	9723			
9605				
		9576		
		9577		
9606				
		9578		
9607	

---------------------------------
plain	jelly	coconut	honey-dip
9996				
9997				
		10001		
		10002		
9998				
			10130
9999				
			10131
			10132
	10157			
10000				
	10158	

---------------------------------
plain	jelly	coconut	honey-dip
	10303			
			10282
			10283
		10146		
			10284
		10147		
	10304			
10129				
			10285
	10305			
10130				
		10148	

---------------------------------
plain	jelly	coconut	honey-dip
10309				
	10511			
		10327		
			10469
	10512			
			10470
10310				
10311				
			10471
			10472
	10513			
		10328	

---------------------------------
plain	jelly	coconut	honey-dip
			10648
10494				
		10503		
		10504		
			10649
			10650
			10651
			10652
	10703			
		10505		
			10653
		10506	

---------------------------------
plain	jelly	coconut	honey-dip
		10648		
		10649		
		10650		
			10817
10652				
10653				
	10855			
			10818
			10819
		10651		
10654				
		10652	

---------------------------------
plain	jelly	coconut	honey-dip
			10948
		10810		
			10949
	10987			
			10950
	10988			
		10811		
		10812		
			10951
		10813		
		10814		
			10952


---------------------------------
plain	jelly	coconut	honey-dip
			11239
11062				
	11272			
11063				
			11240
		11091		
			11241
11064				
			11242
			11243
			11244
11065	

---------------------------------
plain	jelly	coconut	honey-dip
11170				
			11369
	11390			
11171				
		11203		
	11391			
		11204		
		11205		
		11206		
	11392			
			11370
	11393	

---------------------------------
plain	jelly	coconut	honey-dip
			11515
	11521			
11317				
11318				
11319				
	11522			
11320				
	11523			
	11524			
	11525			
	11526			
	11527	

---------------------------------
plain	jelly	coconut	honey-dip
			11639
	11665			
	11666			
11428				
			11640
11429				
11430				
	11667			
			11641
11431				
		11468		
11432	

---------------------------------
plain	jelly	coconut	honey-dip
11543				
	11765			
		11595		
	11766			
11544				
11545				
11546				
		11596		
11547				
11548				
11549				
	11767	

---------------------------------
plain	jelly	coconut	honey-dip
		11719		
		11720		
11707				
11708				
11709				
		11721		
11710				
		11722		
11711				
		11723		
		11724		
			11882


---------------------------------
plain	jelly	coconut	honey-dip
	12066			
		11920		
11917				
			12109
	12067			
	12068			
			12110
			12111
	12069			
			12112
	12070			
	12071	

---------------------------------
plain	jelly	coconut	honey-dip
		12105		
12122				
			12276
12123				
12124				
		12106		
	12253			
	12254			
12125				
			12277
		12107		
	12255	

---------------------------------
plain	jelly	coconut	honey-dip
12230				
			12388
		12227		
			12389
12231				
	12355			
			12390
12232				
	12356			
12233				
12234				
		12228	

---------------------------------
plain	jelly	coconut	honey-dip
	12464			
12360				
			12530
		12338		
		12339		
			12531
	12465			
12361				
			12532
12362				
		12340		
		12341	

---------------------------------
plain	jelly	coconut	honey-dip
	12608			
		12507		
12498				
12499				
			12703
		12508		
		12509		
			12704
		12510		
			12705
		12511		
			12706


---------------------------------
plain	jelly	coconut	honey-dip
	12781			
		12700		
		12701		
12732				
12733				
			12871
			12872
		12702		
12734				
			12873
12735				
	12782	

---------------------------------
plain	jelly	coconut	honey-dip
	12971			
12944				
		12904		
12945				
	12972			
			13081
		12905		
12946				
		12906		
	12973			
	12974			
		12907	

---------------------------------
plain	jelly	coconut	honey-dip
			13222
		13067		
	13117			
			13223
	13118			
			13224
13094				
13095				
13096				
		13068		
13097				
		13069	

---------------------------------
plain	jelly	coconut	honey-dip
	13278			
			13358
		13194		
		13195		
		13196		
	13279			
	13280			
			13359
13234				
13235				
13236				
		13197	

---------------------------------
plain	jelly	coconut	honey-dip
		13338		
			13507
13394				
			13508
13395				
			13509
			13510
		13339		
13396				
			13511
	13425			
13397	

---------------------------------
plain	jelly	coconut	honey-dip
	13590			
		13491		
	13591			
	13592			
13575				
			13680
		13492		
		13493		
13576				
13577				
13578				
13579	

---------------------------------
plain	jelly	coconut	honey-dip
			13804
			13805
		13614		
13716				
			13806
13717				
	13730			
		13615		
			13807
			13808
		13616		
		13617	

---------------------------------
plain	jelly	coconut	honey-dip
	13888			
			13976
			13977
		13773		
		13774		
		13775		
			13978
		13776		
		13777		
	13889			
	13890			
	13891	

---------------------------------
plain	jelly	coconut	honey-dip
			14131
			14132
		13918		
	14033			
	14034			
	14035			
		13919		
			14133
		13920		
			14134
		13921		
13994	

---------------------------------
plain	jelly	coconut	honey-dip
14118				
			14271
14119				
14120				
14121				
14122				
		14072		
		14073		
			14272
		14074		
14123				
14124	

---------------------------------
plain	jelly	coconut	honey-dip
14244				
	14293			
14245				
		14204		
	14294			
14246				
			14415
	14295			
			14416
	14296			
		14205		
			14417


---------------------------------
plain	jelly	coconut	honey-dip
	14491			
		14427		
14448				
		14428		
14449				
		14429		
			14630
14450				
	14492			
			14631
			14632
14451	

---------------------------------
plain	jelly	coconut	honey-dip
14573				
14574				
		14575		
		14576		
		14577		
14575				
		14578		
		14579		
			14749
		14580		
		14581		
			14750


---------------------------------
plain	jelly	coconut	honey-dip
	14814			
		14760		
			14952
		14761		
	14815			
	14816			
14742				
		14762		
			14953
	14817			
	14818			
		14763	

---------------------------------
plain	jelly	coconut	honey-dip
	15007			
	15008			
14949				
14950				
	15009			
	15010			
		14961		
		14962		
14951				
	15011			
14952				
		14963	

---------------------------------
plain	jelly	coconut	honey-dip
15081				
15082				
			15265
		15096		
			15266
			15267
		15097		
		15098		
		15099		
15083				
			15268
		15100	

---------------------------------
plain	jelly	coconut	honey-dip
15253				
			15406
		15277		
15254				
			15407
15255				
	15300			
15256				
	15301			
			15408
	15302			
			15409


---------------------------------
plain	jelly	coconut	honey-dip
	15420			
15368				
		15395		
	15421			
	15422			
		15396		
		15397		
			15521
			15522
			15523
15369				
	15423	

---------------------------------
plain	jelly	coconut	honey-dip
15491				
		15524		
	15552			
		15525		
	15553			
		15526		
15492				
		15527		
		15528		
			15665
		15529		
	15554	

---------------------------------
plain	jelly	coconut	honey-dip
		15718		
15656				
	15722			
		15719		
15657				
15658				
		15720		
	15723			
			15832
	15724			
		15721		
			15833


---------------------------------
plain	jelly	coconut	honey-dip
	15872			
		15875		
		15876		
15814				
		15877		
	15873			
			15979
15815				
	15874			
		15878		
	15875			
			15980


---------------------------------
plain	jelly	coconut	honey-dip
	16031			
			16121
	16032			
		16018		
	16033			
		16019		
		16020		
15982				
		16021		
15983				
15984				
	16034	

---------------------------------
plain	jelly	coconut	honey-dip
	16163			
16117				
			16251
			16252
	16164			
16118				
			16253
		16161		
16119				
16120				
		16162		
		16163	

---------------------------------
plain	jelly	coconut	honey-dip
		16291		
	16286			
16249				
	16287			
16250				
16251				
16252				
		16292		
		16293		
16253				
			16382
		16294	

---------------------------------
plain	jelly	coconut	honey-dip
		16479		
		16480		
16420				
	16494			
	16495			
	16496			
			16559
	16497			
	16498			
			16560
16421				
16422	

---------------------------------
plain	jelly	coconut	honey-dip
			16682
16544				
	16631			
16545				
16546				
	16632			
16547				
16548				
		16611		
16549				
			16683
	16633	

---------------------------------
plain	jelly	coconut	honey-dip
			16822
		16726		
16677				
		16727		
16678				
	16747			
	16748			
		16728		
	16749			
	16750			
		16729		
	16751	

---------------------------------
plain	jelly	coconut	honey-dip
			16951
			16952
		16859		
		16860		
16854				
		16861		
	16884			
16855				
			16953
		16862		
			16954
			16955


---------------------------------
plain	jelly	coconut	honey-dip
			17095
		17029		
			17096
		17030		
		17031		
	17034			
		17032		
17002				
		17033		
		17034		
			17097
17003	

---------------------------------
plain	jelly	coconut	honey-dip
17153				
	17191			
	17192			
	17193			
		17211		
		17212		
			17253
			17254
		17213		
	17194			
17154				
17155	

---------------------------------
plain	jelly	coconut	honey-dip
		17399		
17332				
		17400		
17333				
			17423
		17401		
		17402		
17334				
		17403		
17335				
		17404		
	17350	

---------------------------------
plain	jelly	coconut	honey-dip
		17565		
		17566		
17491				
	17524			
			17572
		17567		
			17573
			17574
	17525			
	17526			
			17575
	17527	

---------------------------------
plain	jelly	coconut	honey-dip
17679				
	17703			
		17738		
			17764
17680				
17681				
		17739		
			17765
		17740		
17682				
			17766
			17767


---------------------------------
plain	jelly	coconut	honey-dip
		18185		
			18173
	18141			
			18174
	18142			
	18143			
			18175
18125				
		18186		
18126				
			18176
		18187	

---------------------------------
plain	jelly	coconut	honey-dip
18365				
18366				
		18415		
			18400
			18401
	18380			
18367				
	18381			
18368				
		18416		
	18382			
		18417	

---------------------------------
plain	jelly	coconut	honey-dip
18503				
18504				
			18516
		18556		
		18557		
18505				
18506				
		18558		
18507				
		18559		
18508				
18509	

---------------------------------
plain	jelly	coconut	honey-dip
			18672
			18673
	18663			
18661				
			18674
		18728		
			18675
		18729		
		18730		
			18676
			18677
	18664	

---------------------------------
plain	jelly	coconut	honey-dip
			18810
18793				
			18811
18794				
		18836		
		18837		
			18812
18795				
			18813
18796				
18797				
			18814


---------------------------------
plain	jelly	coconut	honey-dip
18948				
			18936
	18932			
18949				
		18976		
			18937
	18933			
			18938
		18977		
	18934			
18950				
18951	

---------------------------------
plain	jelly	coconut	honey-dip
19069				
		19099		
	19045			
19070				
	19046			
			19059
	19047			
19071				
			19060
			19061
	19048			
			19062


---------------------------------
plain	jelly	coconut	honey-dip
		19231		
			19206
19201				
			19207
19202				
	19186			
19203				
19204				
19205				
		19232		
			19208
	19187	

---------------------------------
plain	jelly	coconut	honey-dip
			19340
	19285			
	19286			
19326				
19327				
			19341
19328				
19329				
		19365		
	19287			
	19288			
		19366	

---------------------------------
plain	jelly	coconut	honey-dip
	19408			
	19409			
		19489		
	19410			
		19490		
		19491		
		19492		
			19475
19472				
			19476
19473				
		19493	

---------------------------------
plain	jelly	coconut	honey-dip
			19632
			19633
19622				
			19634
19623				
			19635
19624				
		19627		
			19636
	19563			
			19637
			19638


---------------------------------
plain	jelly	coconut	honey-dip
		19748		
		19749		
19742				
	19679			
			19755
		19750		
		19751		
		19752		
		19753		
			19756
	19680			
			19757


---------------------------------
plain	jelly	coconut	honey-dip
	19826			
19902				
	19827			
		19928		
			19904
	19828			
		19929		
		19930		
19903				
	19829			
			19905
		19931	

---------------------------------
plain	jelly	coconut	honey-dip
		20071		
			20079
	19989			
			20080
			20081
			20082
20045				
			20083
			20084
20046				
		20072		
			20085


---------------------------------
plain	jelly	coconut	honey-dip
	20118			
			20208
20162				
	20119			
			20209
			20210
		20200		
			20211
		20201		
		20202		
		20203		
	20120	

---------------------------------
plain	jelly	coconut	honey-dip
20312				
	20264			
20313				
	20265			
20314				
20315				
		20345		
		20346		
20316				
			20343
		20347		
		20348	

---------------------------------
plain	jelly	coconut	honey-dip
		20542		
		20543		
			20535
		20544		
	20435			
			20536
	20436			
20484				
20485				
	20437			
20486				
			20537


---------------------------------
plain	jelly	coconut	honey-dip
	20580			
			20676
20626				
20627				
20628				
20629				
		20702		
20630				
			20677
			20678
	20581			
			20679


---------------------------------
plain	jelly	coconut	honey-dip
		20826		
20766				
20767				
			20804
20768				
		20827		
20769				
	20692			
20770				
			20805
		20828		
		20829	

---------------------------------
plain	jelly	coconut	honey-dip
		20976		
	20822			
	20823			
		20977		
		20978		
			20951
		20979		
20939				
20940				
	20824			
	20825			
		20980	

---------------------------------
plain	jelly	coconut	honey-dip
			21109
	20980			
	20981			
			21110
			21111
21101				
	20982			
		21134		
		21135		
21102				
		21136		
	20983	

---------------------------------
plain	jelly	coconut	honey-dip
		21276		
21231				
	21114			
21232				
	21115			
	21116			
	21117			
21233				
			21243
21234				
		21277		
	21118	

---------------------------------
plain	jelly	coconut	honey-dip
	21236			
			21367
	21237			
21339				
			21368
	21238			
21340				
		21390		
			21369
		21391		
		21392		
		21393	

---------------------------------
plain	jelly	coconut	honey-dip
		21599		
		21600		
21574				
21575				
21576				
	21435			
			21576
21577				
21578				
	21436			
		21601		
		21602	

---------------------------------
plain	jelly	coconut	honey-dip
		21814		
	21652			
	21653			
	21654			
21799				
21800				
21801				
21802				
21803				
		21815		
		21816		
			21795


---------------------------------
plain	jelly	coconut	honey-dip
21932				
	21797			
	21798			
			21930
	21799			
		21965		
		21966		
21933				
		21967		
			21931
		21968		
	21800	

---------------------------------
plain	jelly	coconut	honey-dip
	21946			
			22069
22074				
22075				
22076				
		22099		
22077				
			22070
		22100		
			22071
	21947			
			22072


---------------------------------
plain	jelly	coconut	honey-dip
	22158			
			22252
			22253
			22254
			22255
			22256
22265				
	22159			
	22160			
		22317		
22266				
	22161	

---------------------------------
plain	jelly	coconut	honey-dip
22368				
			22348
22369				
			22349
22370				
		22447		
			22350
22371				
22372				
	22273			
	22274			
	22275	

---------------------------------
plain	jelly	coconut	honey-dip
			22483
	22388			
	22389			
22488				
	22390			
			22484
		22557		
			22485
	22391			
		22558		
			22486
			22487


---------------------------------
plain	jelly	coconut	honey-dip
			22676
			22677
22693				
	22618			
			22678
	22619			
	22620			
	22621			
22694				
			22679
	22622			
	22623	

---------------------------------
plain	jelly	coconut	honey-dip
22850				
			22858
			22859
	22794			
	22795			
22851				
	22796			
		22902		
	22797			
22852				
			22860
22853	

---------------------------------
plain	jelly	coconut	honey-dip
			22989
22967				
22968				
	22906			
	22907			
		23022		
22969				
			22990
			22991
		23023		
	22908			
	22909	

---------------------------------
plain	jelly	coconut	honey-dip
		23183		
	23076			
23141				
			23132
		23184		
		23185		
23142				
23143				
		23186		
		23187		
			23133
	23077	

---------------------------------
plain	jelly	coconut	honey-dip
	23242			
23280				
23281				
	23243			
		23353		
		23354		
23282				
			23293
	23244			
			23294
		23355		
	23245	

---------------------------------
plain	jelly	coconut	honey-dip
	23387			
	23388			
			23430
			23431
			23432
			23433
23429				
23430				
	23389			
	23390			
	23391			
	23392	

---------------------------------
plain	jelly	coconut	honey-dip
	23506			
	23507			
		23637		
		23638		
	23508			
			23540
	23509			
23553				
			23541
23554				
			23542
23555	

---------------------------------
plain	jelly	coconut	honey-dip
	23614			
			23658
		23754		
		23755		
		23756		
			23659
23666				
			23660
	23615			
	23616			
		23757		
23667	

---------------------------------
plain	jelly	coconut	honey-dip
23806				
			23816
23807				
	23742			
		23904		
			23817
23808				
	23743			
	23744			
23809				
		23905		
23810	

---------------------------------
plain	jelly	coconut	honey-dip
		24047		
			23931
		24048		
23925				
			23932
	23881			
		24049		
23926				
			23933
			23934
			23935
	23882	

---------------------------------
plain	jelly	coconut	honey-dip
		24170		
		24171		
24036				
		24172		
24037				
	24007			
		24173		
		24174		
24038				
		24175		
		24176		
	24008	

---------------------------------
plain	jelly	coconut	honey-dip
			24194
			24195
	24175			
			24196
			24197
			24198
	24176			
			24199
	24177			
24185				
		24334		
			24200


---------------------------------
plain	jelly	coconut	honey-dip
	24297			
		24438		
24312				
		24439		
24313				
		24440		
	24298			
			24297
		24441		
	24299			
			24298
24314	

---------------------------------
plain	jelly	coconut	honey-dip
24470				
		24602		
			24425
			24426
	24435			
			24427
	24436			
24471				
	24437			
			24428
24472				
		24603	

---------------------------------
plain	jelly	coconut	honey-dip
	24587			
	24588			
		24733		
	24589			
		24734		
24600				
	24590			
	24591			
		24735		
24601				
		24736		
24602	

---------------------------------
plain	jelly	coconut	honey-dip
24778				
24779				
			24716
24780				
	24774			
			24717
			24718
			24719
			24720
		24900		
	24775			
	24776	

---------------------------------
plain	jelly	coconut	honey-dip
			24915
			24916
		25068		
		25069		
			24917
24979				
	24962			
		25070		
	24963			
			24918
		25071		
			24919


---------------------------------
plain	jelly	coconut	honey-dip
25113				
		25217		
25114				
25115				
	25122			
			25072
			25073
			25074
			25075
		25218		
25116				
25117	

---------------------------------
plain	jelly	coconut	honey-dip
			25196
		25364		
25265				
	25263			
		25365		
		25366		
	25264			
25266				
25267				
		25367		
	25265			
			25197


---------------------------------
plain	jelly	coconut	honey-dip
			25346
			25347
25396				
25397				
			25348
25398				
	25399			
25399				
25400				
		25535		
	25400			
			25349


---------------------------------
plain	jelly	coconut	honey-dip
		25661		
			25464
25510				
			25465
25511				
			25466
		25662		
25512				
	25509			
			25467
	25510			
25513	

---------------------------------
plain	jelly	coconut	honey-dip
25624				
			25582
	25636			
			25583
		25782		
			25584
	25637			
			25585
			25586
			25587
		25783		
			25588


---------------------------------
plain	jelly	coconut	honey-dip
	25760			
	25761			
		25901		
		25902		
		25903		
25746				
	25762			
			25721
		25904		
			25722
25747				
25748	

---------------------------------
plain	jelly	coconut	honey-dip
25884				
			25876
25885				
25886				
	25894			
	25895			
			25877
	25896			
			25878
25887				
		26062		
		26063	

---------------------------------
plain	jelly	coconut	honey-dip
	26021			
			26012
		26183		
		26184		
26004				
26005				
	26022			
26006				
	26023			
		26185		
	26024			
26007	

---------------------------------
plain	jelly	coconut	honey-dip
		26329		
	26132			
	26133			
		26330		
			26135
26128				
26129				
	26134			
			26136
		26331		
	26135			
		26332	

---------------------------------
plain	jelly	coconut	honey-dip
	26268			
	26269			
	26270			
26258				
	26271			
	26272			
	26273			
		26449		
			26265
		26450		
	26274			
26259	

---------------------------------
plain	jelly	coconut	honey-dip
		26602		
		26603		
		26604		
		26605		
		26606		
		26607		
			26382
	26412			
26396				
			26383
			26384
26397	

---------------------------------
plain	jelly	coconut	honey-dip
26557				
	26565			
			26546
26558				
	26566			
26559				
			26547
	26567			
	26568			
			26548
26560				
	26569	

---------------------------------
plain	jelly	coconut	honey-dip
			26626
		26859		
26656				
		26860		
		26861		
			26627
		26862		
	26635			
26657				
	26636			
	26637			
	26638	

---------------------------------
plain	jelly	coconut	honey-dip
	26776			
		26988		
26775				
			26753
			26754
26776				
	26777			
26777				
		26989		
			26755
		26990		
26778	

---------------------------------
plain	jelly	coconut	honey-dip
	26871			
	26872			
	26873			
		27077		
			26859
			26860
26869				
26870				
	26874			
			26861
	26875			
			26862


---------------------------------
plain	jelly	coconut	honey-dip
	26984			
			26976
26994				
26995				
26996				
		27214		
			26977
		27215		
26997				
		27216		
			26978
26998	

---------------------------------
plain	jelly	coconut	honey-dip
27099				
			27071
	27064			
		27318		
			27072
		27319		
27100				
27101				
27102				
		27320		
			27073
			27074


---------------------------------
plain	jelly	coconut	honey-dip
	27152			
27221				
			27165
	27153			
		27410		
	27154			
		27411		
27222				
27223				
		27412		
			27166
			27167


---------------------------------
plain	jelly	coconut	honey-dip
27345				
			27287
		27535		
27346				
		27536		
		27537		
	27261			
		27538		
			27288
27347				
27348				
			27289


---------------------------------
plain	jelly	coconut	honey-dip
		27634		
	27358			
		27635		
		27636		
		27637		
	27359			
	27360			
27461				
		27638		
		27639		
27462				
27463	

---------------------------------
plain	jelly	coconut	honey-dip
27581				
		27726		
	27462			
	27463			
27582				
			27475
	27464			
27583				
	27465			
		27727		
			27476
27584	

---------------------------------
plain	jelly	coconut	honey-dip
27696				
	27580			
	27581			
			27589
27697				
			27590
			27591
		27823		
			27592
		27824		
27698				
27699	

---------------------------------
plain	jelly	coconut	honey-dip
			27735
27859				
			27736
			27737
			27738
			27739
	27755			
	27756			
	27757			
27860				
27861				
			27740


---------------------------------
plain	jelly	coconut	honey-dip
			27842
			27843
			27844
27942				
		28061		
		28062		
			27845
	27851			
			27846
			27847
27943				
27944	

---------------------------------
plain	jelly	coconut	honey-dip
		28149		
28036				
	27950			
			27933
		28150		
		28151		
	27951			
			27934
			27935
		28152		
	27952			
			27936


---------------------------------
plain	jelly	coconut	honey-dip
		28236		
	28074			
		28237		
			28036
		28238		
		28239		
	28075			
	28076			
28130				
		28240		
28131				
			28037


---------------------------------
plain	jelly	coconut	honey-dip
	28148			
			28122
28237				
			28123
28238				
		28329		
	28149			
	28150			
			28124
28239				
	28151			
			28125


---------------------------------
plain	jelly	coconut	honey-dip
28362				
28363				
	28241			
			28229
	28242			
			28230
			28231
	28243			
	28244			
	28245			
28364				
28365	

---------------------------------
plain	jelly	coconut	honey-dip
		28517		
28456				
		28518		
28457				
28458				
			28303
	28328			
	28329			
28459				
	28330			
28460				
			28304


---------------------------------
plain	jelly	coconut	honey-dip
		28604		
28546				
	28409			
		28605		
	28410			
	28411			
	28412			
		28606		
28547				
		28607		
	28413			
28548	

---------------------------------
plain	jelly	coconut	honey-dip
		28737		
28678				
	28532			
			28509
28679				
		28738		
			28510
		28739		
			28511
		28740		
	28533			
			28512


---------------------------------
plain	jelly	coconut	honey-dip
	28608			
			28594
	28609			
		28826		
28776				
	28610			
	28611			
28777				
		28827		
	28612			
			28595
			28596


---------------------------------
plain	jelly	coconut	honey-dip
	28700			
	28701			
			28686
		28921		
		28922		
	28702			
	28703			
		28923		
		28924		
			28687
			28688
	28704	

---------------------------------
plain	jelly	coconut	honey-dip
	28785			
	28786			
		29015		
		29016		
			28784
	28787			
	28788			
		29017		
		29018		
	28789			
	28790			
		29019	

---------------------------------
plain	jelly	coconut	honey-dip
	28871			
	28872			
	28873			
			28871
		29114		
			28872
29028				
			28873
		29115		
			28874
	28874			
	28875	

---------------------------------
plain	jelly	coconut	honey-dip
			28979
29109				
29110				
	28946			
	28947			
		29174		
	28948			
		29175		
		29176		
		29177		
	28949			
29111	

---------------------------------
plain	jelly	coconut	honey-dip
			29059
			29060
	29022			
		29250		
			29061
			29062
29189				
	29023			
		29251		
			29063
			29064
			29065


---------------------------------
plain	jelly	coconut	honey-dip
29230				
29231				
			29110
29232				
		29296		
			29111
		29297		
			29112
		29298		
29233				
		29299		
	29076	

---------------------------------
plain	jelly	coconut	honey-dip
		29361		
29297				
			29181
		29362		
		29363		
29298				
		29364		
	29125			
			29182
		29365		
			29183
		29366	

---------------------------------
plain	jelly	coconut	honey-dip
	29194			
		29445		
29401				
			29272
	29195			
		29446		
		29447		
	29196			
29402				
29403				
	29197			
	29198	

---------------------------------
plain	jelly	coconut	honey-dip
			29354
	29272			
		29514		
			29355
			29356
	29273			
29496				
	29274			
		29515		
29497				
	29275			
		29516	

---------------------------------
plain	jelly	coconut	honey-dip
	29328			
29563				
		29578		
			29419
		29579		
	29329			
		29580		
			29420
		29581		
	29330			
	29331			
			29421


---------------------------------
plain	jelly	coconut	honey-dip
29684				
		29707		
29685				
			29544
29686				
	29445			
		29708		
	29446			
		29709		
		29710		
29687				
	29447	

---------------------------------
plain	jelly	coconut	honey-dip
			29570
		29750		
		29751		
			29571
	29482			
	29483			
			29572
	29484			
29722				
		29752		
			29573
		29753	

---------------------------------
plain	jelly	coconut	honey-dip
		29788		
29755				
		29789		
29756				
	29533			
		29790		
29757				
			29616
29758				
			29617
			29618
29759	

---------------------------------
plain	jelly	coconut	honey-dip
		29850		
	29590			
	29591			
	29592			
			29678
29826				
		29851		
		29852		
29827				
29828				
			29679
	29593	

---------------------------------
plain	jelly	coconut	honey-dip
			29698
29849				
	29614			
			29699
		29867		
	29615			
	29616			
29850				
	29617			
			29700
		29868		
		29869	

---------------------------------
plain	jelly	coconut	honey-dip
			29734
		29901		
	29651			
	29652			
	29653			
	29654			
	29655			
	29656			
	29657			
29886				
		29902		
		29903	

---------------------------------
plain	jelly	coconut	honey-dip
	29688			
	29689			
			29764
	29690			
	29691			
			29765
29911				
	29692			
29912				
		29929		
29913				
	29693	

---------------------------------
plain	jelly	coconut	honey-dip
			29796
		29961		
			29797
29940				
29941				
		29962		
29942				
			29798
		29963		
29943				
			29799
			29800


---------------------------------
plain	jelly	coconut	honey-dip
		29975		
	29736			
	29737			
29948				
	29738			
29949				
		29976		
		29977		
	29739			
29950				
			29813
			29814


---------------------------------
plain	jelly	coconut	honey-dip
			29838
		29999		
29968				
	29763			
			29839
29969				
		30000		
		30001		
29970				
29971				
		30002		
		30003	

---------------------------------
plain	jelly	coconut	honey-dip
			29856
		30014		
			29857
		30015		
	29782			
		30016		
		30017		
			29858
29988				
	29783			
			29859
	29784	

---------------------------------
plain	jelly	coconut	honey-dip
			29874
			29875
	29795			
		30027		
30004				
	29796			
		30028		
			29876
			29877
		30029		
30005				
		30030	

---------------------------------
plain	jelly	coconut	honey-dip
	29808			
30024				
30025				
			29891
30026				
	29809			
		30049		
	29810			
	29811			
	29812			
			29892
30027	

---------------------------------
plain	jelly	coconut	honey-dip
30040				
	29825			
			29901
		30066		
			29902
			29903
		30067		
			29904
		30068		
	29826			
		30069		
		30070	

---------------------------------
plain	jelly	coconut	honey-dip
			29911
30049				
30050				
	29842			
		30078		
			29912
30051				
30052				
		30079		
30053				
		30080		
			29913


---------------------------------
plain	jelly	coconut	honey-dip
			29926
			29927
	29850			
			29928
			29929
	29851			
30062				
			29930
			29931
30063				
		30090		
30064	

---------------------------------
plain	jelly	coconut	honey-dip
			29935
		30093		
30068				
		30094		
		30095		
			29936
	29856			
		30096		
	29857			
		30097		
	29858			
		30098	

---------------------------------
plain	jelly	coconut	honey-dip
			29938
30074				
		30100		
			29939
		30101		
			29940
	29864			
			29941
	29865			
		30102		
		30103		
		30104	

