---------------------------------
plain	jelly	coconut	honey-dip
8				
		12		
	11			
	12			
		13		
		14		
		15		
			5
9				
		16		
		17		
	13	

---------------------------------
plain	jelly	coconut	honey-dip
			20
		35		
			21
		36		
		37		
	27			
			22
	28			
	29			
26				
27				
		38	

---------------------------------
plain	jelly	coconut	honey-dip
50				
	47			
			49
	48			
		58		
	49			
		59		
		60		
	50			
51				
		61		
			50


---------------------------------
plain	jelly	coconut	honey-dip
			70
			71
		88		
	85			
		89		
81				
		90		
	86			
	87			
		91		
		92		
82	

---------------------------------
plain	jelly	coconut	honey-dip
			95
114				
	112			
			96
	113			
			97
			98
	114			
115				
116				
117				
			99


---------------------------------
plain	jelly	coconut	honey-dip
	146			
160				
161				
	147			
			129
162				
163				
			130
			131
		153		
		154		
			132


---------------------------------
plain	jelly	coconut	honey-dip
	177			
	178			
	179			
		186		
		187		
	180			
			161
		188		
		189		
		190		
196				
		191	

---------------------------------
plain	jelly	coconut	honey-dip
		226		
			197
	219			
		227		
234				
235				
		228		
			198
		229		
	220			
		230		
			199


---------------------------------
plain	jelly	coconut	honey-dip
267				
		266		
	259			
		267		
	260			
			240
		268		
268				
		269		
	261			
			241
			242


---------------------------------
plain	jelly	coconut	honey-dip
			274
303				
		309		
	290			
		310		
304				
305				
		311		
		312		
			275
	291			
306	

---------------------------------
plain	jelly	coconut	honey-dip
		338		
	330			
		339		
	331			
338				
			314
			315
			316
	332			
		340		
339				
340	

---------------------------------
plain	jelly	coconut	honey-dip
	362			
			345
			346
366				
			347
367				
	363			
			348
			349
		367		
			350
368	

---------------------------------
plain	jelly	coconut	honey-dip
	397			
			388
			389
400				
401				
			390
402				
403				
			391
			392
		411		
	398	

---------------------------------
plain	jelly	coconut	honey-dip
			419
		439		
429				
		440		
		441		
			420
430				
		442		
431				
	429			
	430			
	431	

---------------------------------
plain	jelly	coconut	honey-dip
	460			
	461			
	462			
470				
			447
			448
	463			
471				
	464			
472				
		471		
		472	

---------------------------------
plain	jelly	coconut	honey-dip
	493			
508				
		505		
		506		
			474
	494			
509				
			475
510				
		507		
511				
512	

---------------------------------
plain	jelly	coconut	honey-dip
			525
		539		
543				
		540		
	541			
	542			
544				
545				
546				
		541		
	543			
	544	

---------------------------------
plain	jelly	coconut	honey-dip
		571		
			556
	580			
585				
586				
		572		
		573		
	581			
			557
	582			
		574		
	583	

---------------------------------
plain	jelly	coconut	honey-dip
		614		
616				
			592
617				
		615		
618				
619				
620				
			593
621				
	614			
	615	

---------------------------------
plain	jelly	coconut	honey-dip
	636			
633				
			618
634				
635				
	637			
636				
	638			
637				
			619
		645		
	639	

---------------------------------
plain	jelly	coconut	honey-dip
668				
			660
		682		
		683		
	678			
		684		
	679			
	680			
669				
670				
			661
		685	

---------------------------------
plain	jelly	coconut	honey-dip
		715		
		716		
707				
		717		
708				
		718		
709				
710				
			693
	717			
			694
		719	

---------------------------------
plain	jelly	coconut	honey-dip
782				
			794
		817		
		818		
		819		
		820		
	799			
		821		
		822		
	800			
		823		
			795


---------------------------------
plain	jelly	coconut	honey-dip
866				
867				
			895
			896
868				
	886			
869				
		905		
			897
			898
870				
			899


---------------------------------
plain	jelly	coconut	honey-dip
	929			
			950
		948		
	930			
			951
929				
			952
	931			
		949		
			953
			954
			955


---------------------------------
plain	jelly	coconut	honey-dip
			1014
993				
		1017		
994				
		1018		
		1019		
		1020		
		1021		
			1015
	996			
			1016
			1017


---------------------------------
plain	jelly	coconut	honey-dip
1066				
			1082
		1090		
	1094			
	1095			
1067				
			1083
			1084
	1096			
	1097			
	1098			
	1099	

---------------------------------
plain	jelly	coconut	honey-dip
		1218		
	1237			
1189				
			1204
	1238			
			1205
1190				
1191				
			1206
		1219		
1192				
		1220	

---------------------------------
plain	jelly	coconut	honey-dip
1266				
		1300		
		1301		
	1319			
			1287
			1288
		1302		
1267				
			1289
	1320			
		1303		
	1321	

---------------------------------
plain	jelly	coconut	honey-dip
	1407			
			1365
	1408			
	1409			
	1410			
	1411			
			1366
	1412			
1356				
	1413			
		1404		
1357	

---------------------------------
plain	jelly	coconut	honey-dip
1418				
	1461			
			1434
	1462			
1419				
			1435
1420				
	1463			
1421				
			1436
			1437
	1464	

---------------------------------
plain	jelly	coconut	honey-dip
			1507
		1515		
			1508
			1509
1474				
1475				
		1516		
			1510
		1517		
			1511
1476				
		1518	

---------------------------------
plain	jelly	coconut	honey-dip
		1602		
			1600
			1601
			1602
			1603
			1604
1567				
	1603			
	1604			
		1603		
		1604		
	1605	

---------------------------------
plain	jelly	coconut	honey-dip
			1706
			1707
		1705		
1668				
		1706		
			1708
			1709
			1710
			1711
1669				
1670				
			1712


---------------------------------
plain	jelly	coconut	honey-dip
1758				
1759				
1760				
1761				
	1805			
1762				
		1792		
	1806			
		1793		
			1797
	1807			
	1808	

---------------------------------
plain	jelly	coconut	honey-dip
	1878			
			1890
1854				
	1879			
		1866		
		1867		
1855				
		1868		
		1869		
		1870		
		1871		
1856	

---------------------------------
plain	jelly	coconut	honey-dip
	1977			
			2009
1957				
		1953		
1958				
			2010
			2011
	1978			
1959				
	1979			
			2012
		1954	

---------------------------------
plain	jelly	coconut	honey-dip
	2090			
			2103
2054				
			2104
		2069		
	2091			
		2070		
	2092			
		2071		
	2093			
			2105
	2094	

---------------------------------
plain	jelly	coconut	honey-dip
2173				
	2213			
	2214			
			2232
2174				
	2215			
			2233
	2216			
			2234
			2235
	2217			
	2218	

---------------------------------
plain	jelly	coconut	honey-dip
	2319			
		2298		
2262				
2263				
		2299		
		2300		
			2325
			2326
		2301		
		2302		
	2320			
			2327


---------------------------------
plain	jelly	coconut	honey-dip
		2466		
2443				
2444				
	2475			
	2476			
		2467		
2445				
	2477			
			2480
		2468		
	2478			
2446	

---------------------------------
plain	jelly	coconut	honey-dip
		2559		
			2592
	2583			
		2560		
		2561		
			2593
		2562		
		2563		
			2594
		2564		
2538				
	2584	

---------------------------------
plain	jelly	coconut	honey-dip
			2743
2676				
2677				
	2717			
	2718			
2678				
		2712		
		2713		
		2714		
	2719			
	2720			
2679	

---------------------------------
plain	jelly	coconut	honey-dip
		2834		
	2825			
	2826			
2793				
			2864
		2835		
2794				
	2827			
			2865
2795				
		2836		
			2866


---------------------------------
plain	jelly	coconut	honey-dip
2949				
		2968		
			3004
			3005
	2947			
	2948			
			3006
			3007
			3008
			3009
			3010
		2969	

---------------------------------
plain	jelly	coconut	honey-dip
	3064			
		3086		
			3121
			3122
		3087		
3077				
3078				
	3065			
		3088		
			3123
		3089		
		3090	

---------------------------------
plain	jelly	coconut	honey-dip
3210				
	3174			
		3206		
		3207		
			3274
	3175			
3211				
	3176			
			3275
		3208		
	3177			
		3209	

---------------------------------
plain	jelly	coconut	honey-dip
			3409
	3330			
	3331			
			3410
		3334		
			3411
		3335		
3355				
			3412
		3336		
			3413
			3414


---------------------------------
plain	jelly	coconut	honey-dip
		3472		
3464				
	3426			
		3473		
3465				
		3474		
	3427			
3466				
		3475		
			3534
3467				
			3535


---------------------------------
plain	jelly	coconut	honey-dip
			3727
	3632			
			3728
3655				
3656				
	3633			
		3686		
		3687		
		3688		
		3689		
	3634			
3657	

---------------------------------
plain	jelly	coconut	honey-dip
			3928
3821				
			3929
	3842			
		3853		
			3930
			3931
	3843			
	3844			
			3932
3822				
		3854	

---------------------------------
plain	jelly	coconut	honey-dip
4085				
4086				
4087				
		4094		
	4101			
			4160
	4102			
4088				
		4095		
4089				
	4103			
			4161


---------------------------------
plain	jelly	coconut	honey-dip
			4282
4184				
4185				
		4201		
	4193			
		4202		
4186				
			4283
4187				
	4194			
	4195			
			4284


---------------------------------
plain	jelly	coconut	honey-dip
		4337		
	4330			
			4401
		4338		
	4331			
			4402
	4332			
4320				
			4403
4321				
4322				
			4404


---------------------------------
plain	jelly	coconut	honey-dip
4445				
		4457		
	4464			
		4458		
	4465			
		4459		
4446				
			4538
4447				
		4460		
		4461		
4448	

---------------------------------
plain	jelly	coconut	honey-dip
	4599			
			4688
	4600			
			4689
4589				
			4690
4590				
4591				
4592				
4593				
		4604		
		4605	

---------------------------------
plain	jelly	coconut	honey-dip
4718				
	4732			
4719				
		4719		
	4733			
			4791
4720				
4721				
	4734			
4722				
4723				
			4792


---------------------------------
plain	jelly	coconut	honey-dip
			4916
4868				
4869				
			4917
			4918
4870				
4871				
			4919
	4879			
4872				
		4825		
	4880	

---------------------------------
plain	jelly	coconut	honey-dip
		5001		
		5002		
5010				
			5078
5011				
	5035			
	5036			
5012				
5013				
	5037			
		5003		
			5079


---------------------------------
plain	jelly	coconut	honey-dip
	5175			
5133				
	5176			
5134				
		5143		
	5177			
		5144		
5135				
5136				
	5178			
			5201
5137	

---------------------------------
plain	jelly	coconut	honey-dip
5241				
			5292
		5249		
			5293
		5250		
		5251		
5242				
	5302			
5243				
		5252		
	5303			
			5294


---------------------------------
plain	jelly	coconut	honey-dip
5374				
			5424
5375				
5376				
			5425
		5369		
		5370		
			5426
			5427
			5428
			5429
5377	

---------------------------------
plain	jelly	coconut	honey-dip
	5545			
	5546			
5499				
	5547			
	5548			
	5549			
		5478		
	5550			
			5522
	5551			
5500				
5501	

---------------------------------
plain	jelly	coconut	honey-dip
		5591		
			5620
		5592		
		5593		
5601				
		5594		
5602				
		5595		
		5596		
			5621
		5597		
			5622


---------------------------------
plain	jelly	coconut	honey-dip
		5737		
		5738		
5741				
		5739		
			5750
5742				
	5788			
			5751
5743				
			5752
5744				
		5740	

---------------------------------
plain	jelly	coconut	honey-dip
		5860		
	5934			
5868				
			5882
			5883
		5861		
			5884
		5862		
5869				
	5935			
		5863		
5870	

---------------------------------
plain	jelly	coconut	honey-dip
			6038
6002				
			6039
			6040
		5993		
			6041
6003				
	6075			
	6076			
			6042
6004				
6005	

---------------------------------
plain	jelly	coconut	honey-dip
		6096		
			6155
6112				
		6097		
6113				
6114				
6115				
6116				
	6201			
			6156
			6157
	6202	

---------------------------------
plain	jelly	coconut	honey-dip
		6214		
6220				
	6329			
	6330			
	6331			
			6281
	6332			
6221				
	6333			
		6215		
6222				
		6216	

---------------------------------
plain	jelly	coconut	honey-dip
			6425
	6483			
	6484			
	6485			
6356				
		6368		
		6369		
	6486			
6357				
	6487			
6358				
6359	

---------------------------------
plain	jelly	coconut	honey-dip
	6624			
6492				
			6543
	6625			
6493				
		6501		
6494				
6495				
		6502		
	6626			
6496				
6497	

---------------------------------
plain	jelly	coconut	honey-dip
			6658
		6602		
		6603		
		6604		
		6605		
	6742			
		6606		
		6607		
	6743			
	6744			
			6659
			6660


---------------------------------
plain	jelly	coconut	honey-dip
			6837
		6746		
		6747		
	6870			
			6838
		6748		
6799				
		6749		
			6839
			6840
	6871			
		6750	

---------------------------------
plain	jelly	coconut	honey-dip
			7015
			7016
			7017
			7018
	7021			
		6896		
			7019
	7022			
		6897		
	7023			
		6898		
	7024	

---------------------------------
plain	jelly	coconut	honey-dip
		7018		
7084				
	7152			
	7153			
	7154			
	7155			
			7162
7085				
		7019		
	7156			
	7157			
7086	

---------------------------------
plain	jelly	coconut	honey-dip
		7279		
7311				
	7414			
7312				
		7280		
	7415			
		7281		
7313				
	7416			
7314				
			7396
			7397


---------------------------------
plain	jelly	coconut	honey-dip
	7556			
			7544
		7431		
			7545
	7557			
7445				
	7558			
		7432		
	7559			
	7560			
	7561			
		7433	

---------------------------------
plain	jelly	coconut	honey-dip
		7541		
			7685
7564				
7565				
7566				
	7690			
	7691			
		7542		
		7543		
	7692			
		7544		
	7693	

---------------------------------
plain	jelly	coconut	honey-dip
		7684		
	7826			
		7685		
	7827			
		7686		
			7839
	7828			
7695				
			7840
			7841
	7829			
		7687	

---------------------------------
plain	jelly	coconut	honey-dip
7853				
			7998
			7999
7854				
			8000
		7822		
			8001
	7983			
7855				
		7823		
7856				
		7824	

---------------------------------
plain	jelly	coconut	honey-dip
			8147
			8148
8008				
			8149
	8116			
8009				
	8117			
	8118			
			8150
8010				
		7961		
			8151


---------------------------------
plain	jelly	coconut	honey-dip
			8325
			8326
8183				
	8297			
			8327
8184				
	8298			
			8328
8185				
			8329
			8330
8186	

---------------------------------
plain	jelly	coconut	honey-dip
8268				
8269				
	8403			
		8224		
8270				
		8225		
8271				
			8405
		8226		
			8406
	8404			
			8407


---------------------------------
plain	jelly	coconut	honey-dip
			8547
	8559			
8422				
	8560			
8423				
		8360		
8424				
8425				
			8548
	8561			
		8361		
		8362	

---------------------------------
plain	jelly	coconut	honey-dip
	8684			
8563				
8564				
8565				
8566				
			8681
	8685			
	8686			
			8682
			8683
	8687			
	8688	

---------------------------------
plain	jelly	coconut	honey-dip
		8624		
8673				
8674				
		8625		
8675				
8676				
8677				
		8626		
		8627		
	8794			
			8793
	8795	

---------------------------------
plain	jelly	coconut	honey-dip
			8925
		8758		
		8759		
		8760		
			8926
			8927
	8934			
8795				
	8935			
8796				
8797				
		8761	

---------------------------------
plain	jelly	coconut	honey-dip
8937				
			9076
			9077
8938				
		8912		
		8913		
		8914		
		8915		
8939				
			9078
			9079
8940	

---------------------------------
plain	jelly	coconut	honey-dip
		9050		
9079				
		9051		
9080				
	9204			
		9052		
			9219
9081				
		9053		
		9054		
			9220
			9221


---------------------------------
plain	jelly	coconut	honey-dip
	9366			
9241				
	9367			
			9368
			9369
9242				
9243				
	9368			
	9369			
			9370
			9371
9244	

---------------------------------
plain	jelly	coconut	honey-dip
			9501
		9347		
9349				
	9495			
9350				
			9502
		9348		
	9496			
9351				
	9497			
	9498			
	9499	

---------------------------------
plain	jelly	coconut	honey-dip
	9622			
			9630
9497				
		9483		
			9631
9498				
			9632
	9623			
9499				
9500				
			9633
		9484	

---------------------------------
plain	jelly	coconut	honey-dip
		9599		
			9739
9628				
	9746			
			9740
9629				
		9600		
		9601		
			9741
			9742
			9743
		9602	

---------------------------------
plain	jelly	coconut	honey-dip
		9739		
9765				
9766				
			9881
			9882
9767				
			9883
	9891			
9768				
	9892			
		9740		
9769	

---------------------------------
plain	jelly	coconut	honey-dip
9919				
	10066			
		9914		
		9915		
		9916		
9920				
			10049
		9917		
9921				
			10050
9922				
		9918	

---------------------------------
plain	jelly	coconut	honey-dip
10066				
	10219			
			10200
	10220			
		10075		
	10221			
10067				
	10222			
	10223			
			10201
		10076		
	10224	

---------------------------------
plain	jelly	coconut	honey-dip
	10366			
10175				
			10322
	10367			
		10189		
		10190		
10176				
		10191		
		10192		
	10368			
	10369			
10177	

---------------------------------
plain	jelly	coconut	honey-dip
			10479
			10480
	10520			
		10335		
			10481
		10336		
10318				
	10521			
			10482
			10483
			10484
		10337	

---------------------------------
plain	jelly	coconut	honey-dip
	10656			
10443				
	10657			
			10614
	10658			
			10615
10444				
	10659			
			10616
			10617
10445				
			10618


---------------------------------
plain	jelly	coconut	honey-dip
		10669		
	10870			
			10828
			10829
	10871			
			10830
		10670		
		10671		
			10831
	10872			
10665				
		10672	

---------------------------------
plain	jelly	coconut	honey-dip
	10993			
	10994			
	10995			
10806				
	10996			
10807				
		10824		
	10997			
		10825		
			10961
10808				
		10826	

---------------------------------
plain	jelly	coconut	honey-dip
			11093
	11116			
		10951		
			11094
10940				
			11095
	11117			
10941				
10942				
		10952		
		10953		
10943	

---------------------------------
plain	jelly	coconut	honey-dip
	11316			
	11317			
			11290
			11291
			11292
		11129		
11109				
11110				
11111				
			11293
		11130		
11112	

---------------------------------
plain	jelly	coconut	honey-dip
11275				
		11317		
			11481
	11491			
	11492			
11276				
11277				
			11482
		11318		
			11483
			11484
11278	

---------------------------------
plain	jelly	coconut	honey-dip
		11432		
	11624			
			11607
	11625			
11393				
	11626			
		11433		
11394				
		11434		
	11627			
			11608
	11628	

---------------------------------
plain	jelly	coconut	honey-dip
			11737
			11738
			11739
	11748			
	11749			
		11571		
		11572		
		11573		
			11740
11528				
			11741
		11574	

---------------------------------
plain	jelly	coconut	honey-dip
11697				
	11882			
11698				
		11710		
			11871
			11872
			11873
11699				
11700				
	11883			
			11874
11701	

---------------------------------
plain	jelly	coconut	honey-dip
11832				
			12022
			12023
11833				
11834				
11835				
		11840		
			12024
	11994			
			12025
			12026
11836	

---------------------------------
plain	jelly	coconut	honey-dip
11935				
11936				
			12119
11937				
			12120
			12121
		11936		
	12082			
		11937		
		11938		
			12122
			12123


---------------------------------
plain	jelly	coconut	honey-dip
	12276			
12135				
12136				
		12125		
	12277			
			12292
		12126		
		12127		
	12278			
			12293
	12279			
			12294


---------------------------------
plain	jelly	coconut	honey-dip
		12251		
	12385			
12260				
	12386			
12261				
		12252		
	12387			
		12253		
	12388			
		12254		
	12389			
			12424


---------------------------------
plain	jelly	coconut	honey-dip
			12599
		12387		
			12600
		12388		
			12601
	12516			
		12389		
			12602
12406				
			12603
12407				
		12390	

---------------------------------
plain	jelly	coconut	honey-dip
			12744
		12549		
		12550		
12539				
	12640			
		12551		
			12745
		12552		
		12553		
		12554		
		12555		
		12556	

---------------------------------
plain	jelly	coconut	honey-dip
	12793			
	12794			
12748				
		12709		
12749				
12750				
		12710		
12751				
12752				
	12795			
			12882
12753	

---------------------------------
plain	jelly	coconut	honey-dip
		12860		
12891				
		12861		
12892				
	12923			
		12862		
12893				
	12924			
12894				
			13034
	12925			
12895	

---------------------------------
plain	jelly	coconut	honey-dip
			13172
		13012		
		13013		
13050				
		13014		
	13074			
		13015		
13051				
		13016		
			13173
	13075			
		13017	

---------------------------------
plain	jelly	coconut	honey-dip
	13226			
	13227			
			13328
	13228			
	13229			
13192				
		13162		
13193				
	13230			
13194				
13195				
			13329


---------------------------------
plain	jelly	coconut	honey-dip
			13460
			13461
			13462
			13463
		13277		
		13278		
		13279		
13332				
13333				
	13367			
	13368			
		13280	

---------------------------------
plain	jelly	coconut	honey-dip
13495				
			13606
		13427		
		13428		
			13607
13496				
13497				
		13429		
13498				
		13430		
	13520			
13499	

---------------------------------
plain	jelly	coconut	honey-dip
		13554		
			13739
			13740
	13666			
		13555		
	13667			
			13741
	13668			
			13742
		13556		
		13557		
			13743


---------------------------------
plain	jelly	coconut	honey-dip
			13892
			13893
	13811			
		13699		
			13894
			13895
	13812			
13798				
		13700		
13799				
	13813			
13800	

---------------------------------
plain	jelly	coconut	honey-dip
			14110
13979				
13980				
			14111
	14018			
13981				
			14112
			14113
13982				
			14114
			14115
13983	

---------------------------------
plain	jelly	coconut	honey-dip
		14103		
			14303
			14304
14153				
14154				
	14201			
	14202			
		14104		
14155				
	14203			
			14305
14156	

---------------------------------
plain	jelly	coconut	honey-dip
14256				
		14219		
		14220		
	14312			
	14313			
			14429
			14430
		14221		
		14222		
14257				
		14223		
	14314	

---------------------------------
plain	jelly	coconut	honey-dip
			14574
14392				
14393				
14394				
		14376		
			14575
	14450			
14395				
	14451			
	14452			
14396				
		14377	

---------------------------------
plain	jelly	coconut	honey-dip
		14591		
		14592		
			14762
			14763
	14634			
		14593		
		14594		
14585				
14586				
14587				
			14764
	14635	

---------------------------------
plain	jelly	coconut	honey-dip
	14776			
		14722		
14701				
14702				
14703				
			14901
		14723		
			14902
14704				
	14777			
			14903
		14724	

---------------------------------
plain	jelly	coconut	honey-dip
	14916			
14857				
			15056
		14871		
			15057
	14917			
		14872		
	14918			
		14873		
14858				
	14919			
			15058


---------------------------------
plain	jelly	coconut	honey-dip
		15012		
15005				
15006				
15007				
			15183
15008				
	15052			
	15053			
		15013		
			15184
15009				
		15014	

---------------------------------
plain	jelly	coconut	honey-dip
		15145		
	15163			
			15311
	15164			
		15146		
		15147		
	15165			
15137				
15138				
	15166			
		15148		
	15167	

---------------------------------
plain	jelly	coconut	honey-dip
15282				
	15328			
	15329			
			15433
			15434
15283				
			15435
	15330			
			15436
			15437
15284				
			15438


---------------------------------
plain	jelly	coconut	honey-dip
			15566
		15431		
15393				
	15458			
15394				
			15567
15395				
15396				
15397				
			15568
		15432		
15398	

---------------------------------
plain	jelly	coconut	honey-dip
		15551		
		15552		
			15692
15514				
			15693
		15553		
	15571			
		15554		
15515				
		15555		
		15556		
		15557	

---------------------------------
plain	jelly	coconut	honey-dip
		15740		
15680				
15681				
		15741		
			15855
	15737			
		15742		
15682				
		15743		
			15856
			15857
15683	

---------------------------------
plain	jelly	coconut	honey-dip
			15989
		15891		
		15892		
		15893		
	15883			
15825				
			15990
15826				
	15884			
		15894		
		15895		
	15885	

---------------------------------
plain	jelly	coconut	honey-dip
			16135
			16136
		16026		
15995				
			16137
			16138
15996				
15997				
		16027		
		16028		
	16044			
		16029	

---------------------------------
plain	jelly	coconut	honey-dip
16128				
	16171			
		16171		
	16172			
16129				
		16172		
16130				
			16258
			16259
			16260
16131				
16132	

---------------------------------
plain	jelly	coconut	honey-dip
	16279			
16241				
	16280			
16242				
	16281			
		16285		
16243				
		16286		
			16379
16244				
		16287		
16245	

---------------------------------
plain	jelly	coconut	honey-dip
	16430			
		16428		
		16429		
			16522
16380				
	16431			
		16430		
			16523
	16432			
		16431		
16381				
	16433	

---------------------------------
plain	jelly	coconut	honey-dip
16518				
			16639
16519				
	16586			
			16640
			16641
	16587			
		16581		
	16588			
			16642
	16589			
	16590	

---------------------------------
plain	jelly	coconut	honey-dip
			16829
	16756			
			16830
	16757			
16690				
		16733		
	16758			
	16759			
	16760			
	16761			
		16734		
	16762	

---------------------------------
plain	jelly	coconut	honey-dip
			16946
		16850		
		16851		
16846				
	16882			
	16883			
16847				
16848				
		16852		
			16947
		16853		
		16854	

---------------------------------
plain	jelly	coconut	honey-dip
	17035			
		17035		
	17036			
17004				
17005				
		17036		
			17098
		17037		
			17099
	17037			
		17038		
	17038	

---------------------------------
plain	jelly	coconut	honey-dip
	17219			
17190				
		17254		
17191				
	17220			
	17221			
17192				
	17222			
			17289
17193				
		17255		
			17290


---------------------------------
plain	jelly	coconut	honey-dip
	17447			
	17448			
			17513
	17449			
			17514
17424				
17425				
17426				
			17515
17427				
17428				
			17516


---------------------------------
plain	jelly	coconut	honey-dip
		17688		
17619				
		17689		
17620				
17621				
17622				
	17657			
		17690		
			17704
			17705
		17691		
	17658	

---------------------------------
plain	jelly	coconut	honey-dip
			17876
	17832			
		17878		
		17879		
17814				
			17877
		17880		
17815				
		17881		
17816				
17817				
		17882	

---------------------------------
plain	jelly	coconut	honey-dip
		18021		
17963				
		18022		
17964				
			18009
	17971			
			18010
	17972			
17965				
	17973			
			18011
		18023	

---------------------------------
plain	jelly	coconut	honey-dip
18100				
			18152
	18120			
18101				
18102				
	18121			
18103				
			18153
	18122			
			18154
	18123			
		18168	

---------------------------------
plain	jelly	coconut	honey-dip
18241				
			18275
	18263			
18242				
		18289		
18243				
			18276
		18290		
18244				
			18277
		18291		
	18264	

---------------------------------
plain	jelly	coconut	honey-dip
			18403
18373				
18374				
			18404
	18385			
		18423		
		18424		
	18386			
		18425		
	18387			
18375				
			18405


---------------------------------
plain	jelly	coconut	honey-dip
			18578
18573				
	18562			
		18627		
	18563			
	18564			
		18628		
18574				
18575				
	18565			
18576				
			18579


---------------------------------
plain	jelly	coconut	honey-dip
		18763		
		18764		
18695				
	18693			
18696				
			18717
		18765		
	18694			
18697				
		18766		
	18695			
	18696	

---------------------------------
plain	jelly	coconut	honey-dip
		18895		
	18846			
		18896		
18862				
	18847			
18863				
18864				
		18897		
	18848			
18865				
	18849			
18866	

---------------------------------
plain	jelly	coconut	honey-dip
18993				
18994				
18995				
18996				
		19025		
18997				
			18971
18998				
		19026		
		19027		
			18972
			18973


---------------------------------
plain	jelly	coconut	honey-dip
		19151		
		19152		
		19153		
19126				
		19154		
			19130
	19105			
19127				
		19155		
	19106			
19128				
19129	

---------------------------------
plain	jelly	coconut	honey-dip
			19289
		19317		
19289				
			19290
19290				
			19291
			19292
		19318		
		19319		
19291				
			19293
		19320	

---------------------------------
plain	jelly	coconut	honey-dip
	19383			
19437				
	19384			
19438				
		19458		
19439				
19440				
19441				
			19446
			19447
			19448
			19449


---------------------------------
plain	jelly	coconut	honey-dip
	19524			
			19591
19591				
		19594		
		19595		
			19592
19592				
19593				
		19596		
19594				
			19593
	19525	

---------------------------------
plain	jelly	coconut	honey-dip
19730				
			19736
	19658			
		19728		
			19737
	19659			
			19738
		19729		
		19730		
		19731		
			19739
		19732	

---------------------------------
plain	jelly	coconut	honey-dip
		19907		
			19882
19881				
19882				
		19908		
			19883
	19806			
	19807			
	19808			
	19809			
		19909		
19883	

---------------------------------
plain	jelly	coconut	honey-dip
	19925			
	19926			
	19927			
	19928			
			20031
		20031		
19993				
19994				
19995				
			20032
19996				
19997	

---------------------------------
plain	jelly	coconut	honey-dip
			20141
		20132		
20100				
			20142
20101				
20102				
20103				
		20133		
	20051			
	20052			
	20053			
			20143


---------------------------------
plain	jelly	coconut	honey-dip
20242				
20243				
20244				
			20273
		20272		
			20274
			20275
			20276
			20277
	20201			
20245				
			20278


---------------------------------
plain	jelly	coconut	honey-dip
		20400		
20364				
20365				
20366				
20367				
			20389
			20390
			20391
		20401		
20368				
		20402		
			20392


---------------------------------
plain	jelly	coconut	honey-dip
20492				
20493				
		20554		
		20555		
	20443			
20494				
	20444			
	20445			
20495				
20496				
			20543
	20446	

---------------------------------
plain	jelly	coconut	honey-dip
20615				
			20671
20616				
	20571			
	20572			
		20691		
20617				
20618				
			20672
	20573			
20619				
		20692	

---------------------------------
plain	jelly	coconut	honey-dip
	20804			
20920				
20921				
20922				
			20933
			20934
		20959		
	20805			
	20806			
		20960		
		20961		
			20935


---------------------------------
plain	jelly	coconut	honey-dip
21061				
21062				
			21066
		21097		
		21098		
			21067
			21068
		21099		
		21100		
		21101		
21063				
21064	

---------------------------------
plain	jelly	coconut	honey-dip
		21230		
	21081			
			21207
			21208
		21231		
		21232		
	21082			
21190				
		21233		
	21083			
21191				
		21234	

---------------------------------
plain	jelly	coconut	honey-dip
21341				
			21370
			21371
	21239			
			21372
21342				
			21373
21343				
21344				
			21374
			21375
		21394	

---------------------------------
plain	jelly	coconut	honey-dip
			21491
			21492
21487				
		21516		
		21517		
			21493
		21518		
		21519		
		21520		
21488				
		21521		
		21522	

---------------------------------
plain	jelly	coconut	honey-dip
			21667
			21668
		21690		
			21669
			21670
		21691		
		21692		
		21693		
			21671
			21672
	21534			
			21673


---------------------------------
plain	jelly	coconut	honey-dip
			21823
21829				
			21824
			21825
			21826
			21827
		21834		
	21682			
		21835		
		21836		
	21683			
		21837	

---------------------------------
plain	jelly	coconut	honey-dip
		21994		
21964				
21965				
	21835			
		21995		
		21996		
21966				
		21997		
		21998		
21967				
		21999		
			21963


---------------------------------
plain	jelly	coconut	honey-dip
	22019			
22131				
			22122
			22123
		22168		
	22020			
22132				
			22124
22133				
	22021			
			22125
22134	

---------------------------------
plain	jelly	coconut	honey-dip
		22292		
	22129			
		22293		
22236				
22237				
			22227
			22228
		22294		
22238				
			22229
	22130			
			22230


---------------------------------
plain	jelly	coconut	honey-dip
		22495		
			22402
			22403
		22496		
			22404
22416				
			22405
22417				
22418				
	22315			
			22406
		22497	

---------------------------------
plain	jelly	coconut	honey-dip
			22528
			22529
22540				
	22440			
		22600		
22541				
			22530
22542				
		22601		
	22441			
	22442			
	22443	

---------------------------------
plain	jelly	coconut	honey-dip
22707				
			22708
	22654			
	22655			
		22771		
	22656			
		22772		
		22773		
22708				
22709				
22710				
		22774	

---------------------------------
plain	jelly	coconut	honey-dip
	22799			
	22800			
	22801			
		22910		
		22911		
22860				
	22802			
			22871
			22872
		22912		
	22803			
		22913	

---------------------------------
plain	jelly	coconut	honey-dip
		23080		
23018				
		23081		
		23082		
	22961			
			23029
	22962			
	22963			
		23083		
23019				
	22964			
23020	

---------------------------------
plain	jelly	coconut	honey-dip
	23140			
		23264		
	23141			
	23142			
			23201
23203				
		23265		
23204				
		23266		
	23143			
		23267		
		23268	

---------------------------------
plain	jelly	coconut	honey-dip
		23449		
		23450		
		23451		
23358				
		23452		
	23320			
23359				
23360				
23361				
	23321			
23362				
			23365


---------------------------------
plain	jelly	coconut	honey-dip
23510				
			23504
23511				
23512				
			23505
23513				
23514				
		23601		
	23465			
	23466			
23515				
			23506


---------------------------------
plain	jelly	coconut	honey-dip
23628				
			23622
			23623
	23591			
23629				
	23592			
			23624
		23731		
	23593			
23630				
		23732		
23631	

---------------------------------
plain	jelly	coconut	honey-dip
23770				
		23867		
			23767
23771				
		23868		
			23768
			23769
			23770
		23869		
23772				
	23708			
			23771


---------------------------------
plain	jelly	coconut	honey-dip
		24050		
			23936
	23883			
			23937
		24051		
23927				
	23884			
		24052		
	23885			
	23886			
23928				
			23938


---------------------------------
plain	jelly	coconut	honey-dip
	24029			
24053				
	24030			
			24069
	24031			
			24070
24054				
	24032			
	24033			
			24071
24055				
		24197	

---------------------------------
plain	jelly	coconut	honey-dip
			24228
			24229
	24199			
	24200			
	24201			
			24230
	24202			
24214				
24215				
			24231
		24355		
	24203	

---------------------------------
plain	jelly	coconut	honey-dip
24478				
	24447			
		24608		
	24448			
	24449			
			24435
24479				
		24609		
			24436
24480				
			24437
		24610	

---------------------------------
plain	jelly	coconut	honey-dip
	24655			
			24599
	24656			
			24600
	24657			
	24658			
		24798		
		24799		
24660				
24661				
			24601
	24659	

---------------------------------
plain	jelly	coconut	honey-dip
24816				
24817				
		24917		
24818				
24819				
		24918		
24820				
		24919		
			24750
	24805			
		24920		
			24751


---------------------------------
plain	jelly	coconut	honey-dip
	24951			
24968				
	24952			
	24953			
			24903
			24904
	24954			
	24955			
		25054		
		25055		
	24956			
			24905


---------------------------------
plain	jelly	coconut	honey-dip
25086				
25087				
	25093			
	25094			
			25039
		25186		
25088				
25089				
		25187		
		25188		
		25189		
25090	

---------------------------------
plain	jelly	coconut	honey-dip
			25179
			25180
		25345		
		25346		
		25347		
			25181
		25348		
		25349		
25238				
25239				
25240				
	25242	

---------------------------------
plain	jelly	coconut	honey-dip
	25384			
		25523		
			25330
	25385			
			25331
		25524		
			25332
	25386			
	25387			
			25333
		25525		
	25388	

---------------------------------
plain	jelly	coconut	honey-dip
25530				
	25524			
	25525			
		25678		
	25526			
			25484
			25485
		25679		
			25486
			25487
	25527			
		25680	

---------------------------------
plain	jelly	coconut	honey-dip
			25662
	25708			
25693				
	25709			
			25663
25694				
25695				
		25849		
	25710			
	25711			
	25712			
			25664


---------------------------------
plain	jelly	coconut	honey-dip
	25841			
		25995		
25837				
25838				
		25996		
25839				
			25815
			25816
	25842			
		25997		
		25998		
		25999	

