---------------------------------
plain	jelly	coconut	honey-dip
			1770
			1771
		1762		
1730				
1731				
			1772
			1773
		1763		
		1764		
		1765		
		1766		
	1782	

---------------------------------
plain	jelly	coconut	honey-dip
			2168
	2151			
2118				
	2152			
	2153			
			2169
		2143		
	2154			
2119				
	2155			
2120				
			2170


---------------------------------
plain	jelly	coconut	honey-dip
			2260
		2230		
2190				
		2231		
			2261
			2262
	2248			
	2249			
			2263
2191				
		2232		
	2250	

---------------------------------
plain	jelly	coconut	honey-dip
			2378
			2379
		2354		
			2380
2316				
			2381
	2360			
2317				
		2355		
		2356		
	2361			
		2357	

---------------------------------
plain	jelly	coconut	honey-dip
		2505		
			2526
2475				
			2527
2476				
		2506		
			2528
			2529
	2514			
		2507		
2477				
			2530


---------------------------------
plain	jelly	coconut	honey-dip
2585				
		2620		
2586				
	2635			
		2621		
	2636			
			2660
		2622		
2587				
			2661
		2623		
		2624	

---------------------------------
plain	jelly	coconut	honey-dip
			2781
2721				
			2782
2722				
2723				
			2783
2724				
	2753			
	2754			
	2755			
		2761		
	2756	

---------------------------------
plain	jelly	coconut	honey-dip
			2906
		2862		
2832				
	2860			
	2861			
	2862			
	2863			
			2907
			2908
			2909
			2910
	2864	

---------------------------------
plain	jelly	coconut	honey-dip
	2957			
	2958			
		2978		
2959				
			3022
			3023
	2959			
	2960			
		2979		
	2961			
2960				
	2962	

---------------------------------
plain	jelly	coconut	honey-dip
3085				
	3070			
			3140
			3141
	3071			
3086				
			3142
3087				
			3143
			3144
			3145
			3146


---------------------------------
plain	jelly	coconut	honey-dip
			3231
		3176		
			3232
			3233
		3177		
			3234
3182				
3183				
3184				
3185				
			3235
		3178	

---------------------------------
plain	jelly	coconut	honey-dip
3358				
		3345		
	3340			
		3346		
	3341			
			3421
			3422
	3342			
			3423
3359				
3360				
		3347	

---------------------------------
plain	jelly	coconut	honey-dip
			3539
3476				
3477				
		3482		
		3483		
	3435			
3478				
			3540
	3436			
	3437			
	3438			
		3484	

---------------------------------
plain	jelly	coconut	honey-dip
		3617		
		3618		
	3560			
3593				
		3619		
		3620		
	3561			
	3562			
			3666
	3563			
3594				
			3667


---------------------------------
plain	jelly	coconut	honey-dip
	3716			
	3717			
	3718			
	3719			
		3762		
3714				
		3763		
3715				
		3764		
		3765		
	3720			
			3820


---------------------------------
plain	jelly	coconut	honey-dip
	3891			
		3890		
3864				
			3979
3865				
		3891		
			3980
	3892			
3866				
			3981
	3893			
3867	

---------------------------------
plain	jelly	coconut	honey-dip
			4085
3979				
	4003			
	4004			
			4086
3980				
3981				
		4013		
	4005			
			4087
		4014		
			4088


---------------------------------
plain	jelly	coconut	honey-dip
			4184
4116				
	4130			
			4185
			4186
	4131			
	4132			
		4118		
4117				
4118				
	4133			
	4134	

---------------------------------
plain	jelly	coconut	honey-dip
		4243		
		4244		
			4328
4229				
		4245		
4230				
4231				
4232				
4233				
	4240			
			4329
	4241	

---------------------------------
plain	jelly	coconut	honey-dip
		4375		
			4441
4365				
		4376		
		4377		
	4375			
	4376			
			4442
			4443
		4378		
	4377			
	4378	

---------------------------------
plain	jelly	coconut	honey-dip
4492				
	4512			
	4513			
4493				
			4584
4494				
	4514			
			4585
		4496		
4495				
			4586
		4497	

---------------------------------
plain	jelly	coconut	honey-dip
	4614			
			4696
			4697
4608				
4609				
	4615			
			4698
	4616			
		4622		
	4617			
	4618			
		4623	

---------------------------------
plain	jelly	coconut	honey-dip
			4839
4787				
			4840
	4794			
		4768		
4788				
			4841
4789				
4790				
		4769		
	4795			
4791	

---------------------------------
plain	jelly	coconut	honey-dip
		4871		
		4872		
		4873		
4916				
	4924			
	4925			
4917				
4918				
	4926			
	4927			
4919				
4920	

---------------------------------
plain	jelly	coconut	honey-dip
			5093
	5053			
5024				
		5014		
5025				
			5094
	5054			
5026				
5027				
			5095
5028				
			5096


---------------------------------
plain	jelly	coconut	honey-dip
5265				
			5319
	5320			
		5276		
5266				
	5321			
5267				
			5320
5268				
		5277		
		5278		
			5321


---------------------------------
plain	jelly	coconut	honey-dip
		5439		
			5487
	5496			
	5497			
		5440		
	5498			
	5499			
5454				
		5441		
5455				
		5442		
5456	

---------------------------------
plain	jelly	coconut	honey-dip
5591				
	5629			
	5630			
			5616
		5580		
		5581		
			5617
5592				
	5631			
		5582		
	5632			
	5633	

---------------------------------
plain	jelly	coconut	honey-dip
		5763		
	5806			
			5770
	5807			
			5771
			5772
	5808			
		5764		
		5765		
5761				
			5773
	5809	

---------------------------------
plain	jelly	coconut	honey-dip
			5900
	5961			
5883				
	5962			
5884				
		5884		
			5901
		5885		
			5902
			5903
		5886		
		5887	

---------------------------------
plain	jelly	coconut	honey-dip
6026				
		6006		
	6101			
		6007		
6027				
			6059
		6008		
			6060
		6009		
		6010		
		6011		
	6102	

---------------------------------
plain	jelly	coconut	honey-dip
		6164		
		6165		
	6280			
6175				
6176				
			6221
		6166		
	6281			
		6167		
			6222
			6223
	6282	

---------------------------------
plain	jelly	coconut	honey-dip
		6324		
			6375
6314				
	6439			
			6376
	6440			
			6377
			6378
			6379
	6441			
	6442			
	6443	

---------------------------------
plain	jelly	coconut	honey-dip
			6487
6430				
6431				
		6447		
			6488
	6568			
6432				
			6489
6433				
			6490
			6491
	6569	

---------------------------------
plain	jelly	coconut	honey-dip
6614				
	6727			
	6728			
	6729			
	6730			
6615				
	6731			
	6732			
			6644
6616				
6617				
6618	

---------------------------------
plain	jelly	coconut	honey-dip
6758				
		6709		
6759				
	6835			
		6710		
		6711		
6760				
		6712		
6761				
		6713		
			6794
6762	

---------------------------------
plain	jelly	coconut	honey-dip
	6971			
	6972			
		6848		
6915				
		6849		
		6850		
6916				
6917				
			6950
	6973			
	6974			
6918	

---------------------------------
plain	jelly	coconut	honey-dip
		6975		
7039				
			7095
	7103			
			7096
7040				
	7104			
7041				
7042				
			7097
	7105			
7043	

---------------------------------
plain	jelly	coconut	honey-dip
	7219			
		7077		
		7078		
	7220			
	7221			
7143				
			7229
7144				
	7222			
		7079		
7145				
			7230


---------------------------------
plain	jelly	coconut	honey-dip
	7429			
		7301		
			7416
			7417
7326				
			7418
		7302		
			7419
			7420
			7421
			7422
	7430	

---------------------------------
plain	jelly	coconut	honey-dip
			7549
			7550
7455				
7456				
		7439		
7457				
		7440		
7458				
	7569			
			7551
			7552
	7570	

---------------------------------
plain	jelly	coconut	honey-dip
7630				
7631				
	7761			
		7624		
		7625		
7632				
	7762			
	7763			
			7753
	7764			
			7754
	7765	

---------------------------------
plain	jelly	coconut	honey-dip
			7935
			7936
			7937
	7928			
		7775		
7802				
			7938
	7929			
			7939
	7930			
	7931			
	7932	

---------------------------------
plain	jelly	coconut	honey-dip
		7881		
	8040			
7922				
7923				
	8041			
7924				
		7882		
		7883		
		7884		
7925				
			8053
	8042	

---------------------------------
plain	jelly	coconut	honey-dip
8081				
8082				
		8023		
		8024		
	8185			
	8186			
		8025		
		8026		
	8187			
	8188			
	8189			
			8219


---------------------------------
plain	jelly	coconut	honey-dip
	8350			
8228				
	8351			
		8175		
	8352			
			8367
			8368
		8176		
			8369
	8353			
		8177		
		8178	

---------------------------------
plain	jelly	coconut	honey-dip
		8320		
	8508			
8367				
	8509			
			8501
	8510			
			8502
			8503
8368				
	8511			
			8504
	8512	

---------------------------------
plain	jelly	coconut	honey-dip
			8622
			8623
8495				
		8433		
		8434		
		8435		
8496				
	8626			
	8627			
			8624
			8625
		8436	

---------------------------------
plain	jelly	coconut	honey-dip
			8758
8644				
			8759
8645				
			8760
		8588		
			8761
	8750			
			8762
		8589		
8646				
		8590	

---------------------------------
plain	jelly	coconut	honey-dip
			8956
			8957
8825				
			8958
	8967			
			8959
			8960
			8961
	8968			
		8796		
			8962
	8969	

---------------------------------
plain	jelly	coconut	honey-dip
	9108			
		8962		
			9124
	9109			
		8963		
	9110			
8986				
		8964		
	9111			
	9112			
	9113			
		8965	

---------------------------------
plain	jelly	coconut	honey-dip
9144				
		9121		
	9270			
	9271			
	9272			
9145				
			9293
9146				
		9122		
		9123		
		9124		
	9273	

---------------------------------
plain	jelly	coconut	honey-dip
9276				
		9250		
			9410
			9411
			9412
9277				
	9408			
			9413
		9251		
			9414
			9415
		9252	

---------------------------------
plain	jelly	coconut	honey-dip
9487				
	9613			
9488				
			9622
		9474		
9489				
9490				
	9614			
			9623
	9615			
			9624
		9475	

---------------------------------
plain	jelly	coconut	honey-dip
			9731
		9591		
	9736			
9618				
9619				
	9737			
	9738			
	9739			
9620				
			9732
		9592		
		9593	

---------------------------------
plain	jelly	coconut	honey-dip
9742				
			9865
9743				
9744				
	9874			
			9866
			9867
		9723		
		9724		
	9875			
9745				
			9868


---------------------------------
plain	jelly	coconut	honey-dip
		9856		
			9996
	10004			
	10005			
9864				
	10006			
		9857		
9865				
	10007			
	10008			
	10009			
	10010	

---------------------------------
plain	jelly	coconut	honey-dip
	10139			
	10140			
		9986		
			10116
		9987		
	10141			
		9988		
			10117
		9989		
9983				
		9990		
9984	

---------------------------------
plain	jelly	coconut	honey-dip
			10279
	10298			
	10299			
	10300			
		10143		
			10280
		10144		
10128				
		10145		
	10301			
			10281
	10302	

---------------------------------
plain	jelly	coconut	honey-dip
			10402
	10444			
10252				
			10403
10253				
			10404
10254				
10255				
	10445			
		10266		
			10405
			10406


---------------------------------
plain	jelly	coconut	honey-dip
	10561			
10351				
	10562			
			10520
			10521
			10522
		10376		
			10523
10352				
	10563			
			10524
10353	

---------------------------------
plain	jelly	coconut	honey-dip
			10633
10470				
10471				
10472				
	10683			
			10634
10473				
	10684			
10474				
10475				
			10635
			10636


---------------------------------
plain	jelly	coconut	honey-dip
			10764
		10583		
		10584		
10597				
			10765
10598				
		10585		
	10800			
	10801			
	10802			
			10766
	10803	

---------------------------------
plain	jelly	coconut	honey-dip
	10980			
			10943
10795				
	10981			
			10944
10796				
	10982			
			10945
10797				
			10946
	10983			
	10984	

---------------------------------
plain	jelly	coconut	honey-dip
10901				
10902				
	11083			
		10912		
			11048
			11049
	11084			
	11085			
		10913		
	11086			
			11050
		10914	

---------------------------------
plain	jelly	coconut	honey-dip
	11230			
		11045		
		11046		
	11231			
			11188
			11189
	11232			
		11047		
		11048		
		11049		
11021				
		11050	

---------------------------------
plain	jelly	coconut	honey-dip
11220				
11221				
11222				
	11450			
			11416
		11262		
	11451			
	11452			
	11453			
11223				
	11454			
11224	

---------------------------------
plain	jelly	coconut	honey-dip
11349				
	11569			
11350				
			11541
		11381		
	11570			
		11382		
	11571			
	11572			
		11383		
			11542
			11543


---------------------------------
plain	jelly	coconut	honey-dip
		11526		
		11527		
			11699
	11718			
			11700
		11528		
			11701
			11702
			11703
11485				
11486				
		11529	

---------------------------------
plain	jelly	coconut	honey-dip
		11679		
			11833
11659				
		11680		
			11834
			11835
		11681		
		11682		
			11836
11660				
			11837
		11683	

---------------------------------
plain	jelly	coconut	honey-dip
		11876		
	12025			
			12063
		11877		
11868				
		11878		
	12026			
			12064
			12065
			12066
	12027			
			12067


---------------------------------
plain	jelly	coconut	honey-dip
12013				
12014				
12015				
		12023		
	12162			
	12163			
	12164			
12016				
		12024		
			12198
		12025		
		12026	

---------------------------------
plain	jelly	coconut	honey-dip
12277				
		12264		
	12404			
12278				
			12447
		12265		
		12266		
		12267		
			12448
	12405			
12279				
12280	

---------------------------------
plain	jelly	coconut	honey-dip
			12615
			12616
	12523			
	12524			
12414				
12415				
		12404		
			12617
		12405		
12416				
		12406		
12417	

---------------------------------
plain	jelly	coconut	honey-dip
		12546		
	12638			
		12547		
12535				
			12741
		12548		
			12742
			12743
12536				
12537				
	12639			
12538	

---------------------------------
plain	jelly	coconut	honey-dip
		12683		
12698				
		12684		
			12856
12699				
	12763			
			12857
12700				
12701				
12702				
	12764			
	12765	

---------------------------------
plain	jelly	coconut	honey-dip
12842				
			12992
			12993
		12815		
		12816		
	12903			
			12994
	12904			
	12905			
			12995
12843				
12844	

---------------------------------
plain	jelly	coconut	honey-dip
		12923		
			13100
12968				
12969				
			13101
	12993			
12970				
			13102
		12924		
		12925		
	12994			
		12926	

---------------------------------
plain	jelly	coconut	honey-dip
		13078		
		13079		
13109				
		13080		
13110				
			13233
			13234
			13235
	13128			
13111				
			13236
13112	

---------------------------------
plain	jelly	coconut	honey-dip
			13363
13243				
		13199		
		13200		
		13201		
			13364
		13202		
13244				
13245				
13246				
13247				
13248	

---------------------------------
plain	jelly	coconut	honey-dip
		13343		
	13430			
			13515
13400				
13401				
13402				
	13431			
	13432			
13403				
			13516
	13433			
	13434	

---------------------------------
plain	jelly	coconut	honey-dip
			13697
		13508		
		13509		
			13698
			13699
	13607			
			13700
13596				
13597				
	13608			
13598				
	13609	

---------------------------------
plain	jelly	coconut	honey-dip
		13622		
	13734			
		13623		
			13812
13720				
			13813
			13814
	13735			
	13736			
	13737			
	13738			
13721	

---------------------------------
plain	jelly	coconut	honey-dip
	13867			
	13868			
	13869			
	13870			
		13757		
13841				
13842				
	13871			
13843				
		13758		
		13759		
		13760	

---------------------------------
plain	jelly	coconut	honey-dip
		13905		
13986				
			14122
		13906		
	14027			
13987				
			14123
			14124
13988				
		13907		
	14028			
		13908	

---------------------------------
plain	jelly	coconut	honey-dip
	14157			
	14158			
	14159			
		14062		
		14063		
14112				
14113				
		14064		
			14261
		14065		
	14160			
			14262


---------------------------------
plain	jelly	coconut	honey-dip
	14308			
	14309			
	14310			
			14424
	14311			
			14425
			14426
		14217		
			14427
14255				
		14218		
			14428


---------------------------------
plain	jelly	coconut	honey-dip
	14426			
	14427			
14378				
	14428			
14379				
	14429			
		14352		
14380				
			14552
	14430			
		14353		
			14553


---------------------------------
plain	jelly	coconut	honey-dip
14514				
		14491		
	14563			
			14680
			14681
			14682
	14564			
	14565			
14515				
			14683
		14492		
			14684


---------------------------------
plain	jelly	coconut	honey-dip
	14693			
14635				
	14694			
14636				
		14661		
		14662		
	14695			
			14823
		14663		
			14824
14637				
	14696	

---------------------------------
plain	jelly	coconut	honey-dip
			14967
			14968
			14969
		14783		
	14836			
	14837			
		14784		
			14970
14766				
14767				
			14971
		14785	

---------------------------------
plain	jelly	coconut	honey-dip
	14956			
14904				
	14957			
	14958			
14905				
	14959			
	14960			
14906				
			15089
			15090
14907				
	14961	

---------------------------------
plain	jelly	coconut	honey-dip
		15026		
	15064			
15016				
	15065			
		15027		
			15194
		15028		
	15066			
15017				
		15029		
	15067			
15018	

---------------------------------
plain	jelly	coconut	honey-dip
	15244			
			15375
		15245		
15216				
15217				
	15245			
			15376
	15246			
	15247			
	15248			
		15246		
	15249	

---------------------------------
plain	jelly	coconut	honey-dip
15345				
			15500
		15362		
		15363		
	15389			
		15364		
	15390			
			15501
			15502
	15391			
			15503
		15365	

---------------------------------
plain	jelly	coconut	honey-dip
		15660		
	15657			
		15661		
			15775
15608				
15609				
			15776
	15658			
	15659			
15610				
15611				
	15660	

---------------------------------
plain	jelly	coconut	honey-dip
15742				
	15785			
	15786			
15743				
		15788		
	15787			
		15789		
			15913
15744				
		15790		
		15791		
			15914


---------------------------------
plain	jelly	coconut	honey-dip
	15940			
		15944		
			16046
			16047
	15941			
		15945		
	15942			
	15943			
			16048
	15944			
15898				
	15945	

---------------------------------
plain	jelly	coconut	honey-dip
		16064		
	16074			
		16065		
	16075			
			16172
16034				
		16066		
		16067		
		16068		
16035				
16036				
16037	

---------------------------------
plain	jelly	coconut	honey-dip
		16212		
	16213			
			16297
	16214			
	16215			
	16216			
	16217			
16174				
16175				
		16213		
		16214		
		16215	

---------------------------------
plain	jelly	coconut	honey-dip
	16455			
16396				
		16443		
		16444		
			16538
		16445		
	16456			
	16457			
			16539
			16540
		16446		
	16458	

---------------------------------
plain	jelly	coconut	honey-dip
	16612			
		16598		
			16662
			16663
	16613			
			16664
	16614			
	16615			
16536				
	16616			
16537				
	16617	

---------------------------------
plain	jelly	coconut	honey-dip
		16706		
16649				
			16796
16650				
		16707		
16651				
		16708		
		16709		
			16797
16652				
16653				
			16798


---------------------------------
plain	jelly	coconut	honey-dip
			16935
		16839		
			16936
	16870			
		16840		
16832				
		16841		
16833				
16834				
16835				
			16937
16836	

---------------------------------
plain	jelly	coconut	honey-dip
		16998		
	17005			
16980				
		16999		
			17069
	17006			
	17007			
	17008			
16981				
			17070
			17071
16982	

---------------------------------
plain	jelly	coconut	honey-dip
17080				
		17138		
			17198
	17116			
		17139		
	17117			
	17118			
	17119			
			17199
			17200
17081				
			17201


---------------------------------
plain	jelly	coconut	honey-dip
			17312
			17313
17213				
17214				
17215				
17216				
			17314
	17242			
			17315
		17281		
17217				
			17316


---------------------------------
plain	jelly	coconut	honey-dip
17346				
17347				
		17415		
			17437
		17416		
			17438
		17417		
			17439
17348				
	17366			
	17367			
	17368	

---------------------------------
plain	jelly	coconut	honey-dip
		17551		
17481				
	17507			
			17565
			17566
		17552		
		17553		
	17508			
			17567
17482				
	17509			
		17554	

---------------------------------
plain	jelly	coconut	honey-dip
	17704			
			17768
	17705			
		17741		
17683				
			17769
		17742		
	17706			
17684				
			17770
			17771
		17743	

---------------------------------
plain	jelly	coconut	honey-dip
17869				
			17924
17870				
		17952		
		17953		
	17883			
	17884			
17871				
17872				
			17925
		17954		
			17926


---------------------------------
plain	jelly	coconut	honey-dip
		18047		
		18048		
			18044
		18049		
	18006			
17987				
17988				
17989				
			18045
17990				
			18046
			18047


---------------------------------
plain	jelly	coconut	honey-dip
18127				
			18177
		18188		
18128				
	18144			
		18189		
	18145			
	18146			
			18178
			18179
18129				
18130	

---------------------------------
plain	jelly	coconut	honey-dip
18268				
		18317		
		18318		
18269				
			18297
18270				
		18319		
	18294			
		18320		
	18295			
			18298
	18296	

---------------------------------
plain	jelly	coconut	honey-dip
	18442			
		18479		
			18455
		18480		
	18443			
	18444			
18424				
18425				
			18456
		18481		
			18457
			18458


---------------------------------
plain	jelly	coconut	honey-dip
18606				
	18607			
			18611
		18672		
		18673		
18607				
			18612
			18613
	18608			
			18614
			18615
			18616


---------------------------------
plain	jelly	coconut	honey-dip
			18762
			18763
	18746			
		18799		
	18747			
	18748			
18741				
18742				
18743				
		18800		
		18801		
			18764


---------------------------------
plain	jelly	coconut	honey-dip
	18898			
18898				
18899				
	18899			
		18933		
18900				
		18934		
			18895
	18900			
18901				
18902				
18903	

---------------------------------
plain	jelly	coconut	honey-dip
		19204		
	19161			
19175				
			19176
19176				
	19162			
		19205		
19177				
	19163			
		19206		
	19164			
	19165	

---------------------------------
plain	jelly	coconut	honey-dip
	19314			
			19362
			19363
		19399		
		19400		
	19315			
			19364
19361				
		19401		
		19402		
			19365
		19403	

---------------------------------
plain	jelly	coconut	honey-dip
19530				
		19537		
			19535
			19536
19531				
		19538		
		19539		
			19537
		19540		
		19541		
19532				
	19458	

---------------------------------
plain	jelly	coconut	honey-dip
			19694
19692				
			19695
		19694		
19693				
			19696
19694				
			19697
19695				
			19698
	19628			
			19699


---------------------------------
plain	jelly	coconut	honey-dip
	19736			
	19737			
19809				
19810				
			19812
			19813
	19738			
19811				
	19739			
			19814
	19740			
			19815


---------------------------------
plain	jelly	coconut	honey-dip
	19830			
19904				
	19831			
			19906
		19932		
			19907
			19908
	19832			
19905				
19906				
19907				
			19909


---------------------------------
plain	jelly	coconut	honey-dip
	19962			
	19963			
		20055		
20021				
20022				
20023				
	19964			
			20050
			20051
20024				
	19965			
20025	

---------------------------------
plain	jelly	coconut	honey-dip
	20092			
			20188
		20177		
	20093			
		20178		
			20189
	20094			
	20095			
			20190
		20179		
			20191
			20192


---------------------------------
plain	jelly	coconut	honey-dip
			20314
	20230			
	20231			
		20309		
	20232			
20279				
		20310		
		20311		
			20315
20280				
	20233			
			20316


---------------------------------
plain	jelly	coconut	honey-dip
			20432
			20433
		20444		
		20445		
20406				
		20446		
20407				
			20434
	20342			
	20343			
			20435
		20447	

---------------------------------
plain	jelly	coconut	honey-dip
		20604		
		20605		
			20592
			20593
20535				
20536				
	20493			
	20494			
20537				
			20594
	20495			
20538	

---------------------------------
plain	jelly	coconut	honey-dip
20669				
	20618			
		20740		
			20713
			20714
	20619			
			20715
20670				
		20741		
	20620			
		20742		
			20716


---------------------------------
plain	jelly	coconut	honey-dip
			20850
	20739			
			20851
		20887		
	20740			
		20888		
			20852
			20853
		20889		
	20741			
		20890		
	20742	

---------------------------------
plain	jelly	coconut	honey-dip
			21003
	20868			
20985				
20986				
		21024		
	20869			
20987				
20988				
		21025		
20989				
			21004
	20870	

---------------------------------
plain	jelly	coconut	honey-dip
			21174
			21175
21152				
21153				
	21053			
			21176
	21054			
21154				
21155				
			21177
		21197		
21156	

---------------------------------
plain	jelly	coconut	honey-dip
		21328		
		21329		
	21173			
	21174			
	21175			
			21308
			21309
21283				
			21310
			21311
			21312
21284	

---------------------------------
plain	jelly	coconut	honey-dip
21411				
21412				
	21300			
		21442		
			21431
		21443		
	21301			
		21444		
		21445		
		21446		
	21302			
			21432


---------------------------------
plain	jelly	coconut	honey-dip
21634				
21635				
	21496			
21636				
21637				
			21635
			21636
		21659		
21638				
	21497			
			21637
		21660	

---------------------------------
plain	jelly	coconut	honey-dip
21777				
	21631			
		21795		
			21773
	21632			
21778				
		21796		
	21633			
			21774
		21797		
	21634			
	21635	

---------------------------------
plain	jelly	coconut	honey-dip
			21893
		21923		
21891				
	21761			
	21762			
			21894
		21924		
21892				
		21925		
		21926		
21893				
			21895


---------------------------------
plain	jelly	coconut	honey-dip
		22084		
		22085		
22062				
			22044
			22045
		22086		
	21926			
22063				
		22087		
	21927			
		22088		
			22046


---------------------------------
plain	jelly	coconut	honey-dip
		22248		
	22095			
	22096			
			22194
		22249		
		22250		
22203				
		22251		
		22252		
		22253		
22204				
		22254	

---------------------------------
plain	jelly	coconut	honey-dip
			22468
	22377			
			22469
22476				
	22378			
			22470
22477				
	22379			
			22471
		22547		
	22380			
22478	

---------------------------------
plain	jelly	coconut	honey-dip
			22638
			22639
	22575			
	22576			
			22640
	22577			
22656				
			22641
22657				
	22578			
22658				
		22719	

---------------------------------
plain	jelly	coconut	honey-dip
	22714			
	22715			
	22716			
22771				
22772				
22773				
		22827		
	22717			
	22718			
22774				
			22768
		22828	

---------------------------------
plain	jelly	coconut	honey-dip
22894				
	22844			
			22919
		22939		
		22940		
	22845			
			22920
	22846			
			22921
		22941		
22895				
		22942	

---------------------------------
plain	jelly	coconut	honey-dip
23056				
23057				
			23052
23058				
23059				
		23114		
			23053
		23115		
	22986			
	22987			
	22988			
23060	

---------------------------------
plain	jelly	coconut	honey-dip
23187				
		23245		
23188				
		23246		
	23119			
23189				
			23173
			23174
		23247		
	23120			
23190				
			23175


---------------------------------
plain	jelly	coconut	honey-dip
			23319
			23320
		23377		
	23270			
	23271			
23310				
			23321
23311				
23312				
			23322
23313				
		23378	

---------------------------------
plain	jelly	coconut	honey-dip
		23526		
		23527		
			23441
			23442
	23399			
	23400			
23438				
	23401			
23439				
23440				
23441				
	23402	

---------------------------------
plain	jelly	coconut	honey-dip
		23655		
		23656		
		23657		
		23658		
	23525			
		23659		
			23562
		23660		
			23563
		23661		
		23662		
23566	

---------------------------------
plain	jelly	coconut	honey-dip
			23734
23742				
	23683			
	23684			
			23735
	23685			
			23736
23743				
		23833		
		23834		
			23737
		23835	

---------------------------------
plain	jelly	coconut	honey-dip
	23834			
	23835			
		24001		
23874				
		24002		
23875				
	23836			
		24003		
	23837			
	23838			
		24004		
23876	

---------------------------------
plain	jelly	coconut	honey-dip
			24079
	24042			
24065				
24066				
	24043			
24067				
		24210		
			24080
			24081
24068				
		24211		
			24082


---------------------------------
plain	jelly	coconut	honey-dip
		24342		
		24343		
24201				
			24216
			24217
		24344		
			24218
	24189			
		24345		
	24190			
		24346		
24202	

---------------------------------
plain	jelly	coconut	honey-dip
24366				
24367				
			24334
	24356			
	24357			
	24358			
24368				
24369				
	24359			
			24335
24370				
	24360	

---------------------------------
plain	jelly	coconut	honey-dip
		24595		
24468				
			24423
		24596		
			24424
		24597		
		24598		
24469				
	24434			
		24599		
		24600		
		24601	

---------------------------------
plain	jelly	coconut	honey-dip
			24562
	24621			
			24563
	24622			
			24564
		24762		
24623				
		24763		
24624				
	24623			
		24764		
		24765	

---------------------------------
plain	jelly	coconut	honey-dip
			24729
		24905		
			24730
			24731
			24732
	24780			
		24906		
	24781			
	24782			
			24733
24790				
24791	

---------------------------------
plain	jelly	coconut	honey-dip
24922				
			24846
	24892			
		25000		
		25001		
		25002		
		25003		
	24893			
	24894			
24923				
			24847
		25004	

---------------------------------
plain	jelly	coconut	honey-dip
	25076			
			25020
		25168		
	25077			
			25021
			25022
		25169		
	25078			
		25170		
	25079			
	25080			
	25081	

---------------------------------
plain	jelly	coconut	honey-dip
	25199			
		25302		
	25200			
25205				
		25303		
			25142
			25143
		25304		
			25144
			25145
25206				
25207	

---------------------------------
plain	jelly	coconut	honey-dip
25334				
	25330			
			25264
	25331			
25335				
			25265
			25266
25336				
			25267
25337				
		25448		
		25449	

---------------------------------
plain	jelly	coconut	honey-dip
	25452			
		25596		
25447				
		25597		
		25598		
	25453			
			25397
25448				
			25398
	25454			
			25399
			25400


---------------------------------
plain	jelly	coconut	honey-dip
		25752		
		25753		
		25754		
			25559
		25755		
	25606			
	25607			
	25608			
25599				
			25560
		25756		
		25757	

---------------------------------
plain	jelly	coconut	honey-dip
		25984		
		25985		
25818				
25819				
		25986		
		25987		
25820				
	25832			
		25988		
	25833			
		25989		
	25834	

---------------------------------
plain	jelly	coconut	honey-dip
25967				
		26140		
25968				
			25982
	25975			
	25976			
			25983
25969				
	25977			
25970				
	25978			
25971	

---------------------------------
plain	jelly	coconut	honey-dip
		26272		
		26273		
		26274		
			26062
26077				
26078				
			26063
			26064
	26085			
	26086			
26079				
26080	

---------------------------------
plain	jelly	coconut	honey-dip
	26187			
26194				
		26392		
	26188			
		26393		
	26189			
		26394		
			26191
			26192
	26190			
	26191			
26195	

---------------------------------
plain	jelly	coconut	honey-dip
			26316
			26317
		26525		
26323				
	26340			
			26318
	26341			
26324				
			26319
			26320
		26526		
	26342	

---------------------------------
plain	jelly	coconut	honey-dip
			26463
	26475			
		26686		
	26476			
		26687		
			26464
	26477			
	26478			
26444				
		26688		
		26689		
		26690	

---------------------------------
plain	jelly	coconut	honey-dip
	26541			
		26760		
			26522
		26761		
26533				
	26542			
		26762		
			26523
	26543			
			26524
		26763		
26534	

---------------------------------
plain	jelly	coconut	honey-dip
26746				
	26730			
		26943		
26747				
26748				
	26731			
	26732			
			26717
		26944		
	26733			
		26945		
			26718


---------------------------------
plain	jelly	coconut	honey-dip
	26851			
		27054		
		27055		
26845				
26846				
	26852			
26847				
	26853			
			26830
26848				
	26854			
			26831


---------------------------------
plain	jelly	coconut	honey-dip
		27182		
		27183		
			26942
		27184		
		27185		
26959				
26960				
		27186		
		27187		
	26965			
			26943
			26944


---------------------------------
plain	jelly	coconut	honey-dip
			27062
			27063
			27064
27089				
27090				
27091				
27092				
		27314		
		27315		
27093				
			27065
			27066


---------------------------------
plain	jelly	coconut	honey-dip
27183				
			27139
		27381		
		27382		
			27140
			27141
	27125			
		27383		
	27126			
27184				
			27142
		27384	

---------------------------------
plain	jelly	coconut	honey-dip
27310				
27311				
	27239			
27312				
		27492		
			27255
		27493		
		27494		
			27256
27313				
27314				
		27495	

---------------------------------
plain	jelly	coconut	honey-dip
		27605		
			27360
			27361
		27606		
	27332			
	27333			
	27334			
27431				
	27335			
		27607		
		27608		
27432	

---------------------------------
plain	jelly	coconut	honey-dip
			27463
		27718		
	27448			
27567				
		27719		
27568				
			27464
	27449			
	27450			
	27451			
27569				
27570	

---------------------------------
plain	jelly	coconut	honey-dip
27688				
27689				
27690				
27691				
			27582
			27583
	27572			
27692				
			27584
	27573			
27693				
	27574	

---------------------------------
plain	jelly	coconut	honey-dip
		27901		
			27676
		27902		
	27683			
		27903		
		27904		
27800				
27801				
	27684			
		27905		
			27677
			27678


---------------------------------
plain	jelly	coconut	honey-dip
27898				
	27806			
		28012		
			27788
		28013		
27899				
	27807			
27900				
	27808			
			27789
27901				
		28014	

---------------------------------
plain	jelly	coconut	honey-dip
28006				
	27900			
	27901			
		28115		
			27891
		28116		
			27892
		28117		
	27902			
28007				
28008				
28009	

---------------------------------
plain	jelly	coconut	honey-dip
			28000
	28029			
		28210		
	28030			
			28001
			28002
	28031			
	28032			
28093				
			28003
	28033			
			28004


---------------------------------
plain	jelly	coconut	honey-dip
28378				
	28258			
28379				
		28439		
28380				
28381				
28382				
28383				
			28241
		28440		
28384				
28385	

---------------------------------
plain	jelly	coconut	honey-dip
			28311
		28524		
			28312
			28313
	28338			
	28339			
	28340			
			28314
	28341			
	28342			
	28343			
			28315


---------------------------------
plain	jelly	coconut	honey-dip
			28401
	28424			
	28425			
28565				
	28426			
			28402
28566				
		28622		
	28427			
			28403
		28623		
28567	

---------------------------------
plain	jelly	coconut	honey-dip
	28587			
28745				
	28588			
	28589			
		28802		
	28590			
		28803		
		28804		
			28574
		28805		
	28591			
28746	

---------------------------------
plain	jelly	coconut	honey-dip
28831				
		28886		
			28652
28832				
			28653
	28663			
28833				
28834				
		28887		
			28654
		28888		
	28664	

---------------------------------
plain	jelly	coconut	honey-dip
			28716
28891				
		28951		
			28717
		28952		
			28718
	28726			
28892				
	28727			
		28953		
		28954		
	28728	

---------------------------------
plain	jelly	coconut	honey-dip
		29074		
28985				
			28827
28986				
	28830			
	28831			
	28832			
		29075		
28987				
			28828
	28833			
	28834	

---------------------------------
plain	jelly	coconut	honey-dip
		29155		
		29156		
	28926			
	28927			
29090				
		29157		
	28928			
	28929			
			28953
		29158		
29091				
			28954


---------------------------------
plain	jelly	coconut	honey-dip
			29036
	28998			
			29037
29171				
			29038
		29231		
29172				
	28999			
			29039
	29000			
			29040
		29232	

---------------------------------
plain	jelly	coconut	honey-dip
			29141
			29142
		29319		
	29095			
			29143
			29144
29253				
29254				
	29096			
		29320		
	29097			
	29098	

---------------------------------
plain	jelly	coconut	honey-dip
	29149			
			29214
29337				
		29396		
29338				
	29150			
		29397		
	29151			
			29215
	29152			
		29398		
			29216


---------------------------------
plain	jelly	coconut	honey-dip
29443				
29444				
			29312
	29236			
	29237			
	29238			
		29477		
29445				
	29239			
	29240			
	29241			
29446	

---------------------------------
plain	jelly	coconut	honey-dip
			29386
29533				
		29553		
29534				
29535				
			29387
29536				
		29554		
	29308			
			29388
	29309			
		29555	

---------------------------------
plain	jelly	coconut	honey-dip
			29437
		29596		
			29438
		29597		
29580				
			29439
29581				
29582				
			29440
	29347			
		29598		
29583	

---------------------------------
plain	jelly	coconut	honey-dip
29618				
			29475
	29376			
		29635		
	29377			
		29636		
		29637		
29619				
	29378			
29620				
29621				
29622	

---------------------------------
plain	jelly	coconut	honey-dip
29708				
	29469			
	29470			
29709				
29710				
	29471			
		29738		
29711				
			29561
29712				
29713				
	29472	

---------------------------------
plain	jelly	coconut	honey-dip
	29529			
		29785		
29751				
	29530			
	29531			
29752				
		29786		
		29787		
29753				
	29532			
			29615
29754	

